,img_height,img_width,face_num,x1,x2,y1,y2,area,pct_of_frame,embedding,confidence,frame_num,video_src0,1080,1920,0,145,207,536,145,24242,0.012,"[[[0.10196079 0.10196079 0.11764706]  [0.09803922 0.09803922 0.11372549]  [0.09411765 0.09411765 0.10980392]  ...  [0.14901961 0.08235294 0.07450981]  [0.13333334 0.06666667 0.05490196]  [0.11764706 0.05098039 0.03921569]] [[0.09803922 0.09803922 0.10980392]  [0.09411765 0.09411765 0.10980392]  [0.09019608 0.09019608 0.10196079]  ...  [0.13725491 0.07058824 0.0627451 ]  [0.12941177 0.0627451  0.05098039]  [0.11764706 0.05098039 0.03921569]] [[0.09019608 0.09019608 0.10588235]  [0.09019608 0.09019608 0.09803922]  [0.08235294 0.08235294 0.09411765]  ...  [0.1254902  0.05882353 0.05098039]  [0.12156863 0.05490196 0.04705882]  [0.12156863 0.05490196 0.04313726]] ... [[0.00784314 0.         0.00392157]  [0.00784314 0.         0.00392157]  [0.00784314 0.         0.00392157]  ...  [0.11372549 0.04705882 0.05098039]  [0.10980392 0.05098039 0.05098039]  [0.10980392 0.05490196 0.05490196]] [[0.00784314 0.         0.00392157]  [0.00784314 0.         0.00392157]  [0.00784314 0.         0.00392157]  ...  [0.10980392 0.04313726 0.04705882]  [0.10980392 0.04705882 0.05098039]  [0.10588235 0.05098039 0.05098039]] [[0.00784314 0.         0.00392157]  [0.00784314 0.         0.00392157]  [0.00784314 0.         0.00392157]  ...  [0.10588235 0.04313726 0.04705882]  [0.10588235 0.04705882 0.04705882]  [0.10588235 0.05098039 0.05098039]]]",2.4628050614264794,648,/home/amos/media/tv/The X-Files S01-S11 BluRay 10Bit 1080p Dts-HDMa5 1 HEVC-d3g/The X-Files S08 br 10bit dts hevc-d3g/The.X-Files.S08E07.Via.Negativa.1080p.BluRay.10Bit.Dts-HDMa5.1.HEVC-d3g.mkv1,1080,1920,0,519,154,620,519,36865,0.018,"[[[0.20784314 0.14901961 0.13725491]  [0.22352941 0.16470589 0.15294118]  [0.21568628 0.15686275 0.14901961]  ...  [0.         0.         0.        ]  [0.         0.         0.        ]  [0.         0.         0.        ]] [[0.19607843 0.13725491 0.1254902 ]  [0.20392157 0.14509805 0.13333334]  [0.21568628 0.15686275 0.14901961]  ...  [0.         0.         0.        ]  [0.         0.         0.        ]  [0.         0.         0.        ]] [[0.1882353  0.12941177 0.11764706]  [0.19215687 0.13725491 0.1254902 ]  [0.2        0.13725491 0.12941177]  ...  [0.         0.         0.        ]  [0.         0.         0.        ]  [0.         0.         0.        ]] ... [[0.         0.         0.        ]  [0.         0.         0.        ]  [0.         0.         0.        ]  ...  [0.         0.         0.        ]  [0.         0.         0.        ]  [0.         0.         0.        ]] [[0.         0.         0.        ]  [0.         0.         0.        ]  [0.         0.         0.        ]  ...  [0.         0.         0.        ]  [0.         0.         0.        ]  [0.         0.         0.        ]] [[0.         0.         0.        ]  [0.         0.         0.        ]  [0.         0.         0.        ]  ...  [0.         0.         0.        ]  [0.         0.         0.        ]  [0.         0.         0.        ]]]",2.2556232199422084,816,/home/amos/media/tv/The X-Files S01-S11 BluRay 10Bit 1080p Dts-HDMa5 1 HEVC-d3g/The X-Files S08 br 10bit dts hevc-d3g/The.X-Files.S08E07.Via.Negativa.1080p.BluRay.10Bit.Dts-HDMa5.1.HEVC-d3g.mkv2,1080,1920,0,536,154,609,536,27886,0.013,"[[[0.1254902  0.07843138 0.05882353]  [0.14117648 0.09019608 0.0627451 ]  [0.13333334 0.08627451 0.05098039]  ...  [0.         0.         0.        ]  [0.         0.         0.        ]  [0.         0.         0.        ]] [[0.11764706 0.07058824 0.05490196]  [0.11372549 0.0627451  0.04313726]  [0.14117648 0.08627451 0.0627451 ]  ...  [0.         0.         0.        ]  [0.         0.         0.        ]  [0.         0.         0.        ]] [[0.1254902  0.08235294 0.07058824]  [0.11372549 0.0627451  0.04705882]  [0.14509805 0.08627451 0.07058824]  ...  [0.         0.         0.        ]  [0.         0.         0.        ]  [0.         0.         0.        ]] ... [[0.         0.         0.        ]  [0.         0.         0.        ]  [0.         0.         0.        ]  ...  [0.         0.         0.        ]  [0.         0.         0.        ]  [0.         0.         0.        ]] [[0.         0.         0.        ]  [0.         0.         0.        ]  [0.         0.         0.        ]  ...  [0.         0.         0.        ]  [0.         0.         0.        ]  [0.         0.         0.        ]] [[0.         0.         0.        ]  [0.         0.         0.        ]  [0.         0.         0.        ]  ...  [0.         0.         0.        ]  [0.         0.         0.        ]  [0.         0.         0.        ]]]",2.4194260703516193,840,/home/amos/media/tv/The X-Files S01-S11 BluRay 10Bit 1080p Dts-HDMa5 1 HEVC-d3g/The X-Files S08 br 10bit dts hevc-d3g/The.X-Files.S08E07.Via.Negativa.1080p.BluRay.10Bit.Dts-HDMa5.1.HEVC-d3g.mkv3,1080,1920,0,495,170,618,495,39975,0.019,"[[[0.18039216 0.12941177 0.11764706]  [0.2        0.14901961 0.13725491]  [0.26666668 0.20784314 0.2       ]  ...  [0.         0.         0.        ]  [0.         0.         0.        ]  [0.         0.         0.        ]] [[0.18039216 0.12941177 0.11764706]  [0.20784314 0.15686275 0.14901961]  [0.2784314  0.21960784 0.21176471]  ...  [0.         0.         0.        ]  [0.         0.         0.        ]  [0.         0.         0.        ]] [[0.2        0.14901961 0.13725491]  [0.24313726 0.1882353  0.18039216]  [0.27450982 0.22352941 0.21176471]  ...  [0.         0.         0.        ]  [0.         0.         0.        ]  [0.         0.         0.        ]] ... [[0.         0.         0.        ]  [0.         0.         0.        ]  [0.         0.         0.        ]  ...  [0.         0.         0.        ]  [0.         0.         0.        ]  [0.         0.         0.        ]] [[0.         0.         0.        ]  [0.         0.         0.        ]  [0.         0.         0.        ]  ...  [0.         0.         0.        ]  [0.         0.         0.        ]  [0.         0.         0.        ]] [[0.         0.         0.        ]  [0.         0.         0.        ]  [0.         0.         0.        ]  ...  [0.         0.         0.        ]  [0.         0.         0.        ]  [0.         0.         0.        ]]]",3.52786019485211,912,/home/amos/media/tv/The X-Files S01-S11 BluRay 10Bit 1080p Dts-HDMa5 1 HEVC-d3g/The X-Files S08 br 10bit dts hevc-d3g/The.X-Files.S08E07.Via.Negativa.1080p.BluRay.10Bit.Dts-HDMa5.1.HEVC-d3g.mkv4,1080,1920,0,523,143,621,523,37240,0.018,"[[[0.09019608 0.05098039 0.03921569]  [0.09411765 0.05490196 0.03921569]  [0.14117648 0.09803922 0.07843138]  ...  [0.         0.         0.        ]  [0.         0.         0.        ]  [0.         0.         0.        ]] [[0.12156863 0.08235294 0.07450981]  [0.09019608 0.05098039 0.03529412]  [0.1254902  0.08627451 0.06666667]  ...  [0.         0.         0.        ]  [0.         0.         0.        ]  [0.         0.         0.        ]] [[0.10196079 0.0627451  0.05098039]  [0.07450981 0.03529412 0.01960784]  [0.13725491 0.09803922 0.08235294]  ...  [0.         0.         0.        ]  [0.         0.         0.        ]  [0.         0.         0.        ]] ... [[0.         0.         0.        ]  [0.         0.         0.        ]  [0.         0.         0.        ]  ...  [0.         0.         0.        ]  [0.         0.         0.        ]  [0.         0.         0.        ]] [[0.         0.         0.        ]  [0.         0.         0.        ]  [0.         0.         0.        ]  ...  [0.         0.         0.        ]  [0.         0.         0.        ]  [0.         0.         0.        ]] [[0.         0.         0.        ]  [0.         0.         0.        ]  [0.         0.         0.        ]  ...  [0.         0.         0.        ]  [0.         0.         0.        ]  [0.         0.         0.        ]]]",4.587779135967139,960,/home/amos/media/tv/The X-Files S01-S11 BluRay 10Bit 1080p Dts-HDMa5 1 HEVC-d3g/The X-Files S08 br 10bit dts hevc-d3g/The.X-Files.S08E07.Via.Negativa.1080p.BluRay.10Bit.Dts-HDMa5.1.HEVC-d3g.mkv5,1080,1920,0,462,148,632,462,53380,0.026,"[[[0.14509805 0.11764706 0.10588235]  [0.16862746 0.14117648 0.12941177]  [0.19607843 0.16862746 0.15294118]  ...  [0.         0.         0.        ]  [0.         0.         0.        ]  [0.         0.         0.        ]] [[0.14509805 0.11372549 0.09803922]  [0.14901961 0.11764706 0.10196079]  [0.16470589 0.12941177 0.11764706]  ...  [0.         0.         0.        ]  [0.         0.         0.        ]  [0.         0.         0.        ]] [[0.13725491 0.11764706 0.08627451]  [0.1254902  0.10980392 0.08235294]  [0.16078432 0.14117648 0.1254902 ]  ...  [0.         0.         0.        ]  [0.         0.         0.        ]  [0.         0.         0.        ]] ... [[0.         0.         0.        ]  [0.         0.         0.        ]  [0.         0.         0.        ]  ...  [0.         0.         0.        ]  [0.         0.         0.        ]  [0.         0.         0.        ]] [[0.         0.         0.        ]  [0.         0.         0.        ]  [0.         0.         0.        ]  ...  [0.         0.         0.        ]  [0.         0.         0.        ]  [0.         0.         0.        ]] [[0.         0.         0.        ]  [0.         0.         0.        ]  [0.         0.         0.        ]  ...  [0.         0.         0.        ]  [0.         0.         0.        ]  [0.         0.         0.        ]]]",3.5651781331398524,984,/home/amos/media/tv/The X-Files S01-S11 BluRay 10Bit 1080p Dts-HDMa5 1 HEVC-d3g/The X-Files S08 br 10bit dts hevc-d3g/The.X-Files.S08E07.Via.Negativa.1080p.BluRay.10Bit.Dts-HDMa5.1.HEVC-d3g.mkv6,1080,1920,0,234,822,668,234,255192,0.123,"[[[0.08235294 0.07450981 0.07450981]  [0.08235294 0.07450981 0.07450981]  [0.08235294 0.07450981 0.07843138]  ...  [0.12941177 0.12156863 0.11764706]  [0.11764706 0.10980392 0.10980392]  [0.09019608 0.08235294 0.08235294]] [[0.08235294 0.07450981 0.07450981]  [0.07843138 0.07058824 0.07058824]  [0.07450981 0.06666667 0.07058824]  ...  [0.06666667 0.05098039 0.05098039]  [0.05882353 0.04313726 0.04705882]  [0.05098039 0.03137255 0.03921569]] [[0.07843138 0.07058824 0.07058824]  [0.07843138 0.07058824 0.07058824]  [0.07450981 0.06666667 0.07058824]  ...  [0.05490196 0.03137255 0.03529412]  [0.03921569 0.01568628 0.02352941]  [0.03137255 0.00784314 0.01568628]] ... [[0.00784314 0.         0.01176471]  [0.00784314 0.         0.01176471]  [0.00784314 0.         0.01176471]  ...  [0.00784314 0.         0.01176471]  [0.01176471 0.         0.01568628]  [0.00784314 0.         0.01176471]] [[0.00784314 0.         0.01176471]  [0.00784314 0.         0.01176471]  [0.00784314 0.         0.01176471]  ...  [0.00784314 0.         0.01176471]  [0.01176471 0.         0.01568628]  [0.00784314 0.         0.01176471]] [[0.00784314 0.         0.01176471]  [0.00784314 0.         0.01176471]  [0.00784314 0.         0.01176471]  ...  [0.00784314 0.         0.01176471]  [0.01176471 0.         0.01568628]  [0.00784314 0.         0.01176471]]]",2.8611080072587356,1344,/home/amos/media/tv/The X-Files S01-S11 BluRay 10Bit 1080p Dts-HDMa5 1 HEVC-d3g/The X-Files S08 br 10bit dts hevc-d3g/The.X-Files.S08E07.Via.Negativa.1080p.BluRay.10Bit.Dts-HDMa5.1.HEVC-d3g.mkv7,1080,1920,0,288,165,1067,288,95817,0.046,"[[[0.5568628  0.5921569  0.6784314 ]  [0.54509807 0.5803922  0.67058825]  [0.5411765  0.5764706  0.6627451 ]  ...  [0.5411765  0.5568628  0.6627451 ]  [0.53333336 0.54901963 0.67058825]  [0.53333336 0.54901963 0.67058825]] [[0.54901963 0.58431375 0.6745098 ]  [0.5529412  0.5882353  0.6784314 ]  [0.5686275  0.6039216  0.69411767]  ...  [0.54901963 0.5647059  0.67058825]  [0.5411765  0.5568628  0.6784314 ]  [0.5411765  0.5568628  0.6784314 ]] [[0.5568628  0.59607846 0.6862745 ]  [0.5686275  0.6039216  0.69411767]  [0.5921569  0.627451   0.7176471 ]  ...  [0.5568628  0.5764706  0.68235296]  [0.56078434 0.5764706  0.69411767]  [0.56078434 0.5764706  0.69411767]] ... [[0.6431373  0.6666667  0.7607843 ]  [0.64705884 0.67058825 0.7647059 ]  [0.64705884 0.6784314  0.77254903]  ...  [0.6156863  0.62352943 0.7254902 ]  [0.6156863  0.62352943 0.7254902 ]  [0.6        0.60784316 0.70980394]] [[0.64705884 0.67058825 0.7647059 ]  [0.6509804  0.6745098  0.76862746]  [0.65882355 0.6862745  0.7764706 ]  ...  [0.6117647  0.61960787 0.72156864]  [0.61960787 0.627451   0.7294118 ]  [0.6156863  0.62352943 0.7254902 ]] [[0.654902   0.6784314  0.77254903]  [0.6627451  0.6862745  0.78039217]  [0.67058825 0.7019608  0.7921569 ]  ...  [0.60784316 0.6156863  0.7176471 ]  [0.6039216  0.6117647  0.7137255 ]  [0.60784316 0.6156863  0.7176471 ]]]",1.059385089611169,1824,/home/amos/media/tv/The X-Files S01-S11 BluRay 10Bit 1080p Dts-HDMa5 1 HEVC-d3g/The X-Files S08 br 10bit dts hevc-d3g/The.X-Files.S08E07.Via.Negativa.1080p.BluRay.10Bit.Dts-HDMa5.1.HEVC-d3g.mkv8,1080,1920,0,512,260,743,512,58212,0.028,"[[[0.04313726 0.01568628 0.01568628]  [0.04313726 0.01176471 0.01568628]  [0.04313726 0.00784314 0.01568628]  ...  [0.36862746 0.18431373 0.19215687]  [0.36078432 0.17254902 0.18039216]  [0.3647059  0.1764706  0.18431373]] [[0.04705882 0.01568628 0.01960784]  [0.04705882 0.01568628 0.01960784]  [0.04313726 0.01176471 0.01568628]  ...  [0.36078432 0.16862746 0.18039216]  [0.35686275 0.16470589 0.18039216]  [0.37254903 0.1764706  0.19215687]] [[0.04705882 0.01568628 0.01960784]  [0.04705882 0.01568628 0.01960784]  [0.04705882 0.01568628 0.01960784]  ...  [0.35686275 0.16078432 0.18039216]  [0.3764706  0.16862746 0.2       ]  [0.38039216 0.17254902 0.20784314]] ... [[0.18431373 0.15294118 0.14509805]  [0.20392157 0.17254902 0.16470589]  [0.17254902 0.14117648 0.13725491]  ...  [0.3254902  0.2901961  0.2627451 ]  [0.3529412  0.31764707 0.2901961 ]  [0.3529412  0.3137255  0.28627452]] [[0.19215687 0.16078432 0.14901961]  [0.2        0.16862746 0.15686275]  [0.2        0.16862746 0.15686275]  ...  [0.32941177 0.29411766 0.26666668]  [0.36862746 0.33333334 0.30588236]  [0.3647059  0.32941177 0.3019608 ]] [[0.18431373 0.15686275 0.14117648]  [0.1882353  0.16078432 0.14509805]  [0.1882353  0.16078432 0.14509805]  ...  [0.3137255  0.2784314  0.2509804 ]  [0.3529412  0.3137255  0.28627452]  [0.34509805 0.30980393 0.28235295]]]",3.2565410739625804,2736,/home/amos/media/tv/The X-Files S01-S11 BluRay 10Bit 1080p Dts-HDMa5 1 HEVC-d3g/The X-Files S08 br 10bit dts hevc-d3g/The.X-Files.S08E07.Via.Negativa.1080p.BluRay.10Bit.Dts-HDMa5.1.HEVC-d3g.mkv9,1080,1920,1,208,91,1309,208,128817,0.062,"[[[0.15686275 0.02745098 0.01568628]  [0.15294118 0.02745098 0.01960784]  [0.15294118 0.02745098 0.01960784]  ...  [0.3254902  0.06666667 0.08627451]  [0.34117648 0.07843138 0.09803922]  [0.34509805 0.08235294 0.10196079]] [[0.15686275 0.02745098 0.01568628]  [0.14901961 0.02352941 0.01568628]  [0.14901961 0.02352941 0.01568628]  ...  [0.31764707 0.05490196 0.07450981]  [0.3254902  0.0627451  0.08235294]  [0.32941177 0.06666667 0.08627451]] [[0.15686275 0.02745098 0.01960784]  [0.14901961 0.02352941 0.01568628]  [0.14509805 0.01960784 0.01176471]  ...  [0.29411766 0.03529412 0.05490196]  [0.30588236 0.04705882 0.06666667]  [0.3137255  0.05490196 0.07450981]] ... [[0.3372549  0.10980392 0.12941177]  [0.33333334 0.10588235 0.1254902 ]  [0.3372549  0.10980392 0.12941177]  ...  [0.4117647  0.1254902  0.13725491]  [0.41568628 0.1254902  0.14117648]  [0.43137255 0.11372549 0.13725491]] [[0.34117648 0.10980392 0.12941177]  [0.3372549  0.10588235 0.1254902 ]  [0.34117648 0.10980392 0.12941177]  ...  [0.41568628 0.12156863 0.13725491]  [0.41960785 0.12156863 0.13725491]  [0.44313726 0.12156863 0.14509805]] [[0.34509805 0.11372549 0.13333334]  [0.3372549  0.10588235 0.1254902 ]  [0.34509805 0.11372549 0.12941177]  ...  [0.40784314 0.11372549 0.1254902 ]  [0.42352942 0.12156863 0.14117648]  [0.45490196 0.13333334 0.15686275]]]",4.045361218450125,2736,/home/amos/media/tv/The X-Files S01-S11 BluRay 10Bit 1080p Dts-HDMa5 1 HEVC-d3g/The X-Files S08 br 10bit dts hevc-d3g/The.X-Files.S08E07.Via.Negativa.1080p.BluRay.10Bit.Dts-HDMa5.1.HEVC-d3g.mkv10,1080,1920,0,69,462,870,69,314793,0.152,"[[[0.27058825 0.2509804  0.2509804 ]  [0.27058825 0.2509804  0.2509804 ]  [0.27058825 0.2509804  0.2509804 ]  ...  [0.43137255 0.42352942 0.4392157 ]  [0.43137255 0.42352942 0.4392157 ]  [0.43137255 0.42352942 0.4392157 ]] [[0.27058825 0.2509804  0.2509804 ]  [0.27058825 0.2509804  0.2509804 ]  [0.27058825 0.2509804  0.2509804 ]  ...  [0.43137255 0.42352942 0.4392157 ]  [0.43137255 0.42352942 0.4392157 ]  [0.43137255 0.42352942 0.4392157 ]] [[0.27058825 0.2509804  0.2509804 ]  [0.27058825 0.2509804  0.2509804 ]  [0.27450982 0.25490198 0.25490198]  ...  [0.43137255 0.42352942 0.4392157 ]  [0.43137255 0.42352942 0.4392157 ]  [0.43137255 0.42352942 0.4392157 ]] ... [[0.2627451  0.22352941 0.22745098]  [0.2627451  0.22352941 0.22745098]  [0.26666668 0.22745098 0.23137255]  ...  [0.3372549  0.32156864 0.32156864]  [0.3372549  0.32156864 0.32156864]  [0.3372549  0.32156864 0.32156864]] [[0.25882354 0.21960784 0.22352941]  [0.25882354 0.21960784 0.22352941]  [0.2627451  0.22352941 0.22745098]  ...  [0.34117648 0.3254902  0.3254902 ]  [0.34117648 0.3254902  0.3254902 ]  [0.34117648 0.3254902  0.3254902 ]] [[0.25882354 0.21960784 0.22352941]  [0.25882354 0.21960784 0.22352941]  [0.2627451  0.22352941 0.22745098]  ...  [0.34117648 0.3254902  0.3254902 ]  [0.34117648 0.3254902  0.3254902 ]  [0.34117648 0.3254902  0.3254902 ]]]",-0.2215900035807863,3024,/home/amos/media/tv/The X-Files S01-S11 BluRay 10Bit 1080p Dts-HDMa5 1 HEVC-d3g/The X-Files S08 br 10bit dts hevc-d3g/The.X-Files.S08E07.Via.Negativa.1080p.BluRay.10Bit.Dts-HDMa5.1.HEVC-d3g.mkv11,1080,1920,0,97,310,146,97,10437,0.005,"[[[0.13725491 0.16862746 0.20784314]  [0.13725491 0.16862746 0.20784314]  [0.13725491 0.16862746 0.20784314]  ...  [0.01176471 0.00392157 0.01176471]  [0.01176471 0.00392157 0.01176471]  [0.         0.         0.        ]] [[0.13333334 0.16470589 0.20392157]  [0.13333334 0.16470589 0.20392157]  [0.13333334 0.16470589 0.20392157]  ...  [0.01176471 0.00392157 0.01176471]  [0.01176471 0.00392157 0.01176471]  [0.         0.         0.        ]] [[0.1254902  0.15686275 0.2       ]  [0.12941177 0.15686275 0.2       ]  [0.12941177 0.16078432 0.2       ]  ...  [0.01176471 0.00392157 0.01176471]  [0.01176471 0.00392157 0.01176471]  [0.         0.         0.        ]] ... [[0.35686275 0.42352942 0.44313726]  [0.3529412  0.41960785 0.4392157 ]  [0.34509805 0.40784314 0.43137255]  ...  [0.24313726 0.2784314  0.34117648]  [0.24313726 0.2784314  0.34117648]  [0.         0.         0.        ]] [[0.35686275 0.42352942 0.44313726]  [0.3529412  0.41960785 0.4392157 ]  [0.34117648 0.40784314 0.42745098]  ...  [0.24313726 0.2784314  0.34509805]  [0.24313726 0.2784314  0.34117648]  [0.         0.         0.        ]] [[0.         0.         0.        ]  [0.         0.         0.        ]  [0.         0.         0.        ]  ...  [0.         0.         0.        ]  [0.         0.         0.        ]  [0.         0.         0.        ]]]",1.423084025096614,3504,/home/amos/media/tv/The X-Files S01-S11 BluRay 10Bit 1080p Dts-HDMa5 1 HEVC-d3g/The X-Files S08 br 10bit dts hevc-d3g/The.X-Files.S08E07.Via.Negativa.1080p.BluRay.10Bit.Dts-HDMa5.1.HEVC-d3g.mkv12,1080,1920,1,166,783,171,166,3085,0.001,"[[[0.42352942 0.49411765 0.53333336]  [0.42352942 0.49411765 0.53333336]  [0.41568628 0.4862745  0.5254902 ]  ...  [0.49019608 0.5568628  0.59607846]  [0.4627451  0.5294118  0.5686275 ]  [0.         0.         0.        ]] [[0.41960785 0.49019608 0.5294118 ]  [0.41960785 0.49411765 0.53333336]  [0.42352942 0.49411765 0.53333336]  ...  [0.49019608 0.5568628  0.59607846]  [0.4627451  0.5294118  0.57254905]  [0.         0.         0.        ]] [[0.41568628 0.4862745  0.5294118 ]  [0.41568628 0.49019608 0.5294118 ]  [0.42352942 0.49803922 0.5372549 ]  ...  [0.49019608 0.5568628  0.6       ]  [0.47058824 0.5372549  0.5764706 ]  [0.         0.         0.        ]] ... [[0.00392157 0.         0.00392157]  [0.00392157 0.         0.00392157]  [0.00392157 0.         0.00392157]  ...  [0.01960784 0.01176471 0.01960784]  [0.01960784 0.01176471 0.01960784]  [0.         0.         0.        ]] [[0.00392157 0.         0.00392157]  [0.00392157 0.         0.00392157]  [0.00392157 0.         0.00392157]  ...  [0.01960784 0.01176471 0.01960784]  [0.01960784 0.01176471 0.01960784]  [0.         0.         0.        ]] [[0.         0.         0.        ]  [0.         0.         0.        ]  [0.         0.         0.        ]  ...  [0.         0.         0.        ]  [0.         0.         0.        ]  [0.         0.         0.        ]]]",1.967718128755223,3504,/home/amos/media/tv/The X-Files S01-S11 BluRay 10Bit 1080p Dts-HDMa5 1 HEVC-d3g/The X-Files S08 br 10bit dts hevc-d3g/The.X-Files.S08E07.Via.Negativa.1080p.BluRay.10Bit.Dts-HDMa5.1.HEVC-d3g.mkv13,1080,1920,0,106,583,402,106,141192,0.068,"[[[0.37254903 0.42352942 0.4745098 ]  [0.39215687 0.44313726 0.49411765]  [0.43529412 0.4862745  0.53333336]  ...  [0.6039216  0.68235296 0.7529412 ]  [0.63529414 0.7137255  0.78431374]  [0.6509804  0.7294118  0.8       ]] [[0.36078432 0.4117647  0.4627451 ]  [0.38039216 0.43137255 0.48235294]  [0.42352942 0.4745098  0.5254902 ]  ...  [0.59607846 0.6784314  0.7490196 ]  [0.62352943 0.7019608  0.7764706 ]  [0.63529414 0.7137255  0.7882353 ]] [[0.34117648 0.39215687 0.44313726]  [0.36078432 0.4117647  0.4627451 ]  [0.40392157 0.45490196 0.5058824 ]  ...  [0.5803922  0.6627451  0.7411765 ]  [0.5921569  0.6745098  0.7529412 ]  [0.6        0.68235296 0.7607843 ]] ... [[0.35686275 0.38431373 0.45882353]  [0.36078432 0.38431373 0.4627451 ]  [0.36078432 0.38431373 0.4627451 ]  ...  [0.7607843  0.85490197 0.8392157 ]  [0.7490196  0.84313726 0.827451  ]  [0.7411765  0.8352941  0.81960785]] [[0.36862746 0.39215687 0.47058824]  [0.3647059  0.3882353  0.47058824]  [0.3647059  0.3882353  0.46666667]  ...  [0.76862746 0.8627451  0.84705883]  [0.7411765  0.8352941  0.81960785]  [0.7294118  0.8235294  0.80784315]] [[0.37254903 0.39607844 0.4745098 ]  [0.36862746 0.39215687 0.47058824]  [0.3647059  0.3882353  0.46666667]  ...  [0.76862746 0.8666667  0.8509804 ]  [0.7372549  0.83137256 0.8156863 ]  [0.7254902  0.81960785 0.8039216 ]]]",2.777798084949609,3528,/home/amos/media/tv/The X-Files S01-S11 BluRay 10Bit 1080p Dts-HDMa5 1 HEVC-d3g/The X-Files S08 br 10bit dts hevc-d3g/The.X-Files.S08E07.Via.Negativa.1080p.BluRay.10Bit.Dts-HDMa5.1.HEVC-d3g.mkv14,1080,1920,0,387,267,842,387,54600,0.026,"[[[0.03529412 0.03529412 0.03137255]  [0.04705882 0.04705882 0.04313726]  [0.05098039 0.05098039 0.05098039]  ...  [0.01568628 0.00784314 0.01568628]  [0.01568628 0.00784314 0.01568628]  [0.         0.         0.        ]] [[0.04313726 0.04313726 0.03529412]  [0.04313726 0.04313726 0.03921569]  [0.05490196 0.05490196 0.05098039]  ...  [0.01568628 0.00784314 0.01568628]  [0.01568628 0.00784314 0.01568628]  [0.         0.         0.        ]] [[0.04705882 0.04313726 0.04313726]  [0.04705882 0.04313726 0.04313726]  [0.05882353 0.05882353 0.05490196]  ...  [0.01568628 0.00784314 0.01568628]  [0.01568628 0.00784314 0.01568628]  [0.         0.         0.        ]] ... [[0.01568628 0.00784314 0.01568628]  [0.01568628 0.00784314 0.01568628]  [0.01960784 0.01176471 0.01960784]  ...  [0.00784314 0.         0.00784314]  [0.00784314 0.         0.00784314]  [0.         0.         0.        ]] [[0.01568628 0.00784314 0.01568628]  [0.01568628 0.00784314 0.01568628]  [0.01960784 0.01176471 0.01960784]  ...  [0.00784314 0.         0.00784314]  [0.00784314 0.         0.00784314]  [0.         0.         0.        ]] [[0.         0.         0.        ]  [0.         0.         0.        ]  [0.         0.         0.        ]  ...  [0.         0.         0.        ]  [0.         0.         0.        ]  [0.         0.         0.        ]]]",2.785612040956039,3912,/home/amos/media/tv/The X-Files S01-S11 BluRay 10Bit 1080p Dts-HDMa5 1 HEVC-d3g/The X-Files S08 br 10bit dts hevc-d3g/The.X-Files.S08E07.Via.Negativa.1080p.BluRay.10Bit.Dts-HDMa5.1.HEVC-d3g.mkv15,1080,1920,0,212,801,763,212,324539,0.157,"[[[0.2509804  0.2784314  0.62352943]  [0.2509804  0.2784314  0.62352943]  [0.25490198 0.28235295 0.627451  ]  ...  [0.32156864 0.3254902  0.69411767]  [0.31764707 0.32156864 0.6901961 ]  [0.30588236 0.3137255  0.69411767]] [[0.24705882 0.27450982 0.61960787]  [0.2509804  0.2784314  0.627451  ]  [0.2509804  0.2784314  0.627451  ]  ...  [0.3254902  0.3254902  0.69411767]  [0.31764707 0.31764707 0.6901961 ]  [0.30980393 0.30980393 0.6901961 ]] [[0.24705882 0.27450982 0.62352943]  [0.2509804  0.2784314  0.6313726 ]  [0.2509804  0.2784314  0.6313726 ]  ...  [0.3254902  0.3254902  0.69411767]  [0.32156864 0.32156864 0.6901961 ]  [0.30980393 0.30980393 0.6862745 ]] ... [[0.20392157 0.21960784 0.4862745 ]  [0.20392157 0.21568628 0.49019608]  [0.20392157 0.21568628 0.49019608]  ...  [0.35686275 0.3882353  0.6666667 ]  [0.34901962 0.38039216 0.65882355]  [0.34509805 0.3764706  0.6509804 ]] [[0.20392157 0.21568628 0.49019608]  [0.20392157 0.21568628 0.49411765]  [0.20392157 0.21568628 0.49411765]  ...  [0.3529412  0.38431373 0.6627451 ]  [0.34901962 0.38039216 0.654902  ]  [0.34509805 0.3764706  0.64705884]] [[0.20392157 0.21568628 0.49803922]  [0.20392157 0.21568628 0.49803922]  [0.20392157 0.21568628 0.49803922]  ...  [0.3529412  0.38431373 0.65882355]  [0.34509805 0.3764706  0.6509804 ]  [0.34117648 0.37254903 0.6431373 ]]]",0.7987391077331267,4248,/home/amos/media/tv/The X-Files S01-S11 BluRay 10Bit 1080p Dts-HDMa5 1 HEVC-d3g/The X-Files S08 br 10bit dts hevc-d3g/The.X-Files.S08E07.Via.Negativa.1080p.BluRay.10Bit.Dts-HDMa5.1.HEVC-d3g.mkv16,1080,1920,0,71,4,1400,71,89043,0.043,"[[[0.07058824 0.0627451  0.09019608]  [0.07058824 0.0627451  0.09019608]  [0.07058824 0.0627451  0.09019608]  ...  [0.05490196 0.05098039 0.0627451 ]  [0.05490196 0.05098039 0.0627451 ]  [0.         0.         0.        ]] [[0.07058824 0.0627451  0.09019608]  [0.07058824 0.0627451  0.09019608]  [0.07058824 0.0627451  0.09019608]  ...  [0.05490196 0.05098039 0.0627451 ]  [0.05490196 0.05098039 0.0627451 ]  [0.         0.         0.        ]] [[0.07058824 0.0627451  0.09019608]  [0.07058824 0.0627451  0.09019608]  [0.07058824 0.0627451  0.09019608]  ...  [0.05490196 0.05098039 0.0627451 ]  [0.05490196 0.05098039 0.0627451 ]  [0.         0.         0.        ]] ... [[0.07058824 0.0627451  0.06666667]  [0.07058824 0.0627451  0.06666667]  [0.07058824 0.0627451  0.06666667]  ...  [0.04313726 0.03529412 0.04705882]  [0.04313726 0.03529412 0.04705882]  [0.         0.         0.        ]] [[0.07058824 0.0627451  0.06666667]  [0.07058824 0.0627451  0.06666667]  [0.07450981 0.0627451  0.06666667]  ...  [0.04313726 0.03529412 0.04705882]  [0.04313726 0.03529412 0.04705882]  [0.         0.         0.        ]] [[0.         0.         0.        ]  [0.         0.         0.        ]  [0.         0.         0.        ]  ...  [0.         0.         0.        ]  [0.         0.         0.        ]  [0.         0.         0.        ]]]",1.3343660910031758,4344,/home/amos/media/tv/The X-Files S01-S11 BluRay 10Bit 1080p Dts-HDMa5 1 HEVC-d3g/The X-Files S08 br 10bit dts hevc-d3g/The.X-Files.S08E07.Via.Negativa.1080p.BluRay.10Bit.Dts-HDMa5.1.HEVC-d3g.mkv17,1080,1920,1,279,268,930,279,7161,0.003,"[[[0. 0. 0.]  [0. 0. 0.]  [0. 0. 0.]  ...  [0. 0. 0.]  [0. 0. 0.]  [0. 0. 0.]] [[0. 0. 0.]  [0. 0. 0.]  [0. 0. 0.]  ...  [0. 0. 0.]  [0. 0. 0.]  [0. 0. 0.]] [[0. 0. 0.]  [0. 0. 0.]  [0. 0. 0.]  ...  [0. 0. 0.]  [0. 0. 0.]  [0. 0. 0.]] ... [[0. 0. 0.]  [0. 0. 0.]  [0. 0. 0.]  ...  [0. 0. 0.]  [0. 0. 0.]  [0. 0. 0.]] [[0. 0. 0.]  [0. 0. 0.]  [0. 0. 0.]  ...  [0. 0. 0.]  [0. 0. 0.]  [0. 0. 0.]] [[0. 0. 0.]  [0. 0. 0.]  [0. 0. 0.]  ...  [0. 0. 0.]  [0. 0. 0.]  [0. 0. 0.]]]",6.322796066408046,4344,/home/amos/media/tv/The X-Files S01-S11 BluRay 10Bit 1080p Dts-HDMa5 1 HEVC-d3g/The X-Files S08 br 10bit dts hevc-d3g/The.X-Files.S08E07.Via.Negativa.1080p.BluRay.10Bit.Dts-HDMa5.1.HEVC-d3g.mkv18,1080,1920,0,346,276,848,346,35140,0.017,"[[[0.17254902 0.0627451  0.10980392]  [0.1882353  0.07843138 0.11764706]  [0.18431373 0.07450981 0.10980392]  ...  [0.14509805 0.05098039 0.07843138]  [0.15294118 0.0627451  0.07843138]  [0.16078432 0.07450981 0.07058824]] [[0.19215687 0.08235294 0.12941177]  [0.16862746 0.05882353 0.09803922]  [0.18431373 0.07450981 0.10980392]  ...  [0.13725491 0.04313726 0.07058824]  [0.14509805 0.05098039 0.06666667]  [0.14509805 0.05490196 0.05882353]] [[0.17254902 0.0627451  0.10980392]  [0.18039216 0.07058824 0.10980392]  [0.1764706  0.06666667 0.10588235]  ...  [0.14901961 0.05490196 0.07843138]  [0.13725491 0.04313726 0.0627451 ]  [0.1254902  0.03137255 0.03921569]] ... [[0.44705883 0.47058824 0.5686275 ]  [0.42745098 0.4509804  0.54901963]  [0.44313726 0.46666667 0.5647059 ]  ...  [0.26666668 0.25490198 0.3372549 ]  [0.1254902  0.10196079 0.19215687]  [0.08235294 0.04705882 0.15294118]] [[0.47843137 0.5019608  0.6       ]  [0.4509804  0.4745098  0.57254905]  [0.45882353 0.48235294 0.5803922 ]  ...  [0.2509804  0.23921569 0.31764707]  [0.11764706 0.09803922 0.18431373]  [0.06666667 0.03529412 0.13725491]] [[0.44313726 0.46666667 0.5647059 ]  [0.4745098  0.49803922 0.59607846]  [0.43137255 0.45882353 0.5529412 ]  ...  [0.17254902 0.15686275 0.23921569]  [0.09803922 0.07450981 0.16078432]  [0.0627451  0.03137255 0.1254902 ]]]",6.377033016993664,4368,/home/amos/media/tv/The X-Files S01-S11 BluRay 10Bit 1080p Dts-HDMa5 1 HEVC-d3g/The X-Files S08 br 10bit dts hevc-d3g/The.X-Files.S08E07.Via.Negativa.1080p.BluRay.10Bit.Dts-HDMa5.1.HEVC-d3g.mkv19,1080,1920,0,432,277,748,432,48980,0.024,"[[[0.16862746 0.06666667 0.09411765]  [0.16470589 0.0627451  0.09019608]  [0.15294118 0.05490196 0.08235294]  ...  [0.17254902 0.09019608 0.08235294]  [0.21568628 0.13333334 0.12156863]  [0.23921569 0.15686275 0.14509805]] [[0.16470589 0.0627451  0.09803922]  [0.16078432 0.05882353 0.09019608]  [0.15294118 0.05490196 0.08235294]  ...  [0.15294118 0.07450981 0.07450981]  [0.18431373 0.10196079 0.09803922]  [0.21960784 0.13725491 0.13333334]] [[0.16862746 0.06666667 0.10980392]  [0.16470589 0.06666667 0.10196079]  [0.16470589 0.06666667 0.09411765]  ...  [0.1254902  0.05490196 0.06666667]  [0.15686275 0.08235294 0.07843138]  [0.19607843 0.12156863 0.11764706]] ... [[0.41960785 0.4392157  0.5411765 ]  [0.43137255 0.4509804  0.54901963]  [0.45490196 0.46666667 0.57254905]  ...  [0.06666667 0.05098039 0.13333334]  [0.05490196 0.05882353 0.13725491]  [0.05882353 0.04705882 0.11372549]] [[0.4509804  0.47058824 0.5686275 ]  [0.43529412 0.45490196 0.5529412 ]  [0.45882353 0.47058824 0.5764706 ]  ...  [0.05882353 0.05098039 0.12941177]  [0.04705882 0.05098039 0.12941177]  [0.05882353 0.05882353 0.1254902 ]] [[0.41568628 0.43529412 0.53333336]  [0.45882353 0.47843137 0.5764706 ]  [0.4627451  0.4745098  0.5803922 ]  ...  [0.05490196 0.05882353 0.13725491]  [0.05490196 0.05882353 0.13725491]  [0.05882353 0.05882353 0.12941177]]]",5.867085084028076,4392,/home/amos/media/tv/The X-Files S01-S11 BluRay 10Bit 1080p Dts-HDMa5 1 HEVC-d3g/The X-Files S08 br 10bit dts hevc-d3g/The.X-Files.S08E07.Via.Negativa.1080p.BluRay.10Bit.Dts-HDMa5.1.HEVC-d3g.mkv20,1080,1920,0,500,229,1092,500,160432,0.077,"[[[0. 0. 0.]  [0. 0. 0.]  [0. 0. 0.]  ...  [0. 0. 0.]  [0. 0. 0.]  [0. 0. 0.]] [[0. 0. 0.]  [0. 0. 0.]  [0. 0. 0.]  ...  [0. 0. 0.]  [0. 0. 0.]  [0. 0. 0.]] [[0. 0. 0.]  [0. 0. 0.]  [0. 0. 0.]  ...  [0. 0. 0.]  [0. 0. 0.]  [0. 0. 0.]] ... [[0. 0. 0.]  [0. 0. 0.]  [0. 0. 0.]  ...  [0. 0. 0.]  [0. 0. 0.]  [0. 0. 0.]] [[0. 0. 0.]  [0. 0. 0.]  [0. 0. 0.]  ...  [0. 0. 0.]  [0. 0. 0.]  [0. 0. 0.]] [[0. 0. 0.]  [0. 0. 0.]  [0. 0. 0.]  ...  [0. 0. 0.]  [0. 0. 0.]  [0. 0. 0.]]]",7.034080053621437,4488,/home/amos/media/tv/The X-Files S01-S11 BluRay 10Bit 1080p Dts-HDMa5 1 HEVC-d3g/The X-Files S08 br 10bit dts hevc-d3g/The.X-Files.S08E07.Via.Negativa.1080p.BluRay.10Bit.Dts-HDMa5.1.HEVC-d3g.mkv21,1080,1920,1,60,728,160,60,66800,0.032,"[[[0.52156866 0.52156866 0.60784316]  [0.52156866 0.52156866 0.60784316]  [0.52156866 0.52156866 0.60784316]  ...  [0.5294118  0.5254902  0.5686275 ]  [0.5254902  0.52156866 0.5647059 ]  [0.5254902  0.52156866 0.5647059 ]] [[0.52156866 0.52156866 0.60784316]  [0.52156866 0.52156866 0.60784316]  [0.52156866 0.52156866 0.60784316]  ...  [0.5294118  0.5254902  0.5686275 ]  [0.5254902  0.52156866 0.5647059 ]  [0.5254902  0.52156866 0.5647059 ]] [[0.5254902  0.5254902  0.6117647 ]  [0.5254902  0.5254902  0.6117647 ]  [0.5254902  0.5254902  0.6117647 ]  ...  [0.53333336 0.5254902  0.5686275 ]  [0.5254902  0.52156866 0.5647059 ]  [0.5254902  0.52156866 0.5647059 ]] ... [[0.21960784 0.32156864 0.45490196]  [0.21960784 0.32156864 0.45490196]  [0.21960784 0.3254902  0.45490196]  ...  [0.54901963 0.5568628  0.5882353 ]  [0.54509807 0.5529412  0.58431375]  [0.54509807 0.5529412  0.58431375]] [[0.21568628 0.31764707 0.44705883]  [0.21568628 0.31764707 0.44705883]  [0.21568628 0.31764707 0.44705883]  ...  [0.54901963 0.5568628  0.5882353 ]  [0.54509807 0.5529412  0.58431375]  [0.54509807 0.5529412  0.58431375]] [[0.21568628 0.31764707 0.44705883]  [0.21568628 0.31764707 0.44705883]  [0.21568628 0.31764707 0.44705883]  ...  [0.54901963 0.5568628  0.5882353 ]  [0.54509807 0.5529412  0.58431375]  [0.54509807 0.5529412  0.58431375]]]",2.8421760291676037,4488,/home/amos/media/tv/The X-Files S01-S11 BluRay 10Bit 1080p Dts-HDMa5 1 HEVC-d3g/The X-Files S08 br 10bit dts hevc-d3g/The.X-Files.S08E07.Via.Negativa.1080p.BluRay.10Bit.Dts-HDMa5.1.HEVC-d3g.mkv22,1080,1920,0,373,307,1131,373,50028,0.024,"[[[0.44313726 0.47843137 0.5686275 ]  [0.42352942 0.45882353 0.54901963]  [0.46666667 0.4862745  0.57254905]  ...  [0.05098039 0.03137255 0.0627451 ]  [0.05490196 0.02745098 0.0627451 ]  [0.         0.         0.        ]] [[0.4509804  0.4862745  0.5764706 ]  [0.43529412 0.47058824 0.56078434]  [0.4745098  0.5019608  0.5803922 ]  ...  [0.03921569 0.02352941 0.05098039]  [0.04705882 0.01960784 0.05490196]  [0.         0.         0.        ]] [[0.41568628 0.4509804  0.5411765 ]  [0.40784314 0.44313726 0.5294118 ]  [0.45490196 0.4745098  0.56078434]  ...  [0.03529412 0.01960784 0.04705882]  [0.05098039 0.02352941 0.05490196]  [0.         0.         0.        ]] ... [[0.45490196 0.47843137 0.54509807]  [0.45490196 0.47843137 0.54901963]  [0.43137255 0.45490196 0.5294118 ]  ...  [0.47058824 0.5058824  0.59607846]  [0.46666667 0.5019608  0.5921569 ]  [0.         0.         0.        ]] [[0.4627451  0.47843137 0.54509807]  [0.4862745  0.5019608  0.5686275 ]  [0.45490196 0.47843137 0.54509807]  ...  [0.44705883 0.48235294 0.57254905]  [0.4392157  0.4745098  0.5647059 ]  [0.         0.         0.        ]] [[0.         0.         0.        ]  [0.         0.         0.        ]  [0.         0.         0.        ]  ...  [0.         0.         0.        ]  [0.         0.         0.        ]  [0.         0.         0.        ]]]",6.123921043414157,4512,/home/amos/media/tv/The X-Files S01-S11 BluRay 10Bit 1080p Dts-HDMa5 1 HEVC-d3g/The X-Files S08 br 10bit dts hevc-d3g/The.X-Files.S08E07.Via.Negativa.1080p.BluRay.10Bit.Dts-HDMa5.1.HEVC-d3g.mkv23,1080,1920,0,202,163,745,202,21177,0.01,"[[[0.09411765 0.04313726 0.01960784]  [0.08627451 0.03921569 0.00784314]  [0.08627451 0.03921569 0.00784314]  ...  [0.03921569 0.01176471 0.01568628]  [0.03921569 0.01176471 0.01568628]  [0.04313726 0.01568628 0.01960784]] [[0.09411765 0.04313726 0.01960784]  [0.08627451 0.03921569 0.00784314]  [0.08627451 0.03921569 0.01176471]  ...  [0.03921569 0.01176471 0.01568628]  [0.04313726 0.01568628 0.01960784]  [0.04313726 0.01568628 0.01960784]] [[0.09411765 0.04313726 0.01568628]  [0.09019608 0.03921569 0.01176471]  [0.08627451 0.03529412 0.00784314]  ...  [0.03921569 0.01176471 0.01568628]  [0.04313726 0.01568628 0.01960784]  [0.04313726 0.01568628 0.01960784]] ... [[0.03921569 0.03921569 0.05490196]  [0.04313726 0.04313726 0.05490196]  [0.04705882 0.04705882 0.05882353]  ...  [0.01960784 0.00784314 0.01960784]  [0.01960784 0.00784314 0.01960784]  [0.01960784 0.00784314 0.01960784]] [[0.03921569 0.03921569 0.05490196]  [0.04313726 0.04313726 0.05882353]  [0.04705882 0.04705882 0.0627451 ]  ...  [0.01568628 0.00392157 0.01568628]  [0.01960784 0.00784314 0.01960784]  [0.01960784 0.00784314 0.01960784]] [[0.04313726 0.04313726 0.0627451 ]  [0.04705882 0.04705882 0.0627451 ]  [0.04705882 0.04705882 0.0627451 ]  ...  [0.01568628 0.00392157 0.01568628]  [0.01568628 0.00392157 0.01568628]  [0.01568628 0.00392157 0.01568628]]]",5.887415154953487,4536,/home/amos/media/tv/The X-Files S01-S11 BluRay 10Bit 1080p Dts-HDMa5 1 HEVC-d3g/The X-Files S08 br 10bit dts hevc-d3g/The.X-Files.S08E07.Via.Negativa.1080p.BluRay.10Bit.Dts-HDMa5.1.HEVC-d3g.mkv24,1080,1920,1,155,4,1346,155,179841,0.087,"[[[0.18039216 0.13725491 0.12941177]  [0.18039216 0.13725491 0.12941177]  [0.18039216 0.13725491 0.12941177]  ...  [0.13333334 0.12156863 0.12156863]  [0.13725491 0.1254902  0.1254902 ]  [0.13725491 0.1254902  0.1254902 ]] [[0.1764706  0.13725491 0.1254902 ]  [0.1764706  0.13725491 0.1254902 ]  [0.18039216 0.13725491 0.12941177]  ...  [0.13333334 0.12156863 0.12156863]  [0.13725491 0.1254902  0.1254902 ]  [0.13725491 0.1254902  0.1254902 ]] [[0.1764706  0.13725491 0.1254902 ]  [0.1764706  0.13725491 0.1254902 ]  [0.1764706  0.13725491 0.1254902 ]  ...  [0.13333334 0.12156863 0.12156863]  [0.13333334 0.12156863 0.12156863]  [0.13725491 0.1254902  0.1254902 ]] ... [[0.04313726 0.03137255 0.02745098]  [0.04313726 0.03137255 0.02745098]  [0.04313726 0.03137255 0.02745098]  ...  [0.03137255 0.02352941 0.01960784]  [0.03137255 0.02352941 0.01960784]  [0.03137255 0.02352941 0.01960784]] [[0.04313726 0.03137255 0.02745098]  [0.04313726 0.03137255 0.02745098]  [0.03921569 0.02745098 0.02745098]  ...  [0.03137255 0.02352941 0.01960784]  [0.03137255 0.02352941 0.01568628]  [0.03137255 0.02352941 0.01568628]] [[0.04313726 0.03137255 0.02745098]  [0.03921569 0.02745098 0.02352941]  [0.03921569 0.02745098 0.02352941]  ...  [0.03137255 0.02352941 0.01568628]  [0.03137255 0.02352941 0.01568628]  [0.03137255 0.02352941 0.01568628]]]",4.033357073145453,4536,/home/amos/media/tv/The X-Files S01-S11 BluRay 10Bit 1080p Dts-HDMa5 1 HEVC-d3g/The X-Files S08 br 10bit dts hevc-d3g/The.X-Files.S08E07.Via.Negativa.1080p.BluRay.10Bit.Dts-HDMa5.1.HEVC-d3g.mkv25,1080,1920,0,202,428,412,202,47460,0.023,"[[[0.8117647  0.4627451  0.59607846]  [0.8117647  0.4627451  0.59607846]  [0.79607844 0.44705883 0.58431375]  ...  [0.7490196  0.4        0.5568628 ]  [0.7294118  0.38039216 0.5372549 ]  [0.70980394 0.36078432 0.5176471 ]] [[0.8        0.4509804  0.5882353 ]  [0.80784315 0.45882353 0.59607846]  [0.79607844 0.44705883 0.5882353 ]  ...  [0.69803923 0.34901962 0.5058824 ]  [0.6745098  0.32941177 0.48235294]  [0.7176471  0.36862746 0.5254902 ]] [[0.76862746 0.41568628 0.5568628 ]  [0.78431374 0.43137255 0.5764706 ]  [0.8        0.44313726 0.5882353 ]  ...  [0.70980394 0.3647059  0.5176471 ]  [0.6862745  0.3372549  0.49411765]  [0.7019608  0.3529412  0.50980395]] ... [[0.8352941  0.5058824  0.65882355]  [0.8352941  0.50980395 0.6627451 ]  [0.827451   0.5019608  0.65882355]  ...  [0.81960785 0.4627451  0.63529414]  [0.81960785 0.4627451  0.63529414]  [0.80784315 0.4509804  0.62352943]] [[0.83137256 0.5019608  0.654902  ]  [0.8392157  0.50980395 0.6627451 ]  [0.84705883 0.52156866 0.6784314 ]  ...  [0.81960785 0.4627451  0.63529414]  [0.8156863  0.45882353 0.6313726 ]  [0.8156863  0.45882353 0.6313726 ]] [[0.83137256 0.5019608  0.654902  ]  [0.827451   0.49803922 0.6509804 ]  [0.8352941  0.50980395 0.6666667 ]  ...  [0.7764706  0.41960785 0.5921569 ]  [0.7647059  0.40784314 0.5803922 ]  [0.78431374 0.42745098 0.6       ]]]",0.2411030547809787,4704,/home/amos/media/tv/The X-Files S01-S11 BluRay 10Bit 1080p Dts-HDMa5 1 HEVC-d3g/The X-Files S08 br 10bit dts hevc-d3g/The.X-Files.S08E07.Via.Negativa.1080p.BluRay.10Bit.Dts-HDMa5.1.HEVC-d3g.mkv26,1080,1920,0,108,369,794,108,179046,0.086,"[[[0.2        0.10196079 0.09803922]  [0.20392157 0.10588235 0.10196079]  [0.20784314 0.10980392 0.10588235]  ...  [0.00784314 0.         0.00392157]  [0.00784314 0.         0.00392157]  [0.00784314 0.         0.00392157]] [[0.2        0.10196079 0.09803922]  [0.20392157 0.10588235 0.10196079]  [0.20784314 0.10980392 0.10588235]  ...  [0.00784314 0.         0.00392157]  [0.00784314 0.         0.00392157]  [0.00784314 0.         0.00392157]] [[0.20392157 0.10588235 0.10196079]  [0.20392157 0.10980392 0.10588235]  [0.20392157 0.10980392 0.10588235]  ...  [0.00784314 0.         0.00392157]  [0.00784314 0.         0.00392157]  [0.00784314 0.         0.00392157]] ... [[0.09411765 0.02352941 0.01568628]  [0.09411765 0.02352941 0.01568628]  [0.09803922 0.02352941 0.01960784]  ...  [0.00784314 0.         0.00392157]  [0.00784314 0.         0.00392157]  [0.00784314 0.         0.00392157]] [[0.09411765 0.02352941 0.01960784]  [0.09411765 0.02352941 0.01960784]  [0.09803922 0.02352941 0.01960784]  ...  [0.00784314 0.         0.00392157]  [0.00784314 0.         0.00392157]  [0.00784314 0.         0.00392157]] [[0.09411765 0.02352941 0.01960784]  [0.09411765 0.02352941 0.01960784]  [0.09803922 0.02352941 0.01960784]  ...  [0.00784314 0.         0.00392157]  [0.00784314 0.         0.00392157]  [0.00784314 0.         0.00392157]]]",1.78192608745303,5304,/home/amos/media/tv/The X-Files S01-S11 BluRay 10Bit 1080p Dts-HDMa5 1 HEVC-d3g/The X-Files S08 br 10bit dts hevc-d3g/The.X-Files.S08E07.Via.Negativa.1080p.BluRay.10Bit.Dts-HDMa5.1.HEVC-d3g.mkv27,1080,1920,0,66,335,767,66,188569,0.091,"[[[0.5137255  0.36078432 0.34117648]  [0.5137255  0.36078432 0.34117648]  [0.5058824  0.3529412  0.33333334]  ...  [0.24313726 0.21568628 0.1882353 ]  [0.23921569 0.21568628 0.1882353 ]  [0.23921569 0.21568628 0.1882353 ]] [[0.5137255  0.36078432 0.34117648]  [0.5137255  0.36078432 0.34117648]  [0.5019608  0.3529412  0.33333334]  ...  [0.24313726 0.21568628 0.1882353 ]  [0.23921569 0.21568628 0.1882353 ]  [0.23921569 0.21568628 0.1882353 ]] [[0.5137255  0.36078432 0.34117648]  [0.5137255  0.36078432 0.34117648]  [0.5058824  0.3529412  0.33333334]  ...  [0.24313726 0.21176471 0.18431373]  [0.23529412 0.21176471 0.18431373]  [0.23529412 0.21176471 0.18431373]] ... [[0.14901961 0.06666667 0.04313726]  [0.14901961 0.06666667 0.04313726]  [0.15294118 0.06666667 0.04313726]  ...  [0.1764706  0.19215687 0.1764706 ]  [0.1764706  0.19215687 0.1764706 ]  [0.1764706  0.19215687 0.1764706 ]] [[0.14901961 0.06666667 0.04313726]  [0.14901961 0.06666667 0.04313726]  [0.14901961 0.06666667 0.04313726]  ...  [0.1764706  0.19215687 0.1764706 ]  [0.1764706  0.19215687 0.1764706 ]  [0.1764706  0.19215687 0.1764706 ]] [[0.14901961 0.06666667 0.04313726]  [0.14901961 0.06666667 0.04313726]  [0.14901961 0.06666667 0.04313726]  ...  [0.1764706  0.19215687 0.1764706 ]  [0.1764706  0.19215687 0.1764706 ]  [0.1764706  0.19215687 0.1764706 ]]]",3.0350220567779616,5712,/home/amos/media/tv/The X-Files S01-S11 BluRay 10Bit 1080p Dts-HDMa5 1 HEVC-d3g/The X-Files S08 br 10bit dts hevc-d3g/The.X-Files.S08E07.Via.Negativa.1080p.BluRay.10Bit.Dts-HDMa5.1.HEVC-d3g.mkv28,1080,1920,0,259,232,691,259,11664,0.006,"[[[0.07450981 0.01176471 0.00784314]  [0.07843138 0.01568628 0.00784314]  [0.09019608 0.02745098 0.02352941]  ...  [0.04313726 0.00784314 0.01568628]  [0.04313726 0.01176471 0.01568628]  [0.04313726 0.01176471 0.01568628]] [[0.07058824 0.00784314 0.00392157]  [0.07843138 0.01568628 0.01176471]  [0.09019608 0.02745098 0.02352941]  ...  [0.03921569 0.00784314 0.01176471]  [0.03921569 0.00784314 0.01176471]  [0.03529412 0.00392157 0.00784314]] [[0.07843138 0.01568628 0.01176471]  [0.08627451 0.02352941 0.01960784]  [0.09411765 0.03137255 0.02745098]  ...  [0.03529412 0.00392157 0.00784314]  [0.03529412 0.00392157 0.00784314]  [0.03137255 0.         0.00392157]] ... [[0.05490196 0.         0.00784314]  [0.05490196 0.         0.00784314]  [0.05882353 0.00392157 0.01176471]  ...  [0.03137255 0.00392157 0.01176471]  [0.03137255 0.00392157 0.01176471]  [0.03529412 0.00392157 0.01176471]] [[0.05098039 0.         0.00392157]  [0.05490196 0.         0.00784314]  [0.05882353 0.00392157 0.01176471]  ...  [0.03921569 0.00784314 0.01568628]  [0.03921569 0.00784314 0.01568628]  [0.03921569 0.00784314 0.01568628]] [[0.05490196 0.         0.00784314]  [0.05882353 0.00392157 0.01176471]  [0.05882353 0.00392157 0.01176471]  ...  [0.03921569 0.00784314 0.01568628]  [0.03921569 0.00784314 0.01568628]  [0.03921569 0.00784314 0.01568628]]]",0.49127706204308197,6696,/home/amos/media/tv/The X-Files S01-S11 BluRay 10Bit 1080p Dts-HDMa5 1 HEVC-d3g/The X-Files S08 br 10bit dts hevc-d3g/The.X-Files.S08E07.Via.Negativa.1080p.BluRay.10Bit.Dts-HDMa5.1.HEVC-d3g.mkv29,1080,1920,0,204,90,654,204,51300,0.025,"[[[0.02745098 0.01176471 0.02745098]  [0.02745098 0.01176471 0.02745098]  [0.02745098 0.01176471 0.02745098]  ...  [0.14509805 0.12941177 0.10196079]  [0.14117648 0.1254902  0.10196079]  [0.13725491 0.12156863 0.09803922]] [[0.03137255 0.01960784 0.03137255]  [0.03137255 0.01960784 0.03137255]  [0.03137255 0.01960784 0.03137255]  ...  [0.14117648 0.1254902  0.10196079]  [0.13725491 0.12156863 0.09803922]  [0.13333334 0.11764706 0.09411765]] [[0.03137255 0.01568628 0.03137255]  [0.03137255 0.01568628 0.03137255]  [0.03137255 0.01568628 0.03137255]  ...  [0.14117648 0.1254902  0.10196079]  [0.13725491 0.12156863 0.09803922]  [0.13333334 0.11764706 0.09411765]] ... [[0.0627451  0.02352941 0.02745098]  [0.06666667 0.02745098 0.03137255]  [0.07058824 0.03137255 0.03529412]  ...  [0.16470589 0.1254902  0.12156863]  [0.15294118 0.12941177 0.1254902 ]  [0.15294118 0.12941177 0.1254902 ]] [[0.06666667 0.02745098 0.03137255]  [0.06666667 0.02745098 0.03137255]  [0.07058824 0.02745098 0.03529412]  ...  [0.16078432 0.1254902  0.12156863]  [0.15686275 0.12941177 0.1254902 ]  [0.15686275 0.12941177 0.1254902 ]] [[0.0627451  0.02352941 0.02745098]  [0.06666667 0.02745098 0.03137255]  [0.06666667 0.02745098 0.03137255]  ...  [0.16078432 0.12156863 0.12156863]  [0.15686275 0.12941177 0.1254902 ]  [0.14901961 0.12156863 0.11764706]]]",4.636875906435307,6768,/home/amos/media/tv/The X-Files S01-S11 BluRay 10Bit 1080p Dts-HDMa5 1 HEVC-d3g/The X-Files S08 br 10bit dts hevc-d3g/The.X-Files.S08E07.Via.Negativa.1080p.BluRay.10Bit.Dts-HDMa5.1.HEVC-d3g.mkv30,1080,1920,0,351,160,1112,351,145351,0.07,"[[[0.30588236 0.13725491 0.09411765]  [0.33333334 0.16078432 0.11372549]  [0.3372549  0.16078432 0.11764706]  ...  [0.18039216 0.14117648 0.1254902 ]  [0.22745098 0.1882353  0.17254902]  [0.24313726 0.2        0.1882353 ]] [[0.32156864 0.14509805 0.10588235]  [0.34117648 0.15686275 0.11372549]  [0.34509805 0.16078432 0.11372549]  ...  [0.18039216 0.14117648 0.1254902 ]  [0.21960784 0.18039216 0.16470589]  [0.23921569 0.2        0.18431373]] [[0.34117648 0.15686275 0.11764706]  [0.3529412  0.16470589 0.12156863]  [0.34901962 0.16078432 0.11372549]  ...  [0.18431373 0.14509805 0.1254902 ]  [0.21176471 0.17254902 0.15686275]  [0.23137255 0.19215687 0.17254902]] ... [[0.04313726 0.02352941 0.02352941]  [0.03529412 0.01568628 0.01568628]  [0.03137255 0.01176471 0.01176471]  ...  [0.01960784 0.00392157 0.00392157]  [0.02352941 0.00392157 0.        ]  [0.02352941 0.00392157 0.        ]] [[0.04313726 0.01960784 0.02352941]  [0.03529412 0.01176471 0.01568628]  [0.03529412 0.01176471 0.01568628]  ...  [0.01960784 0.00392157 0.00392157]  [0.01960784 0.00392157 0.        ]  [0.02352941 0.00392157 0.        ]] [[0.04705882 0.02745098 0.02745098]  [0.04313726 0.02352941 0.02745098]  [0.03921569 0.01960784 0.02352941]  ...  [0.01960784 0.00392157 0.00784314]  [0.01960784 0.00392157 0.00392157]  [0.01960784 0.00392157 0.00392157]]]",3.951112204405945,6792,/home/amos/media/tv/The X-Files S01-S11 BluRay 10Bit 1080p Dts-HDMa5 1 HEVC-d3g/The X-Files S08 br 10bit dts hevc-d3g/The.X-Files.S08E07.Via.Negativa.1080p.BluRay.10Bit.Dts-HDMa5.1.HEVC-d3g.mkv31,1080,1920,1,208,361,664,208,69768,0.034,"[[[0.07450981 0.04705882 0.03921569]  [0.07843138 0.05098039 0.04313726]  [0.07843138 0.05098039 0.04313726]  ...  [0.03921569 0.03137255 0.02352941]  [0.03137255 0.02352941 0.01960784]  [0.02352941 0.01568628 0.01176471]] [[0.07058824 0.04313726 0.03529412]  [0.07450981 0.04705882 0.03921569]  [0.07843138 0.05098039 0.04313726]  ...  [0.04313726 0.03137255 0.02745098]  [0.03529412 0.02745098 0.02352941]  [0.02745098 0.01960784 0.01568628]] [[0.07058824 0.04313726 0.03529412]  [0.07450981 0.04705882 0.03921569]  [0.07450981 0.04705882 0.03921569]  ...  [0.04313726 0.03529412 0.03137255]  [0.03529412 0.02745098 0.02352941]  [0.02745098 0.01960784 0.01568628]] ... [[0.22352941 0.18431373 0.16078432]  [0.21176471 0.17254902 0.14901961]  [0.21568628 0.1764706  0.15294118]  ...  [0.04313726 0.03137255 0.03529412]  [0.04313726 0.03137255 0.03921569]  [0.04313726 0.03137255 0.03921569]] [[0.21960784 0.18039216 0.16078432]  [0.21568628 0.1764706  0.15686275]  [0.21176471 0.17254902 0.15294118]  ...  [0.05098039 0.03921569 0.04313726]  [0.04705882 0.03529412 0.04313726]  [0.04313726 0.03137255 0.03921569]] [[0.21960784 0.18039216 0.16470589]  [0.21568628 0.1764706  0.16078432]  [0.21176471 0.17254902 0.15686275]  ...  [0.05490196 0.04313726 0.04705882]  [0.05098039 0.03921569 0.04705882]  [0.04705882 0.03529412 0.04313726]]]",1.3542160330689512,6792,/home/amos/media/tv/The X-Files S01-S11 BluRay 10Bit 1080p Dts-HDMa5 1 HEVC-d3g/The X-Files S08 br 10bit dts hevc-d3g/The.X-Files.S08E07.Via.Negativa.1080p.BluRay.10Bit.Dts-HDMa5.1.HEVC-d3g.mkv32,1080,1920,0,359,152,1048,359,142623,0.069,"[[[0.13725491 0.05098039 0.02745098]  [0.15294118 0.05882353 0.03137255]  [0.1882353  0.08235294 0.0627451 ]  ...  [0.16078432 0.10980392 0.09019608]  [0.1882353  0.13725491 0.11764706]  [0.20784314 0.16078432 0.14117648]] [[0.13333334 0.04313726 0.01960784]  [0.16470589 0.0627451  0.03921569]  [0.20784314 0.09803922 0.07843138]  ...  [0.15294118 0.10196079 0.08235294]  [0.1764706  0.1254902  0.10588235]  [0.2        0.14901961 0.12941177]] [[0.14117648 0.05098039 0.02745098]  [0.17254902 0.07058824 0.04705882]  [0.20784314 0.09803922 0.07450981]  ...  [0.15294118 0.10196079 0.08235294]  [0.1764706  0.1254902  0.10588235]  [0.19215687 0.14509805 0.12156863]] ... [[0.02745098 0.00392157 0.01568628]  [0.02352941 0.         0.01176471]  [0.02352941 0.         0.01176471]  ...  [0.05098039 0.03137255 0.02745098]  [0.05490196 0.03529412 0.03137255]  [0.07058824 0.05098039 0.04705882]] [[0.02745098 0.00392157 0.01568628]  [0.02745098 0.00392157 0.01568628]  [0.02352941 0.         0.01176471]  ...  [0.02745098 0.00784314 0.00392157]  [0.03921569 0.01960784 0.01568628]  [0.04705882 0.02745098 0.02352941]] [[0.02745098 0.00392157 0.01568628]  [0.02352941 0.         0.01176471]  [0.02352941 0.         0.01176471]  ...  [0.02745098 0.00784314 0.00784314]  [0.02745098 0.00784314 0.00784314]  [0.03137255 0.01176471 0.01176471]]]",3.5940111460513435,6816,/home/amos/media/tv/The X-Files S01-S11 BluRay 10Bit 1080p Dts-HDMa5 1 HEVC-d3g/The X-Files S08 br 10bit dts hevc-d3g/The.X-Files.S08E07.Via.Negativa.1080p.BluRay.10Bit.Dts-HDMa5.1.HEVC-d3g.mkv33,1080,1920,0,316,210,1124,316,85648,0.041,"[[[0.24705882 0.09803922 0.0627451 ]  [0.23921569 0.09803922 0.05490196]  [0.23137255 0.09411765 0.05098039]  ...  [0.03529412 0.00784314 0.01176471]  [0.03921569 0.01176471 0.01176471]  [0.03921569 0.00784314 0.01176471]] [[0.24313726 0.09803922 0.05490196]  [0.23137255 0.09019608 0.04705882]  [0.22352941 0.08627451 0.04313726]  ...  [0.03921569 0.01176471 0.01568628]  [0.03921569 0.01176471 0.01176471]  [0.03921569 0.00784314 0.01176471]] [[0.23529412 0.09803922 0.05490196]  [0.21960784 0.08627451 0.04313726]  [0.21960784 0.09019608 0.04313726]  ...  [0.03921569 0.01176471 0.01568628]  [0.03921569 0.01176471 0.01568628]  [0.03921569 0.00784314 0.01176471]] ... [[0.02352941 0.         0.01176471]  [0.01960784 0.         0.00784314]  [0.01960784 0.         0.00784314]  ...  [0.00392157 0.         0.01176471]  [0.00392157 0.         0.01176471]  [0.00784314 0.         0.01568628]] [[0.01960784 0.         0.00784314]  [0.01960784 0.         0.00784314]  [0.01960784 0.         0.00784314]  ...  [0.00392157 0.         0.01176471]  [0.00392157 0.         0.01176471]  [0.00784314 0.         0.01568628]] [[0.01960784 0.         0.00784314]  [0.01960784 0.         0.00784314]  [0.01960784 0.         0.00784314]  ...  [0.00392157 0.         0.01176471]  [0.00392157 0.         0.01176471]  [0.00784314 0.         0.01568628]]]",5.090729070303496,6840,/home/amos/media/tv/The X-Files S01-S11 BluRay 10Bit 1080p Dts-HDMa5 1 HEVC-d3g/The X-Files S08 br 10bit dts hevc-d3g/The.X-Files.S08E07.Via.Negativa.1080p.BluRay.10Bit.Dts-HDMa5.1.HEVC-d3g.mkv34,1080,1920,1,212,359,653,212,64827,0.031,"[[[0.04705882 0.02745098 0.02745098]  [0.04705882 0.02745098 0.02745098]  [0.05098039 0.03137255 0.03137255]  ...  [0.07450981 0.06666667 0.05882353]  [0.07058824 0.0627451  0.05490196]  [0.0627451  0.05098039 0.05098039]] [[0.04313726 0.02352941 0.02352941]  [0.04705882 0.02745098 0.02745098]  [0.05098039 0.03137255 0.03137255]  ...  [0.07843138 0.0627451  0.05882353]  [0.07058824 0.05882353 0.05490196]  [0.0627451  0.05098039 0.05098039]] [[0.04705882 0.02745098 0.02745098]  [0.04705882 0.02745098 0.02745098]  [0.05098039 0.03137255 0.03137255]  ...  [0.07450981 0.05882353 0.05490196]  [0.07450981 0.05882353 0.05490196]  [0.06666667 0.05490196 0.05490196]] ... [[0.21568628 0.18039216 0.16470589]  [0.21960784 0.18431373 0.17254902]  [0.21568628 0.18039216 0.16862746]  ...  [0.05882353 0.03921569 0.03137255]  [0.0627451  0.04313726 0.03529412]  [0.07058824 0.04705882 0.04313726]] [[0.21176471 0.1764706  0.16078432]  [0.21568628 0.18039216 0.16862746]  [0.21176471 0.1764706  0.16470589]  ...  [0.0627451  0.04313726 0.03529412]  [0.05882353 0.03921569 0.03137255]  [0.05882353 0.03529412 0.03137255]] [[0.20784314 0.17254902 0.15686275]  [0.21176471 0.1764706  0.16470589]  [0.21176471 0.1764706  0.16470589]  ...  [0.07058824 0.05098039 0.04313726]  [0.06666667 0.05098039 0.04313726]  [0.05098039 0.03137255 0.02352941]]]",1.7959569983067922,6840,/home/amos/media/tv/The X-Files S01-S11 BluRay 10Bit 1080p Dts-HDMa5 1 HEVC-d3g/The X-Files S08 br 10bit dts hevc-d3g/The.X-Files.S08E07.Via.Negativa.1080p.BluRay.10Bit.Dts-HDMa5.1.HEVC-d3g.mkv35,1080,1920,0,54,125,1719,54,118215,0.057,"[[[0.23529412 0.23137255 0.22352941]  [0.23529412 0.23137255 0.22352941]  [0.23529412 0.23137255 0.22352941]  ...  [0.3764706  0.36078432 0.3254902 ]  [0.3764706  0.36078432 0.3254902 ]  [0.3764706  0.36078432 0.3254902 ]] [[0.23529412 0.23137255 0.22352941]  [0.23529412 0.23137255 0.22352941]  [0.23529412 0.23137255 0.22352941]  ...  [0.37254903 0.36078432 0.3254902 ]  [0.3764706  0.36078432 0.3254902 ]  [0.3764706  0.36078432 0.3254902 ]] [[0.23529412 0.23137255 0.22352941]  [0.23529412 0.23137255 0.22352941]  [0.23529412 0.23137255 0.22352941]  ...  [0.37254903 0.35686275 0.3254902 ]  [0.3764706  0.36078432 0.3254902 ]  [0.3764706  0.36078432 0.3254902 ]] ... [[0.40392157 0.40784314 0.3882353 ]  [0.40392157 0.40784314 0.3882353 ]  [0.4        0.40392157 0.39215687]  ...  [0.32156864 0.31764707 0.3019608 ]  [0.3137255  0.30588236 0.2901961 ]  [0.3137255  0.30588236 0.2901961 ]] [[0.40392157 0.40784314 0.39215687]  [0.40392157 0.40784314 0.39215687]  [0.4        0.40784314 0.39215687]  ...  [0.3254902  0.31764707 0.3019608 ]  [0.3137255  0.30588236 0.2901961 ]  [0.3137255  0.30588236 0.2901961 ]] [[0.40392157 0.40784314 0.39215687]  [0.40392157 0.40784314 0.39215687]  [0.4        0.40784314 0.39215687]  ...  [0.3254902  0.31764707 0.3019608 ]  [0.3137255  0.30588236 0.2901961 ]  [0.3137255  0.30588236 0.2901961 ]]]",2.1132100337999873,6936,/home/amos/media/tv/The X-Files S01-S11 BluRay 10Bit 1080p Dts-HDMa5 1 HEVC-d3g/The X-Files S08 br 10bit dts hevc-d3g/The.X-Files.S08E07.Via.Negativa.1080p.BluRay.10Bit.Dts-HDMa5.1.HEVC-d3g.mkv36,1080,1920,1,39,252,1171,39,241116,0.116,"[[[0.09019608 0.0627451  0.05490196]  [0.09019608 0.0627451  0.05490196]  [0.09019608 0.0627451  0.05490196]  ...  [0.09411765 0.07450981 0.0627451 ]  [0.09411765 0.07450981 0.0627451 ]  [0.09411765 0.07450981 0.0627451 ]] [[0.09019608 0.0627451  0.05490196]  [0.09019608 0.0627451  0.05490196]  [0.09019608 0.0627451  0.05490196]  ...  [0.09411765 0.07450981 0.0627451 ]  [0.09411765 0.07450981 0.0627451 ]  [0.09411765 0.07450981 0.0627451 ]] [[0.09019608 0.0627451  0.05490196]  [0.09019608 0.0627451  0.05490196]  [0.09019608 0.0627451  0.05490196]  ...  [0.09411765 0.07450981 0.0627451 ]  [0.09411765 0.07450981 0.0627451 ]  [0.09411765 0.07450981 0.0627451 ]] ... [[0.3372549  0.2784314  0.25882354]  [0.3372549  0.2784314  0.25882354]  [0.3372549  0.2784314  0.25882354]  ...  [0.10980392 0.10588235 0.09411765]  [0.10980392 0.10588235 0.09411765]  [0.10980392 0.10588235 0.09411765]] [[0.3372549  0.2784314  0.25882354]  [0.3372549  0.2784314  0.25882354]  [0.3372549  0.2784314  0.25882354]  ...  [0.10980392 0.10588235 0.09411765]  [0.10980392 0.10588235 0.09411765]  [0.10980392 0.10588235 0.09411765]] [[0.3372549  0.2784314  0.25882354]  [0.3372549  0.2784314  0.25882354]  [0.3372549  0.2784314  0.25882354]  ...  [0.10980392 0.10588235 0.09411765]  [0.10980392 0.10588235 0.09411765]  [0.10980392 0.10588235 0.09411765]]]",3.5799189806566574,6936,/home/amos/media/tv/The X-Files S01-S11 BluRay 10Bit 1080p Dts-HDMa5 1 HEVC-d3g/The X-Files S08 br 10bit dts hevc-d3g/The.X-Files.S08E07.Via.Negativa.1080p.BluRay.10Bit.Dts-HDMa5.1.HEVC-d3g.mkv37,1080,1920,0,52,223,1439,52,237177,0.114,"[[[0.22352941 0.23921569 0.1882353 ]  [0.22352941 0.23921569 0.1882353 ]  [0.22745098 0.24313726 0.19215687]  ...  [0.13725491 0.16470589 0.13333334]  [0.13725491 0.16470589 0.13333334]  [0.13725491 0.16470589 0.13333334]] [[0.22352941 0.23921569 0.1882353 ]  [0.22352941 0.23921569 0.1882353 ]  [0.22745098 0.24313726 0.19215687]  ...  [0.13725491 0.16470589 0.13333334]  [0.13725491 0.16470589 0.13333334]  [0.13725491 0.16470589 0.13333334]] [[0.23137255 0.24313726 0.19215687]  [0.23137255 0.24313726 0.19215687]  [0.23529412 0.24705882 0.19607843]  ...  [0.13725491 0.16470589 0.13333334]  [0.13725491 0.16470589 0.13333334]  [0.13725491 0.16470589 0.13333334]] ... [[0.09803922 0.07058824 0.04705882]  [0.09803922 0.07058824 0.04705882]  [0.09803922 0.07058824 0.04705882]  ...  [0.16470589 0.14509805 0.11372549]  [0.16470589 0.14509805 0.11372549]  [0.16470589 0.14509805 0.11372549]] [[0.09803922 0.07058824 0.04705882]  [0.09803922 0.07058824 0.04705882]  [0.09803922 0.07058824 0.04705882]  ...  [0.16078432 0.14509805 0.11372549]  [0.16470589 0.14509805 0.11372549]  [0.16470589 0.14509805 0.11372549]] [[0.09803922 0.07058824 0.04705882]  [0.09803922 0.07058824 0.04705882]  [0.09803922 0.07058824 0.04705882]  ...  [0.16078432 0.14509805 0.11372549]  [0.16470589 0.14509805 0.11372549]  [0.16470589 0.14509805 0.11372549]]]",9.587943137332331,6960,/home/amos/media/tv/The X-Files S01-S11 BluRay 10Bit 1080p Dts-HDMa5 1 HEVC-d3g/The X-Files S08 br 10bit dts hevc-d3g/The.X-Files.S08E07.Via.Negativa.1080p.BluRay.10Bit.Dts-HDMa5.1.HEVC-d3g.mkv38,1080,1920,1,59,222,1629,59,255910,0.123,"[[[0.16078432 0.21960784 0.14117648]  [0.16078432 0.21960784 0.14117648]  [0.16078432 0.21960784 0.14509805]  ...  [0.15294118 0.17254902 0.1764706 ]  [0.15294118 0.17254902 0.1764706 ]  [0.15294118 0.17254902 0.1764706 ]] [[0.16078432 0.21960784 0.14117648]  [0.16078432 0.21960784 0.14117648]  [0.16078432 0.21960784 0.14509805]  ...  [0.15294118 0.17254902 0.1764706 ]  [0.15294118 0.17254902 0.1764706 ]  [0.15294118 0.17254902 0.1764706 ]] [[0.15686275 0.21960784 0.14117648]  [0.15686275 0.21960784 0.14117648]  [0.16078432 0.21568628 0.14509805]  ...  [0.14901961 0.16862746 0.17254902]  [0.14901961 0.16862746 0.17254902]  [0.14901961 0.16862746 0.17254902]] ... [[0.12941177 0.1882353  0.11372549]  [0.12941177 0.1882353  0.11372549]  [0.13333334 0.1882353  0.11764706]  ...  [0.12156863 0.1254902  0.10980392]  [0.10980392 0.11372549 0.10196079]  [0.10980392 0.11372549 0.10196079]] [[0.12941177 0.1882353  0.11372549]  [0.12941177 0.1882353  0.11372549]  [0.12941177 0.1882353  0.11372549]  ...  [0.11372549 0.11764706 0.10588235]  [0.10588235 0.10980392 0.09803922]  [0.10588235 0.10980392 0.09803922]] [[0.12941177 0.1882353  0.11372549]  [0.12941177 0.1882353  0.11372549]  [0.12941177 0.1882353  0.11372549]  ...  [0.11372549 0.11764706 0.10588235]  [0.10588235 0.10980392 0.09803922]  [0.10588235 0.10980392 0.09803922]]]",8.702345130441245,6960,/home/amos/media/tv/The X-Files S01-S11 BluRay 10Bit 1080p Dts-HDMa5 1 HEVC-d3g/The X-Files S08 br 10bit dts hevc-d3g/The.X-Files.S08E07.Via.Negativa.1080p.BluRay.10Bit.Dts-HDMa5.1.HEVC-d3g.mkv39,1080,1920,2,60,248,828,60,144384,0.07,"[[[0.45882353 0.39607844 0.33333334]  [0.45882353 0.39607844 0.33333334]  [0.4509804  0.3882353  0.3254902 ]  ...  [0.29411766 0.2627451  0.21176471]  [0.27450982 0.24313726 0.19215687]  [0.27450982 0.24313726 0.19215687]] [[0.45882353 0.39607844 0.33333334]  [0.45882353 0.39607844 0.33333334]  [0.4509804  0.3882353  0.3254902 ]  ...  [0.29411766 0.2627451  0.21176471]  [0.27450982 0.24313726 0.19215687]  [0.27450982 0.24313726 0.19215687]] [[0.4509804  0.3882353  0.3254902 ]  [0.4509804  0.3882353  0.3254902 ]  [0.44313726 0.38431373 0.32156864]  ...  [0.3019608  0.27058825 0.21960784]  [0.28235295 0.2509804  0.2       ]  [0.28235295 0.2509804  0.2       ]] ... [[0.08235294 0.08235294 0.05882353]  [0.08235294 0.08235294 0.05882353]  [0.08235294 0.08235294 0.05882353]  ...  [0.3372549  0.27450982 0.24705882]  [0.33333334 0.27058825 0.24705882]  [0.33333334 0.27058825 0.24705882]] [[0.08235294 0.08235294 0.05882353]  [0.08235294 0.08235294 0.05882353]  [0.08235294 0.08235294 0.05882353]  ...  [0.36862746 0.3019608  0.2784314 ]  [0.36862746 0.3019608  0.2784314 ]  [0.36862746 0.3019608  0.2784314 ]] [[0.08235294 0.08235294 0.05882353]  [0.08235294 0.08235294 0.05882353]  [0.08235294 0.08235294 0.05882353]  ...  [0.36862746 0.3019608  0.2784314 ]  [0.36862746 0.3019608  0.2784314 ]  [0.36862746 0.3019608  0.2784314 ]]]",7.694099123531487,6960,/home/amos/media/tv/The X-Files S01-S11 BluRay 10Bit 1080p Dts-HDMa5 1 HEVC-d3g/The X-Files S08 br 10bit dts hevc-d3g/The.X-Files.S08E07.Via.Negativa.1080p.BluRay.10Bit.Dts-HDMa5.1.HEVC-d3g.mkv40,1080,1920,3,60,528,662,60,281736,0.136,"[[[0.3372549  0.33333334 0.3372549 ]  [0.3372549  0.33333334 0.3372549 ]  [0.3372549  0.3372549  0.3372549 ]  ...  [0.3254902  0.3372549  0.34509805]  [0.32941177 0.34117648 0.34901962]  [0.32941177 0.34117648 0.34901962]] [[0.3372549  0.33333334 0.3372549 ]  [0.3372549  0.33333334 0.3372549 ]  [0.34117648 0.3372549  0.34117648]  ...  [0.3254902  0.3372549  0.34509805]  [0.32941177 0.34117648 0.34901962]  [0.32941177 0.34117648 0.34901962]] [[0.33333334 0.32941177 0.33333334]  [0.33333334 0.32941177 0.33333334]  [0.3372549  0.33333334 0.3372549 ]  ...  [0.33333334 0.34509805 0.3529412 ]  [0.3372549  0.34901962 0.3529412 ]  [0.3372549  0.34901962 0.3529412 ]] ... [[0.12156863 0.12941177 0.11764706]  [0.12156863 0.12941177 0.11764706]  [0.1254902  0.13333334 0.12156863]  ...  [0.54901963 0.5803922  0.6039216 ]  [0.54901963 0.5803922  0.6039216 ]  [0.54901963 0.5803922  0.6039216 ]] [[0.11764706 0.1254902  0.11372549]  [0.11764706 0.1254902  0.11372549]  [0.12156863 0.1254902  0.11764706]  ...  [0.5529412  0.58431375 0.60784316]  [0.5529412  0.58431375 0.60784316]  [0.5529412  0.58431375 0.60784316]] [[0.11764706 0.1254902  0.11372549]  [0.11764706 0.1254902  0.11372549]  [0.11764706 0.1254902  0.11764706]  ...  [0.5529412  0.58431375 0.60784316]  [0.5529412  0.58431375 0.60784316]  [0.5529412  0.58431375 0.60784316]]]",1.8959580298396759,6960,/home/amos/media/tv/The X-Files S01-S11 BluRay 10Bit 1080p Dts-HDMa5 1 HEVC-d3g/The X-Files S08 br 10bit dts hevc-d3g/The.X-Files.S08E07.Via.Negativa.1080p.BluRay.10Bit.Dts-HDMa5.1.HEVC-d3g.mkv41,1080,1920,0,75,188,1746,75,188823,0.091,"[[[0.30588236 0.25490198 0.21568628]  [0.30588236 0.25490198 0.21568628]  [0.29803923 0.24705882 0.20784314]  ...  [0.21568628 0.17254902 0.13333334]  [0.21568628 0.17254902 0.13333334]  [0.21568628 0.17254902 0.13333334]] [[0.30588236 0.25490198 0.21568628]  [0.30588236 0.25490198 0.21568628]  [0.29803923 0.24705882 0.20784314]  ...  [0.21568628 0.17254902 0.13333334]  [0.21568628 0.17254902 0.13333334]  [0.21568628 0.17254902 0.13333334]] [[0.3019608  0.25490198 0.21176471]  [0.3019608  0.25490198 0.21176471]  [0.29803923 0.24705882 0.20784314]  ...  [0.21568628 0.17254902 0.13333334]  [0.21568628 0.17254902 0.13333334]  [0.21568628 0.17254902 0.13333334]] ... [[0.13333334 0.13725491 0.11764706]  [0.13333334 0.13725491 0.11764706]  [0.13333334 0.13725491 0.11764706]  ...  [0.06666667 0.07450981 0.03921569]  [0.06666667 0.07450981 0.03921569]  [0.06666667 0.07450981 0.03921569]] [[0.13333334 0.13725491 0.11764706]  [0.13333334 0.13725491 0.11764706]  [0.13333334 0.13725491 0.11764706]  ...  [0.06666667 0.07450981 0.03921569]  [0.0627451  0.07058824 0.03529412]  [0.0627451  0.07058824 0.03529412]] [[0.13333334 0.13725491 0.11764706]  [0.13333334 0.13725491 0.11764706]  [0.13333334 0.13725491 0.11764706]  ...  [0.06666667 0.07058824 0.03529412]  [0.0627451  0.07058824 0.03529412]  [0.0627451  0.07058824 0.03529412]]]",11.6552831348381,6984,/home/amos/media/tv/The X-Files S01-S11 BluRay 10Bit 1080p Dts-HDMa5 1 HEVC-d3g/The X-Files S08 br 10bit dts hevc-d3g/The.X-Files.S08E07.Via.Negativa.1080p.BluRay.10Bit.Dts-HDMa5.1.HEVC-d3g.mkv42,1080,1920,1,62,227,1009,62,156255,0.075,"[[[0.16078432 0.18431373 0.13725491]  [0.16078432 0.18431373 0.13725491]  [0.15686275 0.18039216 0.13725491]  ...  [0.10980392 0.13725491 0.10980392]  [0.11764706 0.14509805 0.11764706]  [0.11764706 0.14509805 0.11764706]] [[0.16078432 0.18431373 0.13725491]  [0.16078432 0.18431373 0.13725491]  [0.15686275 0.18039216 0.13725491]  ...  [0.10980392 0.13725491 0.10980392]  [0.11764706 0.14509805 0.11764706]  [0.11764706 0.14509805 0.11764706]] [[0.15686275 0.18039216 0.13333334]  [0.15686275 0.18039216 0.13333334]  [0.15686275 0.18039216 0.13333334]  ...  [0.11372549 0.14117648 0.11372549]  [0.12156863 0.14901961 0.12156863]  [0.12156863 0.14901961 0.12156863]] ... [[0.18431373 0.19607843 0.20392157]  [0.18431373 0.19607843 0.20392157]  [0.18431373 0.19215687 0.20392157]  ...  [0.09803922 0.1254902  0.08235294]  [0.09803922 0.1254902  0.08235294]  [0.09803922 0.1254902  0.08235294]] [[0.18431373 0.19607843 0.20392157]  [0.18431373 0.19607843 0.20392157]  [0.18431373 0.19215687 0.20392157]  ...  [0.09803922 0.1254902  0.08235294]  [0.09803922 0.1254902  0.08235294]  [0.09803922 0.1254902  0.08235294]] [[0.18431373 0.19607843 0.20392157]  [0.18431373 0.19607843 0.20392157]  [0.18431373 0.19215687 0.20392157]  ...  [0.09803922 0.1254902  0.08235294]  [0.09803922 0.1254902  0.08235294]  [0.09803922 0.1254902  0.08235294]]]",9.309211083862465,6984,/home/amos/media/tv/The X-Files S01-S11 BluRay 10Bit 1080p Dts-HDMa5 1 HEVC-d3g/The X-Files S08 br 10bit dts hevc-d3g/The.X-Files.S08E07.Via.Negativa.1080p.BluRay.10Bit.Dts-HDMa5.1.HEVC-d3g.mkv43,1080,1920,2,79,285,643,79,116184,0.056,"[[[0.36078432 0.34901962 0.37254903]  [0.36078432 0.34901962 0.37254903]  [0.3647059  0.3529412  0.3764706 ]  ...  [0.3137255  0.24705882 0.19607843]  [0.3254902  0.2627451  0.20784314]  [0.3254902  0.2627451  0.20784314]] [[0.36078432 0.34901962 0.37254903]  [0.36078432 0.34901962 0.37254903]  [0.3647059  0.3529412  0.3764706 ]  ...  [0.30980393 0.24705882 0.19215687]  [0.32156864 0.2627451  0.20392157]  [0.3254902  0.2627451  0.20784314]] [[0.3764706  0.3647059  0.3882353 ]  [0.3764706  0.3647059  0.39215687]  [0.3764706  0.3647059  0.39215687]  ...  [0.30588236 0.24313726 0.1882353 ]  [0.3137255  0.25490198 0.2       ]  [0.31764707 0.25490198 0.2       ]] ... [[0.09411765 0.10980392 0.07450981]  [0.09411765 0.10980392 0.07450981]  [0.09803922 0.11372549 0.07450981]  ...  [0.15686275 0.1764706  0.13725491]  [0.14901961 0.16862746 0.1254902 ]  [0.14901961 0.16862746 0.1254902 ]] [[0.10196079 0.11764706 0.08235294]  [0.10196079 0.11764706 0.08235294]  [0.10196079 0.11764706 0.08235294]  ...  [0.17254902 0.19215687 0.14901961]  [0.16078432 0.18039216 0.13725491]  [0.16078432 0.18039216 0.13725491]] [[0.10196079 0.11764706 0.08235294]  [0.10196079 0.11764706 0.08235294]  [0.10196079 0.11764706 0.08235294]  ...  [0.17254902 0.19215687 0.14901961]  [0.16078432 0.18039216 0.13725491]  [0.16078432 0.18039216 0.13725491]]]",4.493576032051351,6984,/home/amos/media/tv/The X-Files S01-S11 BluRay 10Bit 1080p Dts-HDMa5 1 HEVC-d3g/The X-Files S08 br 10bit dts hevc-d3g/The.X-Files.S08E07.Via.Negativa.1080p.BluRay.10Bit.Dts-HDMa5.1.HEVC-d3g.mkv44,1080,1920,0,85,136,579,85,25194,0.012,"[[[0.10980392 0.12941177 0.09019608]  [0.10980392 0.12941177 0.09019608]  [0.10980392 0.12941177 0.09019608]  ...  [0.08235294 0.10588235 0.07058824]  [0.07843138 0.10196079 0.06666667]  [0.07843138 0.10196079 0.06666667]] [[0.10980392 0.12941177 0.09019608]  [0.10980392 0.12941177 0.09019608]  [0.10980392 0.12941177 0.09019608]  ...  [0.08235294 0.10588235 0.07058824]  [0.07843138 0.10196079 0.06666667]  [0.07843138 0.10196079 0.06666667]] [[0.10980392 0.12941177 0.09019608]  [0.10980392 0.12941177 0.09019608]  [0.11372549 0.12941177 0.09019608]  ...  [0.08235294 0.10588235 0.07058824]  [0.07843138 0.10196079 0.06666667]  [0.07843138 0.10196079 0.06666667]] ... [[0.17254902 0.2        0.19607843]  [0.17254902 0.2        0.19607843]  [0.1764706  0.20392157 0.2       ]  ...  [0.09019608 0.13333334 0.08627451]  [0.08627451 0.12941177 0.08235294]  [0.08627451 0.12941177 0.08235294]] [[0.17254902 0.2        0.19607843]  [0.17254902 0.2        0.19607843]  [0.1764706  0.20392157 0.2       ]  ...  [0.09803922 0.14117648 0.09411765]  [0.09411765 0.13725491 0.09019608]  [0.09411765 0.13725491 0.08627451]] [[0.17254902 0.2        0.19607843]  [0.17254902 0.2        0.19607843]  [0.1764706  0.20392157 0.2       ]  ...  [0.09803922 0.14117648 0.09411765]  [0.09411765 0.13725491 0.09019608]  [0.09411765 0.13725491 0.09019608]]]",7.82321810250869,7008,/home/amos/media/tv/The X-Files S01-S11 BluRay 10Bit 1080p Dts-HDMa5 1 HEVC-d3g/The X-Files S08 br 10bit dts hevc-d3g/The.X-Files.S08E07.Via.Negativa.1080p.BluRay.10Bit.Dts-HDMa5.1.HEVC-d3g.mkv45,1080,1920,0,203,254,1014,203,41361,0.02,"[[[0.41960785 0.43529412 0.48235294]  [0.41568628 0.43137255 0.47843137]  [0.40784314 0.43137255 0.45490196]  ...  [0.16862746 0.21176471 0.21568628]  [0.16470589 0.20392157 0.21176471]  [0.16078432 0.19607843 0.21176471]] [[0.43137255 0.44705883 0.49411765]  [0.42352942 0.4392157  0.4862745 ]  [0.4117647  0.43529412 0.4627451 ]  ...  [0.16078432 0.2        0.20784314]  [0.15686275 0.19607843 0.20392157]  [0.14901961 0.18431373 0.2       ]] [[0.41960785 0.43529412 0.48235294]  [0.4        0.41960785 0.4627451 ]  [0.37254903 0.39215687 0.41960785]  ...  [0.15686275 0.19607843 0.20392157]  [0.14901961 0.1882353  0.19607843]  [0.14509805 0.18039216 0.19215687]] ... [[0.36862746 0.34117648 0.3254902 ]  [0.36078432 0.33333334 0.31764707]  [0.35686275 0.3254902  0.30980393]  ...  [0.01568628 0.01568628 0.00784314]  [0.01176471 0.01176471 0.00392157]  [0.01176471 0.00784314 0.00392157]] [[0.37254903 0.34509805 0.31764707]  [0.3647059  0.3372549  0.30980393]  [0.34901962 0.32156864 0.3019608 ]  ...  [0.01960784 0.01960784 0.01176471]  [0.01568628 0.01568628 0.00784314]  [0.01568628 0.01176471 0.00784314]] [[0.3764706  0.3529412  0.30980393]  [0.3764706  0.3529412  0.30980393]  [0.3647059  0.3372549  0.3137255 ]  ...  [0.01960784 0.01960784 0.01176471]  [0.01568628 0.01568628 0.00784314]  [0.01568628 0.01176471 0.00784314]]]",1.7315160305588506,7296,/home/amos/media/tv/The X-Files S01-S11 BluRay 10Bit 1080p Dts-HDMa5 1 HEVC-d3g/The X-Files S08 br 10bit dts hevc-d3g/The.X-Files.S08E07.Via.Negativa.1080p.BluRay.10Bit.Dts-HDMa5.1.HEVC-d3g.mkv46,1080,1920,1,162,786,904,162,463008,0.223,"[[[0.11764706 0.11372549 0.08627451]  [0.12156863 0.11764706 0.09019608]  [0.1254902  0.12156863 0.09411765]  ...  [0.43137255 0.39607844 0.36862746]  [0.41960785 0.38431373 0.35686275]  [0.40784314 0.37254903 0.34509805]] [[0.11372549 0.10980392 0.08235294]  [0.11764706 0.11764706 0.08627451]  [0.12156863 0.11764706 0.09019608]  ...  [0.42352942 0.3882353  0.3647059 ]  [0.41568628 0.38039216 0.3529412 ]  [0.4        0.3647059  0.3372549 ]] [[0.10980392 0.10588235 0.07843138]  [0.11764706 0.11372549 0.08627451]  [0.12156863 0.11764706 0.09019608]  ...  [0.41960785 0.38431373 0.35686275]  [0.40784314 0.37254903 0.34509805]  [0.39215687 0.35686275 0.32941177]] ... [[0.04313726 0.03529412 0.02352941]  [0.04705882 0.03921569 0.02745098]  [0.05098039 0.04313726 0.03137255]  ...  [0.24313726 0.21568628 0.16470589]  [0.24313726 0.21176471 0.16078432]  [0.24705882 0.21568628 0.16078432]] [[0.04705882 0.03921569 0.02745098]  [0.05098039 0.04313726 0.03137255]  [0.05098039 0.04313726 0.03137255]  ...  [0.24705882 0.21960784 0.16470589]  [0.2509804  0.22352941 0.16470589]  [0.25490198 0.22745098 0.17254902]] [[0.05098039 0.04313726 0.03137255]  [0.05098039 0.04313726 0.03137255]  [0.05490196 0.04705882 0.03529412]  ...  [0.2509804  0.22352941 0.16862746]  [0.25882354 0.23137255 0.17254902]  [0.26666668 0.23921569 0.18039216]]]",1.5011440121452324,7296,/home/amos/media/tv/The X-Files S01-S11 BluRay 10Bit 1080p Dts-HDMa5 1 HEVC-d3g/The X-Files S08 br 10bit dts hevc-d3g/The.X-Files.S08E07.Via.Negativa.1080p.BluRay.10Bit.Dts-HDMa5.1.HEVC-d3g.mkv47,1080,1920,0,187,798,1639,187,887172,0.428,"[[[0.01568628 0.00784314 0.01568628]  [0.01960784 0.01176471 0.01960784]  [0.01960784 0.01568628 0.01960784]  ...  [0.07058824 0.0627451  0.05098039]  [0.07058824 0.0627451  0.05098039]  [0.         0.         0.        ]] [[0.01568628 0.00784314 0.01568628]  [0.01960784 0.01176471 0.01960784]  [0.01960784 0.01176471 0.01960784]  ...  [0.07058824 0.0627451  0.05490196]  [0.07450981 0.06666667 0.05490196]  [0.         0.         0.        ]] [[0.01960784 0.01176471 0.01568628]  [0.01960784 0.01176471 0.01960784]  [0.02352941 0.01176471 0.01960784]  ...  [0.07058824 0.0627451  0.05490196]  [0.07450981 0.06666667 0.0627451 ]  [0.         0.         0.        ]] ... [[0.13333334 0.10980392 0.08627451]  [0.14509805 0.11764706 0.09411765]  [0.15686275 0.12941177 0.10588235]  ...  [0.07843138 0.0627451  0.05098039]  [0.07843138 0.0627451  0.05098039]  [0.         0.         0.        ]] [[0.14117648 0.11764706 0.09411765]  [0.15294118 0.1254902  0.10196079]  [0.16470589 0.13725491 0.11372549]  ...  [0.08235294 0.06666667 0.05490196]  [0.08235294 0.06666667 0.05490196]  [0.         0.         0.        ]] [[0.         0.         0.        ]  [0.         0.         0.        ]  [0.         0.         0.        ]  ...  [0.         0.         0.        ]  [0.         0.         0.        ]  [0.         0.         0.        ]]]",0.9335680282092653,7320,/home/amos/media/tv/The X-Files S01-S11 BluRay 10Bit 1080p Dts-HDMa5 1 HEVC-d3g/The X-Files S08 br 10bit dts hevc-d3g/The.X-Files.S08E07.Via.Negativa.1080p.BluRay.10Bit.Dts-HDMa5.1.HEVC-d3g.mkv48,1080,1920,0,62,216,1166,62,170016,0.082,"[[[0.2901961  0.30980393 0.29411766]  [0.2901961  0.30980393 0.29411766]  [0.28235295 0.3019608  0.28627452]  ...  [0.15686275 0.19215687 0.1882353 ]  [0.15686275 0.19215687 0.1882353 ]  [0.15686275 0.19215687 0.1882353 ]] [[0.2901961  0.30980393 0.29411766]  [0.2901961  0.30980393 0.29411766]  [0.28235295 0.3019608  0.28627452]  ...  [0.15686275 0.19215687 0.1882353 ]  [0.15686275 0.19215687 0.1882353 ]  [0.15686275 0.19215687 0.1882353 ]] [[0.2901961  0.30980393 0.29411766]  [0.2901961  0.30980393 0.29411766]  [0.28235295 0.3019608  0.28627452]  ...  [0.16078432 0.19607843 0.1882353 ]  [0.15686275 0.19215687 0.1882353 ]  [0.15686275 0.19215687 0.1882353 ]] ... [[0.2509804  0.2784314  0.25882354]  [0.2509804  0.2784314  0.25882354]  [0.24705882 0.2784314  0.25882354]  ...  [0.19607843 0.25490198 0.24705882]  [0.19215687 0.2509804  0.24313726]  [0.19215687 0.2509804  0.24313726]] [[0.2509804  0.2784314  0.25882354]  [0.2509804  0.2784314  0.25882354]  [0.24705882 0.27450982 0.25882354]  ...  [0.19607843 0.25490198 0.24705882]  [0.19215687 0.2509804  0.24313726]  [0.19215687 0.2509804  0.24313726]] [[0.2509804  0.2784314  0.25882354]  [0.2509804  0.2784314  0.25882354]  [0.2509804  0.2784314  0.25490198]  ...  [0.19607843 0.25490198 0.24705882]  [0.19215687 0.2509804  0.24313726]  [0.19215687 0.2509804  0.24313726]]]",1.711840099596884,7368,/home/amos/media/tv/The X-Files S01-S11 BluRay 10Bit 1080p Dts-HDMa5 1 HEVC-d3g/The X-Files S08 br 10bit dts hevc-d3g/The.X-Files.S08E07.Via.Negativa.1080p.BluRay.10Bit.Dts-HDMa5.1.HEVC-d3g.mkv49,1080,1920,1,80,190,1351,80,139810,0.067,"[[[0.20784314 0.19215687 0.18039216]  [0.20784314 0.19215687 0.18039216]  [0.21568628 0.19607843 0.1882353 ]  ...  [0.11764706 0.14901961 0.12156863]  [0.11764706 0.14901961 0.12156863]  [0.11764706 0.14901961 0.12156863]] [[0.20784314 0.19215687 0.18039216]  [0.20784314 0.19215687 0.18039216]  [0.21176471 0.19607843 0.18431373]  ...  [0.11764706 0.14901961 0.12156863]  [0.11764706 0.14901961 0.12156863]  [0.11764706 0.14901961 0.12156863]] [[0.20392157 0.1882353  0.1764706 ]  [0.20784314 0.19215687 0.18039216]  [0.21176471 0.19607843 0.18431373]  ...  [0.12156863 0.15294118 0.1254902 ]  [0.12156863 0.15294118 0.1254902 ]  [0.12156863 0.15686275 0.12941177]] ... [[0.39607844 0.3137255  0.30980393]  [0.39607844 0.3137255  0.30588236]  [0.38431373 0.30588236 0.3019608 ]  ...  [0.10196079 0.12941177 0.12941177]  [0.10588235 0.12941177 0.12941177]  [0.10588235 0.12941177 0.12941177]] [[0.4        0.31764707 0.3137255 ]  [0.4        0.31764707 0.3137255 ]  [0.39215687 0.30980393 0.30588236]  ...  [0.10196079 0.1254902  0.1254902 ]  [0.10588235 0.12941177 0.12941177]  [0.10588235 0.12941177 0.12941177]] [[0.4        0.31764707 0.3137255 ]  [0.4        0.31764707 0.3137255 ]  [0.39215687 0.3137255  0.30588236]  ...  [0.10588235 0.1254902  0.1254902 ]  [0.10588235 0.12941177 0.12941177]  [0.10588235 0.12941177 0.12941177]]]",8.108927110151853,7368,/home/amos/media/tv/The X-Files S01-S11 BluRay 10Bit 1080p Dts-HDMa5 1 HEVC-d3g/The X-Files S08 br 10bit dts hevc-d3g/The.X-Files.S08E07.Via.Negativa.1080p.BluRay.10Bit.Dts-HDMa5.1.HEVC-d3g.mkv50,1080,1920,0,190,126,774,190,37376,0.018,"[[[0.30980393 0.4        0.4       ]  [0.3137255  0.40392157 0.40392157]  [0.3019608  0.39215687 0.39215687]  ...  [0.28235295 0.34117648 0.34117648]  [0.28627452 0.34509805 0.34509805]  [0.         0.         0.        ]] [[0.31764707 0.40392157 0.40392157]  [0.32156864 0.4117647  0.4117647 ]  [0.31764707 0.40784314 0.40784314]  ...  [0.28235295 0.34509805 0.34509805]  [0.2901961  0.3529412  0.3529412 ]  [0.         0.         0.        ]] [[0.3137255  0.4        0.4       ]  [0.32941177 0.41568628 0.41568628]  [0.32941177 0.41568628 0.41568628]  ...  [0.30588236 0.36862746 0.37254903]  [0.30588236 0.36862746 0.37254903]  [0.         0.         0.        ]] ... [[0.09803922 0.09411765 0.08235294]  [0.09803922 0.09411765 0.08235294]  [0.09411765 0.09019608 0.07843138]  ...  [0.5529412  0.56078434 0.5882353 ]  [0.52156866 0.53333336 0.56078434]  [0.         0.         0.        ]] [[0.09411765 0.09019608 0.07843138]  [0.09411765 0.09019608 0.07843138]  [0.09019608 0.08627451 0.07450981]  ...  [0.5647059  0.57254905 0.6039216 ]  [0.53333336 0.5411765  0.57254905]  [0.         0.         0.        ]] [[0.         0.         0.        ]  [0.         0.         0.        ]  [0.         0.         0.        ]  ...  [0.         0.         0.        ]  [0.         0.         0.        ]  [0.         0.         0.        ]]]",9.74933405633783,7392,/home/amos/media/tv/The X-Files S01-S11 BluRay 10Bit 1080p Dts-HDMa5 1 HEVC-d3g/The X-Files S08 br 10bit dts hevc-d3g/The.X-Files.S08E07.Via.Negativa.1080p.BluRay.10Bit.Dts-HDMa5.1.HEVC-d3g.mkv51,1080,1920,0,211,136,577,211,27450,0.013,"[[[0.18431373 0.19215687 0.18039216]  [0.18431373 0.19215687 0.18039216]  [0.1882353  0.19607843 0.18431373]  ...  [0.14509805 0.11372549 0.09411765]  [0.14117648 0.11372549 0.09411765]  [0.14117648 0.11372549 0.09411765]] [[0.1882353  0.19607843 0.18431373]  [0.19215687 0.2        0.18431373]  [0.1882353  0.19607843 0.18431373]  ...  [0.14509805 0.11372549 0.09803922]  [0.14117648 0.11372549 0.09411765]  [0.14117648 0.11372549 0.09411765]] [[0.19215687 0.2        0.1882353 ]  [0.19607843 0.20392157 0.19215687]  [0.19215687 0.2        0.1882353 ]  ...  [0.14117648 0.10980392 0.09411765]  [0.14117648 0.11372549 0.09411765]  [0.14117648 0.11372549 0.09411765]] ... [[0.1764706  0.19215687 0.18431373]  [0.2        0.21960784 0.21176471]  [0.22352941 0.24313726 0.23921569]  ...  [0.12156863 0.11764706 0.13725491]  [0.11372549 0.10980392 0.1254902 ]  [0.11372549 0.10980392 0.1254902 ]] [[0.18431373 0.2        0.19215687]  [0.20784314 0.22352941 0.22352941]  [0.23921569 0.25490198 0.25490198]  ...  [0.12156863 0.11764706 0.13725491]  [0.11372549 0.10980392 0.1254902 ]  [0.10588235 0.10196079 0.11764706]] [[0.1882353  0.20392157 0.2       ]  [0.21176471 0.22745098 0.22745098]  [0.24705882 0.2627451  0.2627451 ]  ...  [0.12156863 0.11764706 0.13725491]  [0.11372549 0.10980392 0.12156863]  [0.09803922 0.09411765 0.10980392]]]",10.59302214923082,7416,/home/amos/media/tv/The X-Files S01-S11 BluRay 10Bit 1080p Dts-HDMa5 1 HEVC-d3g/The X-Files S08 br 10bit dts hevc-d3g/The.X-Files.S08E07.Via.Negativa.1080p.BluRay.10Bit.Dts-HDMa5.1.HEVC-d3g.mkv52,1080,1920,1,267,41,916,267,146674,0.071,"[[[0.1882353  0.14901961 0.12941177]  [0.18431373 0.14901961 0.12941177]  [0.18039216 0.14117648 0.12156863]  ...  [0.23529412 0.30980393 0.30980393]  [0.24313726 0.3137255  0.3137255 ]  [0.24705882 0.32156864 0.32156864]] [[0.18431373 0.14509805 0.1254902 ]  [0.18039216 0.14117648 0.12156863]  [0.1764706  0.13725491 0.11764706]  ...  [0.23137255 0.30588236 0.30588236]  [0.23529412 0.30980393 0.30980393]  [0.24313726 0.31764707 0.31764707]] [[0.17254902 0.13725491 0.11764706]  [0.17254902 0.13725491 0.11764706]  [0.16862746 0.13333334 0.11372549]  ...  [0.23137255 0.30588236 0.30588236]  [0.23529412 0.30980393 0.30980393]  [0.23921569 0.3137255  0.3137255 ]] ... [[0.18431373 0.14117648 0.11764706]  [0.18431373 0.13725491 0.11764706]  [0.1882353  0.14117648 0.11764706]  ...  [0.05490196 0.05098039 0.03921569]  [0.05882353 0.05490196 0.04313726]  [0.05882353 0.05490196 0.03921569]] [[0.18431373 0.14509805 0.12156863]  [0.18431373 0.14117648 0.11764706]  [0.18039216 0.14117648 0.11764706]  ...  [0.05098039 0.04705882 0.03529412]  [0.05490196 0.05490196 0.04313726]  [0.05882353 0.05490196 0.04313726]] [[0.16470589 0.12941177 0.10588235]  [0.16470589 0.12941177 0.10588235]  [0.16862746 0.13333334 0.10980392]  ...  [0.05490196 0.05098039 0.03921569]  [0.05882353 0.05882353 0.04705882]  [0.0627451  0.05882353 0.04705882]]]",2.4091310337535106,7416,/home/amos/media/tv/The X-Files S01-S11 BluRay 10Bit 1080p Dts-HDMa5 1 HEVC-d3g/The X-Files S08 br 10bit dts hevc-d3g/The.X-Files.S08E07.Via.Negativa.1080p.BluRay.10Bit.Dts-HDMa5.1.HEVC-d3g.mkv53,1080,1920,0,52,194,1440,52,197096,0.095,"[[[0.11372549 0.09019608 0.07450981]  [0.11372549 0.09019608 0.07450981]  [0.11372549 0.09019608 0.07450981]  ...  [0.09019608 0.10588235 0.09803922]  [0.09019608 0.10588235 0.09803922]  [0.09019608 0.10588235 0.09803922]] [[0.11372549 0.09019608 0.07450981]  [0.11372549 0.09019608 0.07450981]  [0.11372549 0.09019608 0.07450981]  ...  [0.09019608 0.10588235 0.09803922]  [0.09019608 0.10588235 0.09803922]  [0.09019608 0.10588235 0.09803922]] [[0.11372549 0.09019608 0.07450981]  [0.11372549 0.09019608 0.07450981]  [0.11372549 0.09019608 0.07450981]  ...  [0.09019608 0.10588235 0.09803922]  [0.09019608 0.10588235 0.09803922]  [0.09019608 0.10588235 0.09803922]] ... [[0.2        0.12941177 0.08627451]  [0.2        0.12941177 0.08627451]  [0.2        0.12941177 0.09019608]  ...  [0.05098039 0.0627451  0.04705882]  [0.05098039 0.0627451  0.04705882]  [0.05098039 0.0627451  0.04705882]] [[0.2        0.12941177 0.08627451]  [0.2        0.12941177 0.08627451]  [0.20392157 0.13333334 0.08627451]  ...  [0.05098039 0.0627451  0.04705882]  [0.05098039 0.0627451  0.04705882]  [0.05098039 0.0627451  0.04705882]] [[0.2        0.12941177 0.08627451]  [0.2        0.12941177 0.08627451]  [0.20392157 0.12941177 0.08627451]  ...  [0.05098039 0.0627451  0.04705882]  [0.05098039 0.0627451  0.04705882]  [0.05098039 0.0627451  0.04705882]]]",0.06968400330515578,7440,/home/amos/media/tv/The X-Files S01-S11 BluRay 10Bit 1080p Dts-HDMa5 1 HEVC-d3g/The X-Files S08 br 10bit dts hevc-d3g/The.X-Files.S08E07.Via.Negativa.1080p.BluRay.10Bit.Dts-HDMa5.1.HEVC-d3g.mkv54,1080,1920,1,205,144,559,205,21594,0.01,"[[[0.20784314 0.1882353  0.1764706 ]  [0.22352941 0.2        0.1882353 ]  [0.24313726 0.21960784 0.20392157]  ...  [0.31764707 0.4        0.4       ]  [0.3137255  0.39607844 0.3882353 ]  [0.30980393 0.39215687 0.38431373]] [[0.21960784 0.2        0.1882353 ]  [0.24313726 0.21960784 0.20392157]  [0.25490198 0.23137255 0.21568628]  ...  [0.3254902  0.40784314 0.40784314]  [0.32156864 0.40392157 0.4       ]  [0.31764707 0.4        0.39215687]] [[0.24313726 0.22352941 0.21176471]  [0.2627451  0.23921569 0.22352941]  [0.26666668 0.24313726 0.22745098]  ...  [0.33333334 0.41568628 0.41568628]  [0.3254902  0.40784314 0.40784314]  [0.31764707 0.4        0.4       ]] ... [[0.11372549 0.11764706 0.1254902 ]  [0.11372549 0.12156863 0.1254902 ]  [0.11764706 0.1254902  0.12941177]  ...  [0.10588235 0.10588235 0.09019608]  [0.10980392 0.10980392 0.09411765]  [0.10980392 0.10980392 0.09411765]] [[0.10980392 0.11372549 0.12156863]  [0.10980392 0.11764706 0.12156863]  [0.11372549 0.12156863 0.1254902 ]  ...  [0.10588235 0.10588235 0.09019608]  [0.10980392 0.10980392 0.09411765]  [0.10980392 0.10980392 0.09411765]] [[0.11372549 0.11764706 0.1254902 ]  [0.11764706 0.1254902  0.12941177]  [0.12941177 0.13725491 0.14117648]  ...  [0.10980392 0.10980392 0.09411765]  [0.10980392 0.10980392 0.09411765]  [0.10980392 0.10980392 0.09411765]]]",10.149403156829067,7440,/home/amos/media/tv/The X-Files S01-S11 BluRay 10Bit 1080p Dts-HDMa5 1 HEVC-d3g/The X-Files S08 br 10bit dts hevc-d3g/The.X-Files.S08E07.Via.Negativa.1080p.BluRay.10Bit.Dts-HDMa5.1.HEVC-d3g.mkv55,1080,1920,2,143,220,1626,143,114191,0.055,"[[[0.06666667 0.08235294 0.07843138]  [0.07058824 0.08627451 0.08235294]  [0.07450981 0.09019608 0.08627451]  ...  [0.16078432 0.16470589 0.10588235]  [0.16470589 0.16470589 0.10588235]  [0.16470589 0.16862746 0.10980392]] [[0.07058824 0.08627451 0.08235294]  [0.07450981 0.09019608 0.08627451]  [0.07843138 0.09411765 0.09019608]  ...  [0.16078432 0.16470589 0.10588235]  [0.16470589 0.16470589 0.10588235]  [0.16470589 0.16862746 0.10980392]] [[0.07450981 0.09019608 0.08627451]  [0.07843138 0.09411765 0.09019608]  [0.08235294 0.09803922 0.09411765]  ...  [0.16078432 0.16470589 0.10588235]  [0.16470589 0.16470589 0.10588235]  [0.16470589 0.16862746 0.10980392]] ... [[0.14117648 0.10196079 0.06666667]  [0.13725491 0.09803922 0.0627451 ]  [0.13333334 0.09411765 0.05882353]  ...  [0.3019608  0.28235295 0.21176471]  [0.29803923 0.2784314  0.20784314]  [0.29803923 0.2784314  0.20784314]] [[0.13725491 0.10196079 0.06666667]  [0.13725491 0.09803922 0.0627451 ]  [0.13333334 0.09411765 0.05882353]  ...  [0.3019608  0.28235295 0.21176471]  [0.29803923 0.28235295 0.20784314]  [0.29803923 0.2784314  0.20784314]] [[0.13725491 0.10196079 0.06666667]  [0.13333334 0.09803922 0.0627451 ]  [0.13333334 0.09803922 0.0627451 ]  ...  [0.30588236 0.28627452 0.21568628]  [0.3019608  0.28235295 0.21176471]  [0.29803923 0.2784314  0.20784314]]]",4.044021055975463,7440,/home/amos/media/tv/The X-Files S01-S11 BluRay 10Bit 1080p Dts-HDMa5 1 HEVC-d3g/The X-Files S08 br 10bit dts hevc-d3g/The.X-Files.S08E07.Via.Negativa.1080p.BluRay.10Bit.Dts-HDMa5.1.HEVC-d3g.mkv56,1080,1920,3,214,12,16,214,39996,0.019,"[[[0.30980393 0.30980393 0.28235295]  [0.30588236 0.30588236 0.2784314 ]  [0.2784314  0.2784314  0.24705882]  ...  [0.13333334 0.13725491 0.11764706]  [0.13333334 0.13725491 0.11764706]  [0.         0.         0.        ]] [[0.30588236 0.30588236 0.2784314 ]  [0.28627452 0.28627452 0.2627451 ]  [0.2509804  0.2509804  0.21960784]  ...  [0.13725491 0.14117648 0.12156863]  [0.13333334 0.13725491 0.11764706]  [0.         0.         0.        ]] [[0.29411766 0.29411766 0.27058825]  [0.26666668 0.26666668 0.24313726]  [0.22745098 0.22352941 0.19607843]  ...  [0.13725491 0.14117648 0.12156863]  [0.12941177 0.13333334 0.11372549]  [0.         0.         0.        ]] ... [[0.16470589 0.16078432 0.12156863]  [0.16862746 0.16470589 0.1254902 ]  [0.16862746 0.16470589 0.12156863]  ...  [0.11372549 0.11372549 0.09019608]  [0.11764706 0.11764706 0.09411765]  [0.         0.         0.        ]] [[0.16862746 0.16470589 0.1254902 ]  [0.16862746 0.16470589 0.1254902 ]  [0.16862746 0.16470589 0.11764706]  ...  [0.11372549 0.11372549 0.09019608]  [0.11764706 0.11764706 0.09411765]  [0.         0.         0.        ]] [[0.         0.         0.        ]  [0.         0.         0.        ]  [0.         0.         0.        ]  ...  [0.         0.         0.        ]  [0.         0.         0.        ]  [0.         0.         0.        ]]]",3.479405074787792,7440,/home/amos/media/tv/The X-Files S01-S11 BluRay 10Bit 1080p Dts-HDMa5 1 HEVC-d3g/The X-Files S08 br 10bit dts hevc-d3g/The.X-Files.S08E07.Via.Negativa.1080p.BluRay.10Bit.Dts-HDMa5.1.HEVC-d3g.mkv57,1080,1920,0,209,214,930,209,3605,0.002,"[[[0.38431373 0.34509805 0.2901961 ]  [0.3882353  0.34901962 0.29411766]  [0.39215687 0.3529412  0.29803923]  ...  [0.11372549 0.09803922 0.07843138]  [0.11372549 0.09803922 0.07843138]  [0.11764706 0.10196079 0.08235294]] [[0.36862746 0.32941177 0.27450982]  [0.3764706  0.3372549  0.28235295]  [0.38039216 0.34117648 0.28627452]  ...  [0.10980392 0.09411765 0.07450981]  [0.10980392 0.09411765 0.07450981]  [0.10980392 0.09411765 0.07450981]] [[0.36862746 0.3254902  0.27450982]  [0.37254903 0.32941177 0.2784314 ]  [0.3764706  0.3372549  0.28235295]  ...  [0.10980392 0.09411765 0.07450981]  [0.10588235 0.09019608 0.07058824]  [0.10980392 0.09411765 0.07450981]] ... [[0.07450981 0.07450981 0.08235294]  [0.07843138 0.07843138 0.08627451]  [0.07843138 0.07843138 0.08627451]  ...  [0.12156863 0.10196079 0.09803922]  [0.11764706 0.09803922 0.09411765]  [0.11372549 0.09803922 0.09411765]] [[0.07843138 0.07843138 0.08627451]  [0.07843138 0.07843138 0.08627451]  [0.07843138 0.07843138 0.08627451]  ...  [0.11764706 0.09803922 0.09411765]  [0.11764706 0.09803922 0.09411765]  [0.11372549 0.09803922 0.09411765]] [[0.07843138 0.07843138 0.08627451]  [0.07843138 0.07843138 0.08627451]  [0.08235294 0.08235294 0.09019608]  ...  [0.11372549 0.09411765 0.09019608]  [0.11764706 0.09803922 0.09411765]  [0.11372549 0.09803922 0.09411765]]]",5.881016110477503,7464,/home/amos/media/tv/The X-Files S01-S11 BluRay 10Bit 1080p Dts-HDMa5 1 HEVC-d3g/The X-Files S08 br 10bit dts hevc-d3g/The.X-Files.S08E07.Via.Negativa.1080p.BluRay.10Bit.Dts-HDMa5.1.HEVC-d3g.mkv58,1080,1920,1,210,9,15,210,39195,0.019,"[[[0.23921569 0.25490198 0.21568628]  [0.26666668 0.2784314  0.24705882]  [0.28235295 0.29411766 0.2627451 ]  ...  [0.14901961 0.14901961 0.12156863]  [0.14509805 0.14509805 0.11764706]  [0.13725491 0.13725491 0.10980392]] [[0.2509804  0.2627451  0.22745098]  [0.27058825 0.28235295 0.2509804 ]  [0.28235295 0.29411766 0.2627451 ]  ...  [0.13333334 0.13333334 0.10196079]  [0.13333334 0.13333334 0.10588235]  [0.13725491 0.13725491 0.10980392]] [[0.25490198 0.26666668 0.23137255]  [0.27058825 0.28235295 0.2509804 ]  [0.27450982 0.28235295 0.2509804 ]  ...  [0.11764706 0.12156863 0.09019608]  [0.1254902  0.12941177 0.09803922]  [0.13725491 0.13725491 0.10980392]] ... [[0.16862746 0.16470589 0.13725491]  [0.16470589 0.15686275 0.13333334]  [0.16862746 0.16078432 0.13333334]  ...  [0.07843138 0.08627451 0.05882353]  [0.08235294 0.09019608 0.0627451 ]  [0.08235294 0.09019608 0.05882353]] [[0.18039216 0.1764706  0.14901961]  [0.17254902 0.16470589 0.13725491]  [0.17254902 0.16470589 0.13725491]  ...  [0.08235294 0.09019608 0.0627451 ]  [0.08235294 0.09019608 0.0627451 ]  [0.08235294 0.09019608 0.05882353]] [[0.18431373 0.18039216 0.15686275]  [0.1764706  0.16862746 0.14509805]  [0.17254902 0.16470589 0.14117648]  ...  [0.08235294 0.09019608 0.0627451 ]  [0.08235294 0.09019608 0.0627451 ]  [0.08235294 0.09019608 0.05882353]]]",3.5076640097540803,7464,/home/amos/media/tv/The X-Files S01-S11 BluRay 10Bit 1080p Dts-HDMa5 1 HEVC-d3g/The X-Files S08 br 10bit dts hevc-d3g/The.X-Files.S08E07.Via.Negativa.1080p.BluRay.10Bit.Dts-HDMa5.1.HEVC-d3g.mkv59,1080,1920,0,51,201,1471,51,213000,0.103,"[[[0.20784314 0.23529412 0.23529412]  [0.20784314 0.23529412 0.23529412]  [0.20784314 0.23529412 0.23529412]  ...  [0.10196079 0.12941177 0.13333334]  [0.10196079 0.12941177 0.13333334]  [0.10196079 0.12941177 0.13333334]] [[0.20784314 0.23529412 0.23529412]  [0.20784314 0.23529412 0.23529412]  [0.20784314 0.23529412 0.23529412]  ...  [0.10196079 0.12941177 0.13333334]  [0.10196079 0.12941177 0.13333334]  [0.10196079 0.12941177 0.13333334]] [[0.20784314 0.23529412 0.23529412]  [0.20784314 0.23529412 0.23529412]  [0.20784314 0.23529412 0.23529412]  ...  [0.10196079 0.12941177 0.13333334]  [0.10196079 0.12941177 0.13333334]  [0.10196079 0.12941177 0.13333334]] ... [[0.44705883 0.35686275 0.19607843]  [0.44705883 0.35686275 0.19607843]  [0.44705883 0.35686275 0.19215687]  ...  [0.08235294 0.09411765 0.09019608]  [0.08235294 0.09411765 0.09019608]  [0.08235294 0.09411765 0.09019608]] [[0.44705883 0.35686275 0.19607843]  [0.44705883 0.35686275 0.19607843]  [0.44705883 0.35686275 0.19607843]  ...  [0.08235294 0.09411765 0.09019608]  [0.08235294 0.09411765 0.09019608]  [0.08235294 0.09411765 0.09019608]] [[0.44705883 0.35686275 0.19607843]  [0.44705883 0.35686275 0.19607843]  [0.44705883 0.35686275 0.19607843]  ...  [0.08235294 0.09411765 0.09019608]  [0.08235294 0.09411765 0.09019608]  [0.08235294 0.09411765 0.09019608]]]",2.515029049536679,7488,/home/amos/media/tv/The X-Files S01-S11 BluRay 10Bit 1080p Dts-HDMa5 1 HEVC-d3g/The X-Files S08 br 10bit dts hevc-d3g/The.X-Files.S08E07.Via.Negativa.1080p.BluRay.10Bit.Dts-HDMa5.1.HEVC-d3g.mkv60,1080,1920,1,184,198,936,184,10528,0.005,"[[[0.15294118 0.11764706 0.09803922]  [0.14901961 0.11372549 0.09411765]  [0.14509805 0.10980392 0.09019608]  ...  [0.1882353  0.14509805 0.10588235]  [0.18039216 0.13725491 0.10196079]  [0.1764706  0.13333334 0.09803922]] [[0.14901961 0.11372549 0.09411765]  [0.14901961 0.11372549 0.09411765]  [0.14509805 0.10980392 0.09019608]  ...  [0.18039216 0.13725491 0.10196079]  [0.17254902 0.13333334 0.09803922]  [0.16862746 0.12941177 0.09411765]] [[0.14509805 0.10980392 0.09019608]  [0.14509805 0.10980392 0.09019608]  [0.14117648 0.10588235 0.08627451]  ...  [0.1764706  0.13333334 0.09803922]  [0.17254902 0.12941177 0.09411765]  [0.16862746 0.12941177 0.09411765]] ... [[0.09803922 0.07058824 0.04313726]  [0.10196079 0.07450981 0.04705882]  [0.09803922 0.07058824 0.04313726]  ...  [0.23137255 0.14117648 0.12941177]  [0.23137255 0.14509805 0.13725491]  [0.23529412 0.14901961 0.14117648]] [[0.09803922 0.07058824 0.04313726]  [0.10196079 0.07450981 0.04705882]  [0.09803922 0.07058824 0.04313726]  ...  [0.23529412 0.14509805 0.12941177]  [0.23137255 0.14901961 0.14117648]  [0.23529412 0.14901961 0.14509805]] [[0.09803922 0.07058824 0.04313726]  [0.10196079 0.07450981 0.04705882]  [0.09803922 0.07058824 0.04313726]  ...  [0.23529412 0.14509805 0.13725491]  [0.23137255 0.14901961 0.14509805]  [0.23921569 0.15686275 0.15294118]]]",4.696890157123562,7488,/home/amos/media/tv/The X-Files S01-S11 BluRay 10Bit 1080p Dts-HDMa5 1 HEVC-d3g/The X-Files S08 br 10bit dts hevc-d3g/The.X-Files.S08E07.Via.Negativa.1080p.BluRay.10Bit.Dts-HDMa5.1.HEVC-d3g.mkv61,1080,1920,0,174,166,1180,174,8048,0.004,"[[[0.08627451 0.07843138 0.07058824]  [0.09803922 0.09019608 0.08235294]  [0.11372549 0.10588235 0.09803922]  ...  [0.08235294 0.11372549 0.10980392]  [0.08235294 0.10196079 0.10196079]  [0.07843138 0.09803922 0.09803922]] [[0.08235294 0.07450981 0.06666667]  [0.09411765 0.09019608 0.08235294]  [0.11372549 0.10196079 0.09411765]  ...  [0.07843138 0.10588235 0.10196079]  [0.08235294 0.09803922 0.09803922]  [0.07843138 0.09411765 0.09803922]] [[0.08235294 0.07450981 0.06666667]  [0.09411765 0.08627451 0.07843138]  [0.10980392 0.10196079 0.09411765]  ...  [0.07843138 0.09803922 0.09803922]  [0.08235294 0.09411765 0.09803922]  [0.08235294 0.09411765 0.09803922]] ... [[0.12156863 0.10980392 0.10588235]  [0.13725491 0.12941177 0.12156863]  [0.14509805 0.14117648 0.12941177]  ...  [0.09411765 0.10588235 0.11372549]  [0.09019608 0.09803922 0.11372549]  [0.08627451 0.09411765 0.10980392]] [[0.14117648 0.12941177 0.1254902 ]  [0.15294118 0.14509805 0.13725491]  [0.15686275 0.14901961 0.14117648]  ...  [0.09803922 0.10980392 0.11764706]  [0.09411765 0.10588235 0.11372549]  [0.08627451 0.09803922 0.10980392]] [[0.15294118 0.13725491 0.13333334]  [0.15686275 0.14117648 0.13725491]  [0.16078432 0.14509805 0.14117648]  ...  [0.09803922 0.10980392 0.11764706]  [0.09411765 0.10588235 0.11372549]  [0.09019608 0.10196079 0.10980392]]]",1.8018988452968188,7512,/home/amos/media/tv/The X-Files S01-S11 BluRay 10Bit 1080p Dts-HDMa5 1 HEVC-d3g/The X-Files S08 br 10bit dts hevc-d3g/The.X-Files.S08E07.Via.Negativa.1080p.BluRay.10Bit.Dts-HDMa5.1.HEVC-d3g.mkv62,1080,1920,0,230,225,1224,230,4970,0.002,"[[[0.0627451  0.05490196 0.04313726]  [0.0627451  0.05490196 0.04313726]  [0.06666667 0.05882353 0.04705882]  ...  [0.22745098 0.27058825 0.24705882]  [0.22352941 0.2627451  0.24313726]  [0.21960784 0.25882354 0.23921569]] [[0.06666667 0.05882353 0.04705882]  [0.06666667 0.05882353 0.04705882]  [0.07058824 0.0627451  0.05098039]  ...  [0.22352941 0.25490198 0.23921569]  [0.21568628 0.24705882 0.23529412]  [0.21176471 0.24313726 0.23137255]] [[0.06666667 0.05882353 0.04705882]  [0.06666667 0.05882353 0.04705882]  [0.07058824 0.0627451  0.05098039]  ...  [0.21568628 0.24313726 0.22745098]  [0.20392157 0.23529412 0.22352941]  [0.2        0.23137255 0.21960784]] ... [[0.09411765 0.08235294 0.08235294]  [0.10196079 0.09019608 0.09019608]  [0.10588235 0.09411765 0.09411765]  ...  [0.11372549 0.12941177 0.14509805]  [0.11372549 0.12941177 0.14509805]  [0.11764706 0.13333334 0.14901961]] [[0.10196079 0.09019608 0.09019608]  [0.10588235 0.09411765 0.09411765]  [0.10980392 0.09803922 0.09803922]  ...  [0.10980392 0.1254902  0.14117648]  [0.11372549 0.12941177 0.14509805]  [0.11764706 0.13333334 0.14901961]] [[0.10980392 0.09803922 0.09803922]  [0.10588235 0.09411765 0.09411765]  [0.10588235 0.09411765 0.09411765]  ...  [0.10588235 0.12156863 0.13725491]  [0.11372549 0.12941177 0.14509805]  [0.11764706 0.13333334 0.14901961]]]",4.4406938691972755,7536,/home/amos/media/tv/The X-Files S01-S11 BluRay 10Bit 1080p Dts-HDMa5 1 HEVC-d3g/The X-Files S08 br 10bit dts hevc-d3g/The.X-Files.S08E07.Via.Negativa.1080p.BluRay.10Bit.Dts-HDMa5.1.HEVC-d3g.mkv63,1080,1920,0,202,169,643,202,14553,0.007,"[[[0.28627452 0.23921569 0.23137255]  [0.29411766 0.24705882 0.23529412]  [0.31764707 0.26666668 0.25882354]  ...  [0.03921569 0.04313726 0.04313726]  [0.03921569 0.04313726 0.04313726]  [0.04313726 0.04705882 0.04705882]] [[0.28627452 0.23529412 0.22745098]  [0.29803923 0.24313726 0.23529412]  [0.32156864 0.2627451  0.25882354]  ...  [0.03921569 0.04313726 0.04313726]  [0.03921569 0.04313726 0.04313726]  [0.03921569 0.04313726 0.04313726]] [[0.29411766 0.24313726 0.23529412]  [0.30980393 0.2509804  0.24705882]  [0.3254902  0.26666668 0.2627451 ]  ...  [0.03921569 0.04313726 0.04313726]  [0.03529412 0.03921569 0.03921569]  [0.03529412 0.03921569 0.03921569]] ... [[0.5529412  0.57254905 0.60784316]  [0.54901963 0.5686275  0.6       ]  [0.54901963 0.5686275  0.6       ]  ...  [0.04313726 0.04313726 0.05490196]  [0.04313726 0.04313726 0.05490196]  [0.04313726 0.04313726 0.05490196]] [[0.54901963 0.5686275  0.6       ]  [0.54901963 0.5686275  0.6       ]  [0.54901963 0.5686275  0.6       ]  ...  [0.03921569 0.03921569 0.05098039]  [0.03921569 0.03921569 0.05098039]  [0.04313726 0.04313726 0.05490196]] [[0.54509807 0.5647059  0.59607846]  [0.5411765  0.56078434 0.5921569 ]  [0.5372549  0.5568628  0.5882353 ]  ...  [0.03921569 0.03921569 0.05098039]  [0.03921569 0.03921569 0.05098039]  [0.03921569 0.03921569 0.05098039]]]",6.249346146709286,7560,/home/amos/media/tv/The X-Files S01-S11 BluRay 10Bit 1080p Dts-HDMa5 1 HEVC-d3g/The X-Files S08 br 10bit dts hevc-d3g/The.X-Files.S08E07.Via.Negativa.1080p.BluRay.10Bit.Dts-HDMa5.1.HEVC-d3g.mkv64,1080,1920,0,204,208,523,204,1276,0.001,"[[[0.30980393 0.23921569 0.22352941]  [0.3019608  0.22745098 0.21176471]  [0.29803923 0.22352941 0.20784314]  ...  [0.22352941 0.22352941 0.21960784]  [0.23137255 0.23137255 0.22745098]  [0.22745098 0.22352941 0.21960784]] [[0.31764707 0.24313726 0.22745098]  [0.30588236 0.22745098 0.21176471]  [0.3019608  0.21960784 0.20784314]  ...  [0.21960784 0.21568628 0.21568628]  [0.22352941 0.21960784 0.21960784]  [0.22352941 0.21960784 0.21960784]] [[0.32156864 0.23921569 0.23137255]  [0.30980393 0.22745098 0.21568628]  [0.30588236 0.22352941 0.21176471]  ...  [0.21960784 0.21568628 0.21960784]  [0.21568628 0.21176471 0.21568628]  [0.21568628 0.21176471 0.21176471]] ... [[0.41960785 0.43529412 0.44705883]  [0.40392157 0.41960785 0.43137255]  [0.4117647  0.43137255 0.44313726]  ...  [0.27450982 0.27058825 0.27058825]  [0.2784314  0.27450982 0.27450982]  [0.2509804  0.24705882 0.24705882]] [[0.44705883 0.4627451  0.47058824]  [0.41960785 0.43529412 0.44705883]  [0.41960785 0.43529412 0.44705883]  ...  [0.28627452 0.28235295 0.28235295]  [0.2784314  0.27450982 0.27450982]  [0.24705882 0.24313726 0.24313726]] [[0.48235294 0.49411765 0.5019608 ]  [0.4392157  0.4509804  0.4627451 ]  [0.42352942 0.43529412 0.4509804 ]  ...  [0.29803923 0.29411766 0.29411766]  [0.27058825 0.26666668 0.26666668]  [0.23921569 0.23529412 0.23529412]]]",7.313152159098536,7584,/home/amos/media/tv/The X-Files S01-S11 BluRay 10Bit 1080p Dts-HDMa5 1 HEVC-d3g/The X-Files S08 br 10bit dts hevc-d3g/The.X-Files.S08E07.Via.Negativa.1080p.BluRay.10Bit.Dts-HDMa5.1.HEVC-d3g.mkv65,1080,1920,0,224,197,732,224,13716,0.007,"[[[0.40784314 0.25882354 0.25882354]  [0.41568628 0.26666668 0.26666668]  [0.42745098 0.26666668 0.26666668]  ...  [0.24313726 0.21176471 0.20784314]  [0.24313726 0.21176471 0.20784314]  [0.24705882 0.21568628 0.21176471]] [[0.40784314 0.2627451  0.2627451 ]  [0.41568628 0.27058825 0.27058825]  [0.44313726 0.28235295 0.28235295]  ...  [0.24313726 0.21176471 0.20784314]  [0.24313726 0.21176471 0.20784314]  [0.24705882 0.21568628 0.21176471]] [[0.4117647  0.26666668 0.26666668]  [0.42745098 0.28235295 0.28235295]  [0.45490196 0.29411766 0.29411766]  ...  [0.24313726 0.21176471 0.20784314]  [0.24705882 0.21568628 0.21176471]  [0.2509804  0.21960784 0.21568628]] ... [[0.3137255  0.18039216 0.17254902]  [0.3137255  0.18039216 0.17254902]  [0.3137255  0.1882353  0.18039216]  ...  [0.27058825 0.23921569 0.24313726]  [0.27058825 0.23921569 0.24313726]  [0.26666668 0.23529412 0.23921569]] [[0.30588236 0.17254902 0.16470589]  [0.3019608  0.16862746 0.16078432]  [0.30588236 0.18039216 0.17254902]  ...  [0.2627451  0.23137255 0.23529412]  [0.2627451  0.23137255 0.23529412]  [0.2509804  0.21960784 0.22352941]] [[0.30588236 0.17254902 0.16470589]  [0.29803923 0.16470589 0.15686275]  [0.3019608  0.1764706  0.16862746]  ...  [0.2627451  0.23137255 0.23529412]  [0.2627451  0.23137255 0.23529412]  [0.2509804  0.21960784 0.22352941]]]",8.31665408227127,7608,/home/amos/media/tv/The X-Files S01-S11 BluRay 10Bit 1080p Dts-HDMa5 1 HEVC-d3g/The X-Files S08 br 10bit dts hevc-d3g/The.X-Files.S08E07.Via.Negativa.1080p.BluRay.10Bit.Dts-HDMa5.1.HEVC-d3g.mkv66,1080,1920,1,212,241,1009,212,23113,0.011,"[[[0.1764706  0.15686275 0.15294118]  [0.1882353  0.16078432 0.16078432]  [0.19607843 0.16862746 0.16862746]  ...  [0.09411765 0.07843138 0.05882353]  [0.09411765 0.07843138 0.05882353]  [0.09803922 0.08235294 0.0627451 ]] [[0.17254902 0.15686275 0.15294118]  [0.1882353  0.16862746 0.16470589]  [0.19607843 0.1764706  0.17254902]  ...  [0.09019608 0.07450981 0.05490196]  [0.09019608 0.07450981 0.05490196]  [0.09411765 0.07843138 0.05882353]] [[0.16078432 0.14509805 0.14117648]  [0.18431373 0.16470589 0.16078432]  [0.1882353  0.16862746 0.16470589]  ...  [0.09019608 0.07450981 0.05490196]  [0.09019608 0.07450981 0.05490196]  [0.09411765 0.07843138 0.05882353]] ... [[0.2509804  0.22352941 0.22745098]  [0.2627451  0.23529412 0.23921569]  [0.25882354 0.23137255 0.23529412]  ...  [0.45490196 0.47058824 0.52156866]  [0.42352942 0.4392157  0.49019608]  [0.39607844 0.40392157 0.45490196]] [[0.2509804  0.22352941 0.22745098]  [0.25882354 0.23137255 0.23529412]  [0.25882354 0.23137255 0.23529412]  ...  [0.4745098  0.49411765 0.54509807]  [0.4509804  0.46666667 0.5176471 ]  [0.4117647  0.41960785 0.47058824]] [[0.2509804  0.22352941 0.22745098]  [0.25882354 0.23137255 0.23529412]  [0.25882354 0.23137255 0.23529412]  ...  [0.4627451  0.47843137 0.5294118 ]  [0.45490196 0.46666667 0.52156866]  [0.44313726 0.4509804  0.5019608 ]]]",3.558659153874032,7608,/home/amos/media/tv/The X-Files S01-S11 BluRay 10Bit 1080p Dts-HDMa5 1 HEVC-d3g/The X-Files S08 br 10bit dts hevc-d3g/The.X-Files.S08E07.Via.Negativa.1080p.BluRay.10Bit.Dts-HDMa5.1.HEVC-d3g.mkv67,1080,1920,0,190,122,1562,190,93296,0.045,"[[[0.09411765 0.08627451 0.07058824]  [0.09411765 0.08627451 0.07058824]  [0.09019608 0.08235294 0.06666667]  ...  [0.18039216 0.18431373 0.16470589]  [0.18039216 0.18431373 0.16470589]  [0.         0.         0.        ]] [[0.09411765 0.08627451 0.07058824]  [0.09019608 0.08235294 0.06666667]  [0.09019608 0.08235294 0.06666667]  ...  [0.18039216 0.18431373 0.16470589]  [0.1764706  0.18039216 0.16078432]  [0.         0.         0.        ]] [[0.09411765 0.08627451 0.07058824]  [0.09019608 0.08235294 0.06666667]  [0.09019608 0.08235294 0.06666667]  ...  [0.1764706  0.18039216 0.16078432]  [0.17254902 0.1764706  0.15686275]  [0.         0.         0.        ]] ... [[0.09411765 0.09803922 0.09019608]  [0.09411765 0.09803922 0.09019608]  [0.09019608 0.09411765 0.08627451]  ...  [0.11764706 0.14901961 0.1764706 ]  [0.11764706 0.14901961 0.1764706 ]  [0.         0.         0.        ]] [[0.10196079 0.10588235 0.09803922]  [0.10196079 0.10588235 0.09803922]  [0.09803922 0.10196079 0.09411765]  ...  [0.11372549 0.14901961 0.1764706 ]  [0.11372549 0.14901961 0.1764706 ]  [0.         0.         0.        ]] [[0.         0.         0.        ]  [0.         0.         0.        ]  [0.         0.         0.        ]  ...  [0.         0.         0.        ]  [0.         0.         0.        ]  [0.         0.         0.        ]]]",9.053137172886636,7632,/home/amos/media/tv/The X-Files S01-S11 BluRay 10Bit 1080p Dts-HDMa5 1 HEVC-d3g/The X-Files S08 br 10bit dts hevc-d3g/The.X-Files.S08E07.Via.Negativa.1080p.BluRay.10Bit.Dts-HDMa5.1.HEVC-d3g.mkv68,1080,1920,1,184,50,865,184,91254,0.044,"[[[0.2784314  0.3647059  0.35686275]  [0.2784314  0.35686275 0.3529412 ]  [0.26666668 0.34509805 0.3372549 ]  ...  [0.22352941 0.28235295 0.27450982]  [0.24313726 0.30588236 0.29803923]  [0.2509804  0.32156864 0.3137255 ]] [[0.27450982 0.35686275 0.34901962]  [0.27450982 0.34901962 0.34901962]  [0.2627451  0.3372549  0.33333334]  ...  [0.21568628 0.27450982 0.26666668]  [0.23921569 0.3019608  0.29411766]  [0.24705882 0.31764707 0.30980393]] [[0.27058825 0.35686275 0.34901962]  [0.26666668 0.34117648 0.34117648]  [0.2509804  0.3254902  0.3254902 ]  ...  [0.20392157 0.2627451  0.25490198]  [0.22745098 0.2901961  0.28235295]  [0.23921569 0.30980393 0.3019608 ]] ... [[0.7019608  0.5254902  0.53333336]  [0.7058824  0.5254902  0.5294118 ]  [0.7058824  0.5254902  0.5294118 ]  ...  [0.2784314  0.2627451  0.26666668]  [0.28235295 0.26666668 0.27058825]  [0.2784314  0.2627451  0.26666668]] [[0.69411767 0.5137255  0.5254902 ]  [0.69803923 0.5176471  0.5254902 ]  [0.69803923 0.5176471  0.52156866]  ...  [0.26666668 0.2509804  0.25490198]  [0.26666668 0.2509804  0.25490198]  [0.2627451  0.24705882 0.2509804 ]] [[0.6901961  0.5058824  0.5176471 ]  [0.6901961  0.50980395 0.5137255 ]  [0.6901961  0.50980395 0.5137255 ]  ...  [0.25490198 0.23529412 0.23921569]  [0.2509804  0.23529412 0.23921569]  [0.24705882 0.23137255 0.23529412]]]",3.7434359473991208,7632,/home/amos/media/tv/The X-Files S01-S11 BluRay 10Bit 1080p Dts-HDMa5 1 HEVC-d3g/The X-Files S08 br 10bit dts hevc-d3g/The.X-Files.S08E07.Via.Negativa.1080p.BluRay.10Bit.Dts-HDMa5.1.HEVC-d3g.mkv69,1080,1920,2,243,29,992,243,160286,0.077,"[[[0.1254902  0.10980392 0.08627451]  [0.12941177 0.11372549 0.09019608]  [0.12941177 0.11764706 0.09803922]  ...  [0.13725491 0.1764706  0.16862746]  [0.13725491 0.1764706  0.16862746]  [0.14117648 0.1764706  0.16862746]] [[0.13725491 0.11372549 0.09019608]  [0.14509805 0.11764706 0.09411765]  [0.15294118 0.1254902  0.10196079]  ...  [0.13725491 0.1764706  0.16862746]  [0.13725491 0.1764706  0.16862746]  [0.14117648 0.18039216 0.16470589]] [[0.14901961 0.11764706 0.09411765]  [0.15686275 0.1254902  0.10196079]  [0.16862746 0.13333334 0.10588235]  ...  [0.13333334 0.18039216 0.16470589]  [0.13725491 0.18039216 0.16862746]  [0.13725491 0.18039216 0.16078432]] ... [[0.6509804  0.43137255 0.44705883]  [0.6431373  0.42352942 0.4392157 ]  [0.63529414 0.42745098 0.4392157 ]  ...  [0.27450982 0.24313726 0.17254902]  [0.26666668 0.23529412 0.16470589]  [0.25882354 0.22745098 0.15686275]] [[0.6509804  0.43137255 0.44705883]  [0.6392157  0.42352942 0.4392157 ]  [0.627451   0.41568628 0.42745098]  ...  [0.27450982 0.23529412 0.16862746]  [0.26666668 0.22745098 0.16078432]  [0.25882354 0.22352941 0.15686275]] [[0.6509804  0.43137255 0.44705883]  [0.6392157  0.42352942 0.43529412]  [0.627451   0.4117647  0.42745098]  ...  [0.27058825 0.23137255 0.16470589]  [0.26666668 0.22745098 0.16078432]  [0.26666668 0.22745098 0.16078432]]]",3.389220856188331,7632,/home/amos/media/tv/The X-Files S01-S11 BluRay 10Bit 1080p Dts-HDMa5 1 HEVC-d3g/The X-Files S08 br 10bit dts hevc-d3g/The.X-Files.S08E07.Via.Negativa.1080p.BluRay.10Bit.Dts-HDMa5.1.HEVC-d3g.mkv70,1080,1920,0,196,18,212,196,2848,0.001,"[[[0.15294118 0.21568628 0.14509805]  [0.15294118 0.21568628 0.14509805]  [0.15294118 0.21568628 0.14509805]  ...  [0.08627451 0.09019608 0.07058824]  [0.09411765 0.09803922 0.07843138]  [0.09803922 0.10196079 0.08235294]] [[0.14901961 0.21176471 0.13725491]  [0.14509805 0.20784314 0.13725491]  [0.14509805 0.20784314 0.13333334]  ...  [0.08627451 0.09019608 0.07058824]  [0.09411765 0.09803922 0.07843138]  [0.10196079 0.10588235 0.08627451]] [[0.14509805 0.20784314 0.12941177]  [0.14117648 0.20392157 0.12941177]  [0.14117648 0.20392157 0.12941177]  ...  [0.09019608 0.09411765 0.07450981]  [0.09803922 0.10196079 0.08235294]  [0.10196079 0.10588235 0.08627451]] ... [[0.34901962 0.32941177 0.32156864]  [0.34117648 0.32156864 0.3137255 ]  [0.32156864 0.3019608  0.29411766]  ...  [0.28627452 0.27058825 0.22745098]  [0.28627452 0.27058825 0.22352941]  [0.28235295 0.27058825 0.22352941]] [[0.34901962 0.32941177 0.32156864]  [0.34117648 0.32156864 0.3137255 ]  [0.31764707 0.29803923 0.2901961 ]  ...  [0.2901961  0.2784314  0.23137255]  [0.2901961  0.2784314  0.23137255]  [0.28235295 0.27058825 0.22352941]] [[0.34509805 0.3254902  0.31764707]  [0.33333334 0.31764707 0.30588236]  [0.3137255  0.29411766 0.28627452]  ...  [0.2901961  0.2784314  0.23137255]  [0.2901961  0.2784314  0.23137255]  [0.2901961  0.2784314  0.23137255]]]",8.351611134596169,7656,/home/amos/media/tv/The X-Files S01-S11 BluRay 10Bit 1080p Dts-HDMa5 1 HEVC-d3g/The X-Files S08 br 10bit dts hevc-d3g/The.X-Files.S08E07.Via.Negativa.1080p.BluRay.10Bit.Dts-HDMa5.1.HEVC-d3g.mkv71,1080,1920,1,203,101,434,203,23562,0.011,"[[[0.14509805 0.14117648 0.11372549]  [0.13333334 0.12941177 0.10196079]  [0.12941177 0.1254902  0.09803922]  ...  [0.5411765  0.46666667 0.46666667]  [0.5686275  0.4862745  0.4862745 ]  [0.5882353  0.49411765 0.49803922]] [[0.14117648 0.13725491 0.10980392]  [0.12941177 0.1254902  0.09803922]  [0.1254902  0.12156863 0.09411765]  ...  [0.58431375 0.49019608 0.49411765]  [0.61960787 0.5254902  0.5294118 ]  [0.64705884 0.5411765  0.54901963]] [[0.13725491 0.13333334 0.10588235]  [0.12941177 0.1254902  0.09803922]  [0.12941177 0.1254902  0.09803922]  ...  [0.60784316 0.5058824  0.5137255 ]  [0.63529414 0.5294118  0.5372549 ]  [0.6627451  0.5411765  0.5568628 ]] ... [[0.22352941 0.21176471 0.20392157]  [0.21176471 0.2        0.19215687]  [0.20784314 0.19607843 0.1882353 ]  ...  [0.43137255 0.2627451  0.2509804 ]  [0.43137255 0.2627451  0.2509804 ]  [0.42352942 0.25490198 0.24705882]] [[0.23137255 0.21960784 0.21176471]  [0.22745098 0.21960784 0.21176471]  [0.22352941 0.21176471 0.20392157]  ...  [0.43137255 0.2627451  0.2509804 ]  [0.43137255 0.2627451  0.2509804 ]  [0.42352942 0.25490198 0.24705882]] [[0.24705882 0.23529412 0.22745098]  [0.24313726 0.23137255 0.22352941]  [0.23529412 0.22352941 0.21568628]  ...  [0.43529412 0.26666668 0.25490198]  [0.43137255 0.2627451  0.2509804 ]  [0.42352942 0.25490198 0.24705882]]]",4.374739067105111,7656,/home/amos/media/tv/The X-Files S01-S11 BluRay 10Bit 1080p Dts-HDMa5 1 HEVC-d3g/The X-Files S08 br 10bit dts hevc-d3g/The.X-Files.S08E07.Via.Negativa.1080p.BluRay.10Bit.Dts-HDMa5.1.HEVC-d3g.mkv72,1080,1920,2,204,156,897,204,33264,0.016,"[[[0.08627451 0.10980392 0.12156863]  [0.09411765 0.10980392 0.1254902 ]  [0.09411765 0.10980392 0.1254902 ]  ...  [0.14117648 0.14901961 0.14117648]  [0.14117648 0.14901961 0.14117648]  [0.13725491 0.14509805 0.13725491]] [[0.08627451 0.10980392 0.12156863]  [0.09411765 0.10980392 0.1254902 ]  [0.09411765 0.10980392 0.1254902 ]  ...  [0.13725491 0.14509805 0.13725491]  [0.13725491 0.14509805 0.13725491]  [0.13725491 0.14509805 0.13725491]] [[0.09019608 0.11372549 0.1254902 ]  [0.09411765 0.10980392 0.1254902 ]  [0.09411765 0.10980392 0.1254902 ]  ...  [0.13333334 0.14117648 0.13333334]  [0.13333334 0.14117648 0.13333334]  [0.13333334 0.14117648 0.13333334]] ... [[0.22745098 0.21176471 0.18431373]  [0.22745098 0.21176471 0.18039216]  [0.23137255 0.21176471 0.18431373]  ...  [0.1254902  0.15294118 0.20784314]  [0.12941177 0.15686275 0.21176471]  [0.12941177 0.15686275 0.21176471]] [[0.22745098 0.21176471 0.18431373]  [0.23137255 0.20784314 0.18039216]  [0.23529412 0.21176471 0.18431373]  ...  [0.1254902  0.15294118 0.20784314]  [0.1254902  0.15294118 0.20784314]  [0.1254902  0.15294118 0.20784314]] [[0.23137255 0.20784314 0.18039216]  [0.23137255 0.20784314 0.18039216]  [0.23529412 0.21176471 0.18431373]  ...  [0.1254902  0.15294118 0.20784314]  [0.1254902  0.15294118 0.20784314]  [0.1254902  0.15294118 0.20784314]]]",10.720555001520552,7656,/home/amos/media/tv/The X-Files S01-S11 BluRay 10Bit 1080p Dts-HDMa5 1 HEVC-d3g/The X-Files S08 br 10bit dts hevc-d3g/The.X-Files.S08E07.Via.Negativa.1080p.BluRay.10Bit.Dts-HDMa5.1.HEVC-d3g.mkv73,1080,1920,3,244,154,658,244,37260,0.018,"[[[0.57254905 0.39607844 0.4       ]  [0.5411765  0.3647059  0.36862746]  [0.54901963 0.3647059  0.36862746]  ...  [0.08235294 0.09803922 0.11372549]  [0.08235294 0.09803922 0.11372549]  [0.08235294 0.09803922 0.11372549]] [[0.5568628  0.38431373 0.3882353 ]  [0.5294118  0.35686275 0.36078432]  [0.54509807 0.36862746 0.36862746]  ...  [0.08627451 0.10196079 0.11764706]  [0.08627451 0.10196079 0.11764706]  [0.08235294 0.09803922 0.11372549]] [[0.53333336 0.36078432 0.3647059 ]  [0.5411765  0.36862746 0.37254903]  [0.56078434 0.38431373 0.38431373]  ...  [0.09411765 0.10980392 0.1254902 ]  [0.09019608 0.10588235 0.12156863]  [0.09019608 0.10588235 0.12156863]] ... [[0.2784314  0.1764706  0.16470589]  [0.27450982 0.17254902 0.16078432]  [0.27450982 0.17254902 0.16078432]  ...  [0.25882354 0.22745098 0.18431373]  [0.26666668 0.23529412 0.19215687]  [0.2627451  0.23137255 0.1882353 ]] [[0.27450982 0.17254902 0.16078432]  [0.27450982 0.17254902 0.16078432]  [0.2784314  0.1764706  0.16470589]  ...  [0.2627451  0.23137255 0.1882353 ]  [0.2627451  0.23137255 0.1882353 ]  [0.25490198 0.22352941 0.18039216]] [[0.27450982 0.16862746 0.15686275]  [0.27450982 0.16862746 0.15686275]  [0.2784314  0.17254902 0.16078432]  ...  [0.25882354 0.22745098 0.18431373]  [0.25490198 0.22352941 0.18039216]  [0.2509804  0.21960784 0.1764706 ]]]",6.4557991597102955,7656,/home/amos/media/tv/The X-Files S01-S11 BluRay 10Bit 1080p Dts-HDMa5 1 HEVC-d3g/The X-Files S08 br 10bit dts hevc-d3g/The.X-Files.S08E07.Via.Negativa.1080p.BluRay.10Bit.Dts-HDMa5.1.HEVC-d3g.mkv74,1080,1920,4,260,164,1151,260,85536,0.041,"[[[0.12941177 0.13725491 0.10980392]  [0.12941177 0.13333334 0.10980392]  [0.1254902  0.12941177 0.10196079]  ...  [0.11764706 0.10588235 0.09411765]  [0.1254902  0.10980392 0.09803922]  [0.13725491 0.11764706 0.10196079]] [[0.1254902  0.13333334 0.10588235]  [0.1254902  0.13333334 0.10588235]  [0.1254902  0.13333334 0.10588235]  ...  [0.11764706 0.10588235 0.09411765]  [0.12156863 0.10196079 0.09019608]  [0.12156863 0.10196079 0.09019608]] [[0.1254902  0.13333334 0.10588235]  [0.12941177 0.13333334 0.10980392]  [0.12941177 0.13725491 0.10980392]  ...  [0.11764706 0.10196079 0.09411765]  [0.11372549 0.09803922 0.08627451]  [0.11372549 0.09411765 0.08235294]] ... [[0.23529412 0.23529412 0.2627451 ]  [0.21568628 0.21568628 0.23921569]  [0.19215687 0.19215687 0.20784314]  ...  [0.03529412 0.04313726 0.04705882]  [0.05882353 0.06666667 0.07058824]  [0.08235294 0.09019608 0.09411765]] [[0.21960784 0.22352941 0.24313726]  [0.2        0.2        0.21568628]  [0.19215687 0.19215687 0.2       ]  ...  [0.03529412 0.03921569 0.04705882]  [0.05882353 0.0627451  0.07058824]  [0.07843138 0.08627451 0.09019608]] [[0.2        0.2        0.21568628]  [0.2        0.19215687 0.20392157]  [0.2        0.19215687 0.2       ]  ...  [0.04313726 0.05490196 0.0627451 ]  [0.05882353 0.07058824 0.07843138]  [0.08235294 0.09411765 0.09803922]]]",8.954079034680035,7656,/home/amos/media/tv/The X-Files S01-S11 BluRay 10Bit 1080p Dts-HDMa5 1 HEVC-d3g/The X-Files S08 br 10bit dts hevc-d3g/The.X-Files.S08E07.Via.Negativa.1080p.BluRay.10Bit.Dts-HDMa5.1.HEVC-d3g.mkv75,1080,1920,0,253,193,1137,253,53040,0.026,"[[[0.11372549 0.11372549 0.10980392]  [0.11764706 0.10980392 0.10980392]  [0.11764706 0.10980392 0.10980392]  ...  [0.34509805 0.25490198 0.2901961 ]  [0.4627451  0.41568628 0.4392157 ]  [0.6509804  0.6156863  0.63529414]] [[0.11372549 0.11372549 0.10980392]  [0.11372549 0.10588235 0.10588235]  [0.11372549 0.10588235 0.10588235]  ...  [0.32156864 0.23137255 0.26666668]  [0.44705883 0.39607844 0.42352942]  [0.67058825 0.62352943 0.64705884]] [[0.11372549 0.11372549 0.10980392]  [0.11372549 0.10588235 0.10588235]  [0.11372549 0.10588235 0.10588235]  ...  [0.34509805 0.25882354 0.2901961 ]  [0.4745098  0.41960785 0.44705883]  [0.69411767 0.64705884 0.67058825]] ... [[0.21176471 0.21960784 0.24705882]  [0.2        0.20784314 0.23529412]  [0.19215687 0.2        0.22745098]  ...  [0.33333334 0.36862746 0.39607844]  [0.1764706  0.21176471 0.23529412]  [0.0627451  0.09411765 0.11764706]] [[0.21960784 0.22745098 0.25490198]  [0.21568628 0.22352941 0.2509804 ]  [0.21176471 0.21960784 0.24705882]  ...  [0.32941177 0.36862746 0.39607844]  [0.1764706  0.21568628 0.23529412]  [0.05882353 0.09803922 0.11764706]] [[0.21960784 0.22745098 0.25490198]  [0.22352941 0.23137255 0.25882354]  [0.21960784 0.22745098 0.25490198]  ...  [0.33333334 0.36862746 0.39607844]  [0.17254902 0.20784314 0.23137255]  [0.05882353 0.09411765 0.11764706]]]",5.038111122266855,7680,/home/amos/media/tv/The X-Files S01-S11 BluRay 10Bit 1080p Dts-HDMa5 1 HEVC-d3g/The X-Files S08 br 10bit dts hevc-d3g/The.X-Files.S08E07.Via.Negativa.1080p.BluRay.10Bit.Dts-HDMa5.1.HEVC-d3g.mkv76,1080,1920,0,308,51,453,308,37265,0.018,"[[[0.42745098 0.34117648 0.33333334]  [0.4509804  0.35686275 0.3529412 ]  [0.4627451  0.35686275 0.36078432]  ...  [0.7019608  0.74509805 0.78431374]  [0.7176471  0.7607843  0.8       ]  [0.7137255  0.75686276 0.79607844]] [[0.42745098 0.34509805 0.34117648]  [0.44313726 0.3529412  0.34901962]  [0.4627451  0.3647059  0.3647059 ]  ...  [0.7058824  0.7490196  0.7882353 ]  [0.7019608  0.74509805 0.78431374]  [0.6901961  0.73333335 0.77254903]] [[0.41568628 0.3372549  0.33333334]  [0.42745098 0.34509805 0.34117648]  [0.44705883 0.3529412  0.3529412 ]  ...  [0.7137255  0.7529412  0.7921569 ]  [0.68235296 0.7254902  0.7647059 ]  [0.68235296 0.7254902  0.7647059 ]] ... [[0.30980393 0.35686275 0.38431373]  [0.43137255 0.4862745  0.50980395]  [0.49411765 0.5529412  0.5764706 ]  ...  [0.6901961  0.72156864 0.7647059 ]  [0.6745098  0.7058824  0.7490196 ]  [0.65882355 0.6901961  0.73333335]] [[0.34509805 0.39215687 0.41960785]  [0.44705883 0.5019608  0.5254902 ]  [0.49411765 0.5529412  0.5764706 ]  ...  [0.7019608  0.73333335 0.7764706 ]  [0.6862745  0.7176471  0.7607843 ]  [0.6784314  0.70980394 0.7529412 ]] [[0.3882353  0.43529412 0.45882353]  [0.45882353 0.5176471  0.5411765 ]  [0.5294118  0.5882353  0.60784316]  ...  [0.6666667  0.69803923 0.7411765 ]  [0.6627451  0.69411767 0.7372549 ]  [0.6666667  0.69803923 0.7411765 ]]]",5.650937009078916,7704,/home/amos/media/tv/The X-Files S01-S11 BluRay 10Bit 1080p Dts-HDMa5 1 HEVC-d3g/The X-Files S08 br 10bit dts hevc-d3g/The.X-Files.S08E07.Via.Negativa.1080p.BluRay.10Bit.Dts-HDMa5.1.HEVC-d3g.mkv77,1080,1920,0,321,55,572,321,66766,0.032,"[[[0.627451   0.4627451  0.4862745 ]  [0.6117647  0.44313726 0.46666667]  [0.61960787 0.44705883 0.46666667]  ...  [0.7254902  0.76862746 0.8117647 ]  [0.70980394 0.7529412  0.79607844]  [0.7137255  0.75686276 0.8       ]] [[0.61960787 0.45490196 0.47843137]  [0.6039216  0.43529412 0.45882353]  [0.6117647  0.4392157  0.4627451 ]  ...  [0.7176471  0.7607843  0.80784315]  [0.7137255  0.75686276 0.8       ]  [0.7058824  0.7490196  0.7921569 ]] [[0.60784316 0.44705883 0.47058824]  [0.6117647  0.44313726 0.46666667]  [0.62352943 0.4509804  0.4745098 ]  ...  [0.73333335 0.7764706  0.81960785]  [0.7372549  0.78039217 0.8235294 ]  [0.72156864 0.7647059  0.80784315]] ... [[0.3764706  0.28235295 0.28627452]  [0.39215687 0.27450982 0.28627452]  [0.42352942 0.29803923 0.30980393]  ...  [0.69803923 0.7294118  0.75686276]  [0.70980394 0.74509805 0.76862746]  [0.7137255  0.74509805 0.7764706 ]] [[0.35686275 0.2784314  0.2784314 ]  [0.39215687 0.2901961  0.29411766]  [0.43529412 0.31764707 0.3254902 ]  ...  [0.65882355 0.6901961  0.7176471 ]  [0.6862745  0.7176471  0.74509805]  [0.7019608  0.73333335 0.7607843 ]] [[0.30588236 0.22745098 0.23921569]  [0.4        0.3019608  0.3137255 ]  [0.4862745  0.3764706  0.3882353 ]  ...  [0.68235296 0.7137255  0.7411765 ]  [0.69803923 0.7254902  0.7529412 ]  [0.7058824  0.7294118  0.75686276]]]",5.348390032653697,7728,/home/amos/media/tv/The X-Files S01-S11 BluRay 10Bit 1080p Dts-HDMa5 1 HEVC-d3g/The X-Files S08 br 10bit dts hevc-d3g/The.X-Files.S08E07.Via.Negativa.1080p.BluRay.10Bit.Dts-HDMa5.1.HEVC-d3g.mkv78,1080,1920,0,63,113,281,63,10900,0.005,"[[[0.18431373 0.18431373 0.19607843]  [0.18431373 0.18431373 0.19607843]  [0.18431373 0.18431373 0.19607843]  ...  [0.16078432 0.18039216 0.13333334]  [0.16078432 0.18039216 0.13333334]  [0.16078432 0.18039216 0.13333334]] [[0.18431373 0.18431373 0.19607843]  [0.18431373 0.18431373 0.19607843]  [0.18431373 0.18431373 0.19607843]  ...  [0.16078432 0.18039216 0.13333334]  [0.16078432 0.18039216 0.13333334]  [0.16078432 0.18039216 0.13333334]] [[0.1764706  0.1764706  0.1882353 ]  [0.1764706  0.1764706  0.1882353 ]  [0.1764706  0.1764706  0.1882353 ]  ...  [0.15686275 0.1764706  0.12941177]  [0.15686275 0.1764706  0.12941177]  [0.15686275 0.1764706  0.12941177]] ... [[0.2901961  0.28235295 0.29411766]  [0.2901961  0.28235295 0.29411766]  [0.28235295 0.2784314  0.2901961 ]  ...  [0.49019608 0.42352942 0.36862746]  [0.4862745  0.42352942 0.36862746]  [0.4862745  0.42352942 0.36862746]] [[0.3137255  0.30588236 0.3137255 ]  [0.3137255  0.30588236 0.3137255 ]  [0.30588236 0.3019608  0.30980393]  ...  [0.49019608 0.42352942 0.37254903]  [0.49019608 0.42352942 0.37254903]  [0.49019608 0.42352942 0.37254903]] [[0.3137255  0.30588236 0.3137255 ]  [0.3137255  0.30588236 0.3137255 ]  [0.30588236 0.3019608  0.30980393]  ...  [0.49019608 0.42352942 0.37254903]  [0.49019608 0.42352942 0.37254903]  [0.49019608 0.42352942 0.37254903]]]",5.051833209756296,7752,/home/amos/media/tv/The X-Files S01-S11 BluRay 10Bit 1080p Dts-HDMa5 1 HEVC-d3g/The X-Files S08 br 10bit dts hevc-d3g/The.X-Files.S08E07.Via.Negativa.1080p.BluRay.10Bit.Dts-HDMa5.1.HEVC-d3g.mkv79,1080,1920,1,78,301,1120,78,232366,0.112,"[[[0.5372549  0.5882353  0.62352943]  [0.5372549  0.5882353  0.62352943]  [0.5372549  0.5882353  0.62352943]  ...  [0.1764706  0.11764706 0.10980392]  [0.18039216 0.12156863 0.11372549]  [0.18039216 0.12156863 0.11372549]] [[0.5372549  0.5882353  0.62352943]  [0.5372549  0.5882353  0.62352943]  [0.5372549  0.5882353  0.62352943]  ...  [0.1764706  0.11764706 0.10980392]  [0.18039216 0.12156863 0.11372549]  [0.18039216 0.12156863 0.11372549]] [[0.5372549  0.5882353  0.62352943]  [0.5372549  0.5882353  0.62352943]  [0.5372549  0.5882353  0.62352943]  ...  [0.17254902 0.11764706 0.10588235]  [0.1764706  0.11764706 0.10980392]  [0.1764706  0.12156863 0.10980392]] ... [[0.31764707 0.2784314  0.2901961 ]  [0.31764707 0.2784314  0.2901961 ]  [0.32156864 0.28235295 0.29411766]  ...  [0.61960787 0.58431375 0.60784316]  [0.5921569  0.5568628  0.5803922 ]  [0.5882353  0.5529412  0.5764706 ]] [[0.29803923 0.25882354 0.27058825]  [0.29803923 0.25882354 0.27058825]  [0.30588236 0.26666668 0.2784314 ]  ...  [0.60784316 0.57254905 0.59607846]  [0.5764706  0.5411765  0.5647059 ]  [0.57254905 0.5372549  0.56078434]] [[0.29803923 0.25882354 0.27058825]  [0.29803923 0.25882354 0.27058825]  [0.3019608  0.2627451  0.27450982]  ...  [0.60784316 0.57254905 0.59607846]  [0.57254905 0.5372549  0.56078434]  [0.57254905 0.5372549  0.56078434]]]",4.027081117616035,7752,/home/amos/media/tv/The X-Files S01-S11 BluRay 10Bit 1080p Dts-HDMa5 1 HEVC-d3g/The X-Files S08 br 10bit dts hevc-d3g/The.X-Files.S08E07.Via.Negativa.1080p.BluRay.10Bit.Dts-HDMa5.1.HEVC-d3g.mkv80,1080,1920,2,76,274,897,76,162558,0.078,"[[[0.41960785 0.35686275 0.3529412 ]  [0.41960785 0.3529412  0.3529412 ]  [0.3764706  0.30980393 0.30588236]  ...  [0.38039216 0.3019608  0.3254902 ]  [0.36862746 0.29803923 0.3254902 ]  [0.36862746 0.29803923 0.3254902 ]] [[0.41960785 0.35686275 0.3529412 ]  [0.41960785 0.3529412  0.34901962]  [0.3764706  0.30980393 0.30588236]  ...  [0.38039216 0.3019608  0.3254902 ]  [0.36862746 0.29803923 0.3254902 ]  [0.36862746 0.29803923 0.3254902 ]] [[0.40784314 0.34509805 0.34117648]  [0.40784314 0.34509805 0.34117648]  [0.3647059  0.29803923 0.29803923]  ...  [0.38039216 0.29411766 0.32156864]  [0.3647059  0.29411766 0.31764707]  [0.3647059  0.29411766 0.31764707]] ... [[0.22352941 0.1882353  0.20784314]  [0.22352941 0.1882353  0.20784314]  [0.22352941 0.1882353  0.20784314]  ...  [0.14509805 0.10980392 0.15686275]  [0.14509805 0.10980392 0.15294118]  [0.14509805 0.10980392 0.15294118]] [[0.22352941 0.1882353  0.20784314]  [0.22352941 0.1882353  0.20784314]  [0.22352941 0.1882353  0.20784314]  ...  [0.14509805 0.10980392 0.15686275]  [0.14509805 0.10980392 0.15294118]  [0.14509805 0.10980392 0.15294118]] [[0.22352941 0.1882353  0.20784314]  [0.22352941 0.1882353  0.20784314]  [0.22352941 0.1882353  0.20784314]  ...  [0.14509805 0.10980392 0.15686275]  [0.14509805 0.10980392 0.15294118]  [0.14509805 0.10980392 0.15294118]]]",8.487282062123995,7752,/home/amos/media/tv/The X-Files S01-S11 BluRay 10Bit 1080p Dts-HDMa5 1 HEVC-d3g/The X-Files S08 br 10bit dts hevc-d3g/The.X-Files.S08E07.Via.Negativa.1080p.BluRay.10Bit.Dts-HDMa5.1.HEVC-d3g.mkv81,1080,1920,0,98,191,791,98,64449,0.031,"[[[0.35686275 0.27058825 0.2627451 ]  [0.3647059  0.27058825 0.26666668]  [0.39215687 0.27450982 0.27450982]  ...  [0.45882353 0.39607844 0.4       ]  [0.4509804  0.3882353  0.39215687]  [0.4509804  0.3882353  0.39215687]] [[0.35686275 0.27058825 0.2627451 ]  [0.3647059  0.27058825 0.2627451 ]  [0.39215687 0.27058825 0.27450982]  ...  [0.45490196 0.39607844 0.4       ]  [0.4509804  0.3882353  0.39215687]  [0.4509804  0.3882353  0.39215687]] [[0.3529412  0.26666668 0.25882354]  [0.36078432 0.26666668 0.2627451 ]  [0.3882353  0.27058825 0.26666668]  ...  [0.45490196 0.39607844 0.39607844]  [0.4509804  0.39215687 0.39215687]  [0.44705883 0.3882353  0.39215687]] ... [[0.5294118  0.4862745  0.5176471 ]  [0.5568628  0.50980395 0.5411765 ]  [0.627451   0.5803922  0.6117647 ]  ...  [0.1882353  0.15294118 0.15686275]  [0.19607843 0.15686275 0.16078432]  [0.19607843 0.15686275 0.16078432]] [[0.54509807 0.5019608  0.53333336]  [0.5686275  0.5254902  0.5568628 ]  [0.63529414 0.5921569  0.62352943]  ...  [0.1882353  0.15294118 0.15686275]  [0.19215687 0.15294118 0.16078432]  [0.19215687 0.15294118 0.16078432]] [[0.54901963 0.5058824  0.5372549 ]  [0.57254905 0.5294118  0.56078434]  [0.6392157  0.5921569  0.62352943]  ...  [0.1882353  0.15294118 0.15686275]  [0.1882353  0.15294118 0.16078432]  [0.19215687 0.15294118 0.16078432]]]",6.990094072301872,7776,/home/amos/media/tv/The X-Files S01-S11 BluRay 10Bit 1080p Dts-HDMa5 1 HEVC-d3g/The X-Files S08 br 10bit dts hevc-d3g/The.X-Files.S08E07.Via.Negativa.1080p.BluRay.10Bit.Dts-HDMa5.1.HEVC-d3g.mkv82,1080,1920,1,52,223,4,52,8208,0.004,"[[[0.6039216  0.42352942 0.40784314]  [0.6039216  0.42352942 0.40784314]  [0.6039216  0.42352942 0.40784314]  ...  [0.10980392 0.11372549 0.08627451]  [0.11372549 0.11764706 0.08627451]  [0.11372549 0.11764706 0.08627451]] [[0.6039216  0.42352942 0.40784314]  [0.6039216  0.42352942 0.40784314]  [0.6039216  0.42352942 0.40784314]  ...  [0.11372549 0.11372549 0.08627451]  [0.11372549 0.11764706 0.08627451]  [0.11372549 0.11764706 0.08627451]] [[0.6        0.41960785 0.40392157]  [0.6        0.41960785 0.40392157]  [0.6        0.41960785 0.40392157]  ...  [0.11372549 0.11764706 0.08627451]  [0.11372549 0.11764706 0.08627451]  [0.11372549 0.11764706 0.08627451]] ... [[0.23529412 0.15294118 0.11764706]  [0.23529412 0.15294118 0.11764706]  [0.23137255 0.14901961 0.11372549]  ...  [0.05490196 0.03921569 0.02745098]  [0.05098039 0.03921569 0.02745098]  [0.05098039 0.03921569 0.02745098]] [[0.23529412 0.15294118 0.11764706]  [0.23529412 0.15294118 0.11764706]  [0.23529412 0.15294118 0.11764706]  ...  [0.05098039 0.03529412 0.02352941]  [0.05098039 0.03529412 0.02352941]  [0.05098039 0.03529412 0.02352941]] [[0.23529412 0.15294118 0.11764706]  [0.23529412 0.15294118 0.11764706]  [0.23529412 0.15294118 0.11764706]  ...  [0.05098039 0.03529412 0.02352941]  [0.05098039 0.03529412 0.02352941]  [0.05098039 0.03529412 0.02352941]]]",5.749964099028148,7776,/home/amos/media/tv/The X-Files S01-S11 BluRay 10Bit 1080p Dts-HDMa5 1 HEVC-d3g/The X-Files S08 br 10bit dts hevc-d3g/The.X-Files.S08E07.Via.Negativa.1080p.BluRay.10Bit.Dts-HDMa5.1.HEVC-d3g.mkv83,1080,1920,2,93,231,1005,93,125856,0.061,"[[[0.24705882 0.16862746 0.11372549]  [0.24313726 0.16862746 0.11372549]  [0.23529412 0.16862746 0.11372549]  ...  [0.16862746 0.11764706 0.10980392]  [0.16470589 0.11372549 0.10588235]  [0.16470589 0.11372549 0.10588235]] [[0.24705882 0.16862746 0.11372549]  [0.24313726 0.16862746 0.11372549]  [0.23529412 0.16862746 0.11372549]  ...  [0.16862746 0.11764706 0.10980392]  [0.16470589 0.11372549 0.10588235]  [0.16470589 0.11372549 0.10588235]] [[0.2509804  0.16862746 0.11372549]  [0.24705882 0.16862746 0.11372549]  [0.23921569 0.16862746 0.11372549]  ...  [0.16862746 0.11764706 0.10980392]  [0.16470589 0.11372549 0.10588235]  [0.16078432 0.10980392 0.10196079]] ... [[0.10588235 0.08627451 0.08627451]  [0.10196079 0.08235294 0.08627451]  [0.09411765 0.07843138 0.08627451]  ...  [0.6156863  0.6039216  0.6392157 ]  [0.6156863  0.60784316 0.6392157 ]  [0.61960787 0.6039216  0.6392157 ]] [[0.10588235 0.08627451 0.08627451]  [0.10196079 0.08235294 0.08627451]  [0.09411765 0.07843138 0.08627451]  ...  [0.6117647  0.6        0.63529414]  [0.6117647  0.59607846 0.6313726 ]  [0.6117647  0.59607846 0.6313726 ]] [[0.10588235 0.08627451 0.08627451]  [0.10196079 0.08627451 0.08627451]  [0.09411765 0.07843138 0.08627451]  ...  [0.60784316 0.59607846 0.6313726 ]  [0.60784316 0.59607846 0.6313726 ]  [0.60784316 0.59607846 0.6313726 ]]]",4.126192151976284,7776,/home/amos/media/tv/The X-Files S01-S11 BluRay 10Bit 1080p Dts-HDMa5 1 HEVC-d3g/The X-Files S08 br 10bit dts hevc-d3g/The.X-Files.S08E07.Via.Negativa.1080p.BluRay.10Bit.Dts-HDMa5.1.HEVC-d3g.mkv84,1080,1920,0,105,184,943,105,66202,0.032,"[[[0.33333334 0.31764707 0.33333334]  [0.34117648 0.3254902  0.34117648]  [0.3647059  0.3529412  0.3647059 ]  ...  [0.15294118 0.10196079 0.10196079]  [0.15686275 0.10588235 0.10588235]  [0.15686275 0.10588235 0.10588235]] [[0.33333334 0.31764707 0.33333334]  [0.34509805 0.32941177 0.34509805]  [0.36862746 0.35686275 0.36862746]  ...  [0.15294118 0.10196079 0.10196079]  [0.15686275 0.10588235 0.10588235]  [0.15686275 0.10588235 0.10588235]] [[0.33333334 0.31764707 0.33333334]  [0.34509805 0.33333334 0.34509805]  [0.38039216 0.3647059  0.38039216]  ...  [0.15686275 0.10588235 0.10588235]  [0.15686275 0.10588235 0.10588235]  [0.16078432 0.10980392 0.10980392]] ... [[0.44313726 0.38039216 0.4       ]  [0.4392157  0.3764706  0.39607844]  [0.4392157  0.3764706  0.39607844]  ...  [0.10196079 0.07843138 0.09803922]  [0.09803922 0.07843138 0.09803922]  [0.09803922 0.07450981 0.09803922]] [[0.4392157  0.3764706  0.39607844]  [0.4392157  0.3764706  0.39607844]  [0.43529412 0.37254903 0.39215687]  ...  [0.10196079 0.07843138 0.09803922]  [0.09803922 0.07450981 0.09411765]  [0.09803922 0.07450981 0.09411765]] [[0.4392157  0.3764706  0.39607844]  [0.4392157  0.3764706  0.39607844]  [0.43529412 0.37254903 0.39215687]  ...  [0.10196079 0.07843138 0.09803922]  [0.09803922 0.07450981 0.09411765]  [0.09803922 0.07450981 0.09411765]]]",7.468992111214902,7800,/home/amos/media/tv/The X-Files S01-S11 BluRay 10Bit 1080p Dts-HDMa5 1 HEVC-d3g/The X-Files S08 br 10bit dts hevc-d3g/The.X-Files.S08E07.Via.Negativa.1080p.BluRay.10Bit.Dts-HDMa5.1.HEVC-d3g.mkv85,1080,1920,1,61,290,15,61,10534,0.005,"[[[0.24705882 0.21568628 0.1764706 ]  [0.24705882 0.21568628 0.1764706 ]  [0.23529412 0.20392157 0.16862746]  ...  [0.14509805 0.12941177 0.10588235]  [0.14509805 0.12941177 0.10588235]  [0.14509805 0.12941177 0.10588235]] [[0.24705882 0.21568628 0.1764706 ]  [0.24705882 0.21568628 0.1764706 ]  [0.23529412 0.20784314 0.16862746]  ...  [0.14509805 0.12941177 0.10588235]  [0.14509805 0.12941177 0.10588235]  [0.14509805 0.12941177 0.10588235]] [[0.24705882 0.21568628 0.1764706 ]  [0.24705882 0.21568628 0.1764706 ]  [0.23529412 0.20784314 0.16862746]  ...  [0.14509805 0.12941177 0.10588235]  [0.14509805 0.12941177 0.10588235]  [0.14509805 0.12941177 0.10588235]] ... [[0.47843137 0.45882353 0.4117647 ]  [0.47843137 0.45882353 0.4117647 ]  [0.4862745  0.4627451  0.41568628]  ...  [0.10196079 0.07843138 0.0627451 ]  [0.10196079 0.07843138 0.0627451 ]  [0.10196079 0.07843138 0.0627451 ]] [[0.48235294 0.45882353 0.4117647 ]  [0.48235294 0.45882353 0.4117647 ]  [0.4862745  0.4627451  0.41568628]  ...  [0.10196079 0.07843138 0.0627451 ]  [0.10196079 0.07843138 0.0627451 ]  [0.10196079 0.07843138 0.0627451 ]] [[0.48235294 0.45882353 0.4117647 ]  [0.48235294 0.45882353 0.4117647 ]  [0.49019608 0.4627451  0.41568628]  ...  [0.10196079 0.07843138 0.0627451 ]  [0.10196079 0.07843138 0.0627451 ]  [0.10196079 0.07843138 0.0627451 ]]]",7.4296631384058855,7800,/home/amos/media/tv/The X-Files S01-S11 BluRay 10Bit 1080p Dts-HDMa5 1 HEVC-d3g/The X-Files S08 br 10bit dts hevc-d3g/The.X-Files.S08E07.Via.Negativa.1080p.BluRay.10Bit.Dts-HDMa5.1.HEVC-d3g.mkv86,1080,1920,0,115,130,555,115,6600,0.003,"[[[0.3647059  0.2627451  0.29411766]  [0.3647059  0.2627451  0.29411766]  [0.36862746 0.25882354 0.2901961 ]  ...  [0.22352941 0.17254902 0.17254902]  [0.22745098 0.1764706  0.1764706 ]  [0.23137255 0.18039216 0.18039216]] [[0.36078432 0.25882354 0.2901961 ]  [0.3647059  0.25882354 0.2901961 ]  [0.3647059  0.25882354 0.2901961 ]  ...  [0.21960784 0.16862746 0.16862746]  [0.22745098 0.1764706  0.1764706 ]  [0.23137255 0.18039216 0.18039216]] [[0.35686275 0.25490198 0.28235295]  [0.36078432 0.25490198 0.28627452]  [0.3647059  0.25882354 0.28627452]  ...  [0.21960784 0.16862746 0.16862746]  [0.22745098 0.1764706  0.1764706 ]  [0.22745098 0.1764706  0.1764706 ]] ... [[0.28235295 0.1764706  0.2       ]  [0.2784314  0.17254902 0.19215687]  [0.27058825 0.16470589 0.18431373]  ...  [0.25882354 0.23529412 0.24705882]  [0.26666668 0.24313726 0.25490198]  [0.27058825 0.24705882 0.2627451 ]] [[0.2784314  0.17254902 0.19607843]  [0.27450982 0.16862746 0.19215687]  [0.27058825 0.16470589 0.18431373]  ...  [0.2509804  0.23137255 0.24705882]  [0.25490198 0.23529412 0.24705882]  [0.25490198 0.23529412 0.2509804 ]] [[0.2784314  0.17254902 0.19607843]  [0.27450982 0.16862746 0.19215687]  [0.27058825 0.16470589 0.1882353 ]  ...  [0.2509804  0.23137255 0.24313726]  [0.2509804  0.23137255 0.24313726]  [0.2509804  0.23137255 0.24313726]]]",5.896076098433696,7824,/home/amos/media/tv/The X-Files S01-S11 BluRay 10Bit 1080p Dts-HDMa5 1 HEVC-d3g/The X-Files S08 br 10bit dts hevc-d3g/The.X-Files.S08E07.Via.Negativa.1080p.BluRay.10Bit.Dts-HDMa5.1.HEVC-d3g.mkv87,1080,1920,1,117,167,1024,117,45350,0.022,"[[[0.07843138 0.07058824 0.08235294]  [0.07843138 0.07058824 0.08235294]  [0.07843138 0.07058824 0.08235294]  ...  [0.13725491 0.09803922 0.09411765]  [0.13333334 0.09411765 0.09019608]  [0.13333334 0.09411765 0.09019608]] [[0.07843138 0.07058824 0.08235294]  [0.07843138 0.07058824 0.08235294]  [0.07843138 0.07058824 0.08235294]  ...  [0.13725491 0.09803922 0.09411765]  [0.13333334 0.09411765 0.09019608]  [0.13333334 0.09411765 0.09019608]] [[0.08235294 0.07450981 0.08627451]  [0.08235294 0.07450981 0.08627451]  [0.08235294 0.07450981 0.08627451]  ...  [0.13725491 0.09803922 0.09019608]  [0.13725491 0.09803922 0.09411765]  [0.13725491 0.09803922 0.09411765]] ... [[0.3254902  0.27450982 0.29411766]  [0.32156864 0.27058825 0.2901961 ]  [0.30980393 0.25882354 0.2784314 ]  ...  [0.07843138 0.04705882 0.05098039]  [0.07058824 0.04313726 0.05098039]  [0.07058824 0.03921569 0.04705882]] [[0.37254903 0.31764707 0.3372549 ]  [0.3647059  0.30980393 0.32941177]  [0.3529412  0.29803923 0.31764707]  ...  [0.07843138 0.04705882 0.05490196]  [0.07450981 0.04313726 0.05098039]  [0.07450981 0.04313726 0.05098039]] [[0.39607844 0.34117648 0.36078432]  [0.3882353  0.33333334 0.3529412 ]  [0.3764706  0.32156864 0.34117648]  ...  [0.07843138 0.04705882 0.05490196]  [0.07450981 0.04313726 0.05098039]  [0.07450981 0.04313726 0.05098039]]]",5.23326405195985,7824,/home/amos/media/tv/The X-Files S01-S11 BluRay 10Bit 1080p Dts-HDMa5 1 HEVC-d3g/The X-Files S08 br 10bit dts hevc-d3g/The.X-Files.S08E07.Via.Negativa.1080p.BluRay.10Bit.Dts-HDMa5.1.HEVC-d3g.mkv88,1080,1920,0,101,182,952,101,68931,0.033,"[[[0.1882353  0.17254902 0.15294118]  [0.1882353  0.17254902 0.15294118]  [0.1882353  0.17254902 0.15294118]  ...  [0.14901961 0.11764706 0.11372549]  [0.15686275 0.1254902  0.12156863]  [0.16078432 0.12941177 0.1254902 ]] [[0.1882353  0.17254902 0.15294118]  [0.1882353  0.17254902 0.15294118]  [0.1882353  0.17254902 0.15294118]  ...  [0.14901961 0.11764706 0.11764706]  [0.15686275 0.1254902  0.12156863]  [0.16078432 0.12941177 0.1254902 ]] [[0.19607843 0.18039216 0.16078432]  [0.19607843 0.18039216 0.16078432]  [0.19607843 0.18039216 0.16078432]  ...  [0.15294118 0.11764706 0.11372549]  [0.15686275 0.12941177 0.1254902 ]  [0.16078432 0.13333334 0.1254902 ]] ... [[0.29411766 0.27058825 0.28235295]  [0.2901961  0.26666668 0.2784314 ]  [0.2784314  0.25490198 0.26666668]  ...  [0.09411765 0.07450981 0.10196079]  [0.09803922 0.07843138 0.10588235]  [0.09803922 0.07843138 0.10588235]] [[0.28627452 0.2627451  0.27450982]  [0.28235295 0.25882354 0.27058825]  [0.27450982 0.2509804  0.2627451 ]  ...  [0.09411765 0.07450981 0.10196079]  [0.09803922 0.07843138 0.10588235]  [0.09803922 0.07843138 0.10588235]] [[0.28627452 0.2627451  0.27450982]  [0.28235295 0.25882354 0.27058825]  [0.27058825 0.24705882 0.25882354]  ...  [0.09411765 0.07450981 0.10196079]  [0.09803922 0.07843138 0.10588235]  [0.09803922 0.07843138 0.10588235]]]",8.849924094218295,7848,/home/amos/media/tv/The X-Files S01-S11 BluRay 10Bit 1080p Dts-HDMa5 1 HEVC-d3g/The X-Files S08 br 10bit dts hevc-d3g/The.X-Files.S08E07.Via.Negativa.1080p.BluRay.10Bit.Dts-HDMa5.1.HEVC-d3g.mkv89,1080,1920,0,99,150,926,99,42177,0.02,"[[[0.2        0.16862746 0.18039216]  [0.2        0.16862746 0.18039216]  [0.19607843 0.16470589 0.1764706 ]  ...  [0.14901961 0.11764706 0.10588235]  [0.14901961 0.12156863 0.10980392]  [0.14901961 0.12156863 0.11372549]] [[0.19607843 0.16470589 0.1764706 ]  [0.19607843 0.16470589 0.1764706 ]  [0.19607843 0.16470589 0.1764706 ]  ...  [0.14901961 0.11372549 0.10588235]  [0.14901961 0.11764706 0.10980392]  [0.14901961 0.11764706 0.11372549]] [[0.19607843 0.16470589 0.1764706 ]  [0.19607843 0.16078432 0.1764706 ]  [0.19215687 0.16078432 0.17254902]  ...  [0.14117648 0.11372549 0.10196079]  [0.14509805 0.11372549 0.10588235]  [0.14509805 0.11764706 0.10980392]] ... [[0.22352941 0.21960784 0.20784314]  [0.22352941 0.21568628 0.20392157]  [0.21960784 0.21568628 0.20392157]  ...  [0.06666667 0.04705882 0.0627451 ]  [0.07058824 0.05098039 0.06666667]  [0.07450981 0.05098039 0.06666667]] [[0.20784314 0.20392157 0.19215687]  [0.20784314 0.20392157 0.19215687]  [0.2        0.19607843 0.18431373]  ...  [0.05098039 0.02745098 0.04313726]  [0.06666667 0.04313726 0.0627451 ]  [0.07450981 0.05098039 0.06666667]] [[0.20392157 0.2        0.1882353 ]  [0.2        0.19607843 0.18431373]  [0.19607843 0.19215687 0.1764706 ]  ...  [0.04705882 0.02352941 0.03921569]  [0.06666667 0.04313726 0.05882353]  [0.07450981 0.05098039 0.06666667]]]",7.740230030962266,7872,/home/amos/media/tv/The X-Files S01-S11 BluRay 10Bit 1080p Dts-HDMa5 1 HEVC-d3g/The X-Files S08 br 10bit dts hevc-d3g/The.X-Files.S08E07.Via.Negativa.1080p.BluRay.10Bit.Dts-HDMa5.1.HEVC-d3g.mkv90,1080,1920,0,100,125,848,100,18700,0.009,"[[[0.3019608  0.21960784 0.21568628]  [0.3019608  0.21960784 0.21568628]  [0.30980393 0.22745098 0.22352941]  ...  [0.13725491 0.1254902  0.13333334]  [0.13725491 0.1254902  0.13333334]  [0.13725491 0.1254902  0.13333334]] [[0.3019608  0.21960784 0.21568628]  [0.3019608  0.21960784 0.21568628]  [0.30588236 0.22352941 0.21960784]  ...  [0.13725491 0.1254902  0.13333334]  [0.13725491 0.1254902  0.13333334]  [0.13725491 0.1254902  0.13333334]] [[0.3019608  0.21568628 0.21176471]  [0.3019608  0.21568628 0.21568628]  [0.30588236 0.21568628 0.21568628]  ...  [0.14117648 0.1254902  0.13333334]  [0.14117648 0.1254902  0.13333334]  [0.13725491 0.1254902  0.13333334]] ... [[0.38039216 0.21960784 0.24313726]  [0.37254903 0.21176471 0.23921569]  [0.35686275 0.19607843 0.22352941]  ...  [0.1764706  0.16078432 0.18039216]  [0.18431373 0.16862746 0.1882353 ]  [0.1882353  0.17254902 0.1882353 ]] [[0.3647059  0.20392157 0.23137255]  [0.36078432 0.2        0.22745098]  [0.3529412  0.19215687 0.21568628]  ...  [0.1764706  0.16078432 0.18039216]  [0.18039216 0.16470589 0.18431373]  [0.18431373 0.16862746 0.1882353 ]] [[0.36078432 0.2        0.22745098]  [0.35686275 0.19607843 0.22352941]  [0.34901962 0.1882353  0.21568628]  ...  [0.17254902 0.15686275 0.1764706 ]  [0.18039216 0.16470589 0.18431373]  [0.18431373 0.16862746 0.1882353 ]]]",6.855248161475174,7896,/home/amos/media/tv/The X-Files S01-S11 BluRay 10Bit 1080p Dts-HDMa5 1 HEVC-d3g/The X-Files S08 br 10bit dts hevc-d3g/The.X-Files.S08E07.Via.Negativa.1080p.BluRay.10Bit.Dts-HDMa5.1.HEVC-d3g.mkv91,1080,1920,0,95,122,812,95,19359,0.009,"[[[0.18431373 0.13333334 0.1254902 ]  [0.1882353  0.13333334 0.12941177]  [0.19607843 0.14509805 0.13725491]  ...  [0.18039216 0.14901961 0.16862746]  [0.18039216 0.14901961 0.16862746]  [0.         0.         0.        ]] [[0.1882353  0.13725491 0.12941177]  [0.19215687 0.14117648 0.13333334]  [0.2        0.14901961 0.14117648]  ...  [0.1882353  0.15686275 0.17254902]  [0.18431373 0.15294118 0.17254902]  [0.         0.         0.        ]] [[0.2        0.14901961 0.14117648]  [0.20392157 0.15294118 0.14509805]  [0.21176471 0.16078432 0.15294118]  ...  [0.20392157 0.16862746 0.1882353 ]  [0.20392157 0.16862746 0.1882353 ]  [0.         0.         0.        ]] ... [[0.21960784 0.21960784 0.20784314]  [0.21960784 0.21960784 0.20784314]  [0.21960784 0.21960784 0.20392157]  ...  [0.19215687 0.16862746 0.15294118]  [0.1882353  0.16470589 0.14901961]  [0.         0.         0.        ]] [[0.22352941 0.22352941 0.21176471]  [0.22352941 0.22352941 0.21176471]  [0.21960784 0.21960784 0.20784314]  ...  [0.19607843 0.17254902 0.15686275]  [0.19215687 0.16862746 0.15294118]  [0.         0.         0.        ]] [[0.         0.         0.        ]  [0.         0.         0.        ]  [0.         0.         0.        ]  ...  [0.         0.         0.        ]  [0.         0.         0.        ]  [0.         0.         0.        ]]]",9.435877030657139,7920,/home/amos/media/tv/The X-Files S01-S11 BluRay 10Bit 1080p Dts-HDMa5 1 HEVC-d3g/The X-Files S08 br 10bit dts hevc-d3g/The.X-Files.S08E07.Via.Negativa.1080p.BluRay.10Bit.Dts-HDMa5.1.HEVC-d3g.mkv92,1080,1920,1,120,126,649,120,3174,0.002,"[[[0.19607843 0.14901961 0.16862746]  [0.19607843 0.14901961 0.17254902]  [0.2        0.15294118 0.18431373]  ...  [0.5686275  0.5058824  0.5137255 ]  [0.5764706  0.52156866 0.5254902 ]  [0.58431375 0.5294118  0.53333336]] [[0.19607843 0.14901961 0.16862746]  [0.2        0.15294118 0.1764706 ]  [0.2        0.15686275 0.1882353 ]  ...  [0.57254905 0.50980395 0.5176471 ]  [0.5803922  0.5254902  0.5294118 ]  [0.5882353  0.53333336 0.5372549 ]] [[0.2        0.15686275 0.17254902]  [0.2        0.15686275 0.1764706 ]  [0.20392157 0.16078432 0.19215687]  ...  [0.58431375 0.52156866 0.5294118 ]  [0.5882353  0.53333336 0.5372549 ]  [0.5921569  0.5372549  0.5411765 ]] ... [[0.40392157 0.40784314 0.46666667]  [0.41568628 0.41960785 0.47843137]  [0.43529412 0.4392157  0.5019608 ]  ...  [0.21960784 0.1882353  0.22352941]  [0.19607843 0.16078432 0.2       ]  [0.18039216 0.14509805 0.1882353 ]] [[0.42352942 0.42745098 0.4862745 ]  [0.43529412 0.4392157  0.49803922]  [0.4509804  0.45490196 0.5176471 ]  ...  [0.24705882 0.21176471 0.2509804 ]  [0.21568628 0.18431373 0.22352941]  [0.2        0.16470589 0.20784314]] [[0.43529412 0.4392157  0.49803922]  [0.44313726 0.44705883 0.50980395]  [0.4627451  0.46666667 0.5254902 ]  ...  [0.25882354 0.22745098 0.26666668]  [0.22745098 0.19607843 0.23529412]  [0.21176471 0.1764706  0.21960784]]]",8.480638032197021,7920,/home/amos/media/tv/The X-Files S01-S11 BluRay 10Bit 1080p Dts-HDMa5 1 HEVC-d3g/The X-Files S08 br 10bit dts hevc-d3g/The.X-Files.S08E07.Via.Negativa.1080p.BluRay.10Bit.Dts-HDMa5.1.HEVC-d3g.mkv93,1080,1920,0,109,104,687,109,2890,0.001,"[[[0.2627451  0.21176471 0.22745098]  [0.26666668 0.21568628 0.23137255]  [0.27450982 0.21960784 0.24313726]  ...  [0.39607844 0.30980393 0.33333334]  [0.3882353  0.3019608  0.3254902 ]  [0.38431373 0.29803923 0.32156864]] [[0.25882354 0.20784314 0.22745098]  [0.2627451  0.21176471 0.23137255]  [0.27058825 0.21568628 0.23921569]  ...  [0.39607844 0.30980393 0.33333334]  [0.3882353  0.3019608  0.3254902 ]  [0.3882353  0.3019608  0.32156864]] [[0.25882354 0.20392157 0.22745098]  [0.25882354 0.20784314 0.23137255]  [0.26666668 0.21176471 0.23921569]  ...  [0.4        0.30980393 0.32941177]  [0.39607844 0.30588236 0.32941177]  [0.39607844 0.30588236 0.3254902 ]] ... [[0.29803923 0.29411766 0.25490198]  [0.29803923 0.29411766 0.25490198]  [0.2901961  0.2901961  0.2509804 ]  ...  [0.26666668 0.10196079 0.12156863]  [0.2627451  0.09803922 0.11764706]  [0.2627451  0.09803922 0.11764706]] [[0.3137255  0.30980393 0.27450982]  [0.30980393 0.30588236 0.27058825]  [0.3019608  0.3019608  0.2627451 ]  ...  [0.26666668 0.10196079 0.12156863]  [0.2627451  0.09803922 0.11764706]  [0.2627451  0.09803922 0.11764706]] [[0.32156864 0.31764707 0.28235295]  [0.31764707 0.3137255  0.2784314 ]  [0.30588236 0.30588236 0.26666668]  ...  [0.26666668 0.10196079 0.12156863]  [0.2627451  0.09803922 0.11764706]  [0.2627451  0.09803922 0.11764706]]]",5.584523010242265,7944,/home/amos/media/tv/The X-Files S01-S11 BluRay 10Bit 1080p Dts-HDMa5 1 HEVC-d3g/The X-Files S08 br 10bit dts hevc-d3g/The.X-Files.S08E07.Via.Negativa.1080p.BluRay.10Bit.Dts-HDMa5.1.HEVC-d3g.mkv94,1080,1920,0,138,186,315,138,8496,0.004,"[[[0.25882354 0.25882354 0.21960784]  [0.25882354 0.25882354 0.21960784]  [0.2627451  0.2627451  0.22352941]  ...  [0.36862746 0.34901962 0.3529412 ]  [0.3764706  0.34901962 0.34901962]  [0.38039216 0.34901962 0.34901962]] [[0.2627451  0.2627451  0.22352941]  [0.2627451  0.2627451  0.22352941]  [0.2627451  0.2627451  0.22352941]  ...  [0.36862746 0.34901962 0.3529412 ]  [0.3764706  0.34901962 0.34901962]  [0.38039216 0.34901962 0.34509805]] [[0.26666668 0.26666668 0.22745098]  [0.26666668 0.26666668 0.22745098]  [0.26666668 0.26666668 0.22745098]  ...  [0.36862746 0.34901962 0.34901962]  [0.3764706  0.34901962 0.34509805]  [0.38039216 0.34901962 0.34509805]] ... [[0.2        0.15294118 0.12941177]  [0.2        0.15294118 0.12941177]  [0.2        0.15294118 0.12941177]  ...  [0.41960785 0.39215687 0.3882353 ]  [0.41960785 0.39215687 0.3882353 ]  [0.41960785 0.39215687 0.3882353 ]] [[0.19607843 0.14901961 0.12941177]  [0.19607843 0.14901961 0.12941177]  [0.19607843 0.14901961 0.12941177]  ...  [0.41568628 0.3882353  0.38431373]  [0.41568628 0.3882353  0.38431373]  [0.41960785 0.3882353  0.38431373]] [[0.19607843 0.14901961 0.12941177]  [0.19607843 0.14901961 0.12941177]  [0.19607843 0.14901961 0.12941177]  ...  [0.4117647  0.38431373 0.38039216]  [0.41568628 0.38431373 0.38039216]  [0.41960785 0.3882353  0.38431373]]]",6.203793867665809,8064,/home/amos/media/tv/The X-Files S01-S11 BluRay 10Bit 1080p Dts-HDMa5 1 HEVC-d3g/The X-Files S08 br 10bit dts hevc-d3g/The.X-Files.S08E07.Via.Negativa.1080p.BluRay.10Bit.Dts-HDMa5.1.HEVC-d3g.mkv95,1080,1920,0,372,161,503,372,27641,0.013,"[[[0.14901961 0.15294118 0.15294118]  [0.13333334 0.13725491 0.13725491]  [0.12156863 0.1254902  0.1254902 ]  ...  [0.30980393 0.22745098 0.21176471]  [0.3137255  0.23921569 0.22352941]  [0.3372549  0.2627451  0.24705882]] [[0.1254902  0.12941177 0.12941177]  [0.12156863 0.1254902  0.1254902 ]  [0.11764706 0.12156863 0.12156863]  ...  [0.2901961  0.21176471 0.2       ]  [0.3019608  0.22745098 0.21176471]  [0.3372549  0.2627451  0.24705882]] [[0.1254902  0.12941177 0.12941177]  [0.11372549 0.11764706 0.11764706]  [0.10196079 0.10588235 0.10588235]  ...  [0.29803923 0.21960784 0.20784314]  [0.29411766 0.21960784 0.20392157]  [0.3137255  0.24313726 0.22352941]] ... [[0.04705882 0.04705882 0.06666667]  [0.04705882 0.04705882 0.06666667]  [0.04705882 0.04705882 0.06666667]  ...  [0.03921569 0.03529412 0.05098039]  [0.04705882 0.03921569 0.05882353]  [0.05490196 0.04705882 0.06666667]] [[0.05490196 0.05490196 0.07450981]  [0.05490196 0.05490196 0.07450981]  [0.05882353 0.05882353 0.07843138]  ...  [0.04705882 0.03921569 0.05882353]  [0.05098039 0.04313726 0.0627451 ]  [0.05490196 0.04705882 0.06666667]] [[0.04705882 0.04705882 0.06666667]  [0.05098039 0.05098039 0.07058824]  [0.05490196 0.05490196 0.07450981]  ...  [0.05098039 0.04313726 0.0627451 ]  [0.05098039 0.04313726 0.0627451 ]  [0.05098039 0.03921569 0.0627451 ]]]",4.5859860311611556,8280,/home/amos/media/tv/The X-Files S01-S11 BluRay 10Bit 1080p Dts-HDMa5 1 HEVC-d3g/The X-Files S08 br 10bit dts hevc-d3g/The.X-Files.S08E07.Via.Negativa.1080p.BluRay.10Bit.Dts-HDMa5.1.HEVC-d3g.mkv96,1080,1920,0,357,190,601,357,40748,0.02,"[[[0.28627452 0.20392157 0.18039216]  [0.3019608  0.20784314 0.1882353 ]  [0.3372549  0.23529412 0.21568628]  ...  [0.32941177 0.30980393 0.3019608 ]  [0.32941177 0.30980393 0.3019608 ]  [0.32941177 0.30980393 0.3019608 ]] [[0.2901961  0.20392157 0.18431373]  [0.30980393 0.21960784 0.2       ]  [0.34117648 0.24313726 0.22745098]  ...  [0.34509805 0.32156864 0.31764707]  [0.34509805 0.3254902  0.31764707]  [0.34117648 0.32156864 0.3137255 ]] [[0.3019608  0.21568628 0.19607843]  [0.32156864 0.23137255 0.21176471]  [0.33333334 0.23921569 0.21960784]  ...  [0.36078432 0.33333334 0.32941177]  [0.36078432 0.33333334 0.32941177]  [0.36078432 0.33333334 0.32941177]] ... [[0.5176471  0.53333336 0.5764706 ]  [0.5176471  0.53333336 0.5764706 ]  [0.52156866 0.5372549  0.5803922 ]  ...  [0.04705882 0.03921569 0.0627451 ]  [0.05882353 0.05098039 0.07450981]  [0.05490196 0.04705882 0.07058824]] [[0.5019608  0.5176471  0.5647059 ]  [0.5019608  0.5176471  0.5647059 ]  [0.50980395 0.5254902  0.57254905]  ...  [0.04705882 0.03921569 0.0627451 ]  [0.05882353 0.05098039 0.07450981]  [0.05490196 0.04705882 0.07058824]] [[0.50980395 0.5254902  0.57254905]  [0.5058824  0.52156866 0.5686275 ]  [0.5058824  0.52156866 0.5686275 ]  ...  [0.04705882 0.03921569 0.0627451 ]  [0.05098039 0.04313726 0.06666667]  [0.05098039 0.04313726 0.06666667]]]",6.717149062955286,8304,/home/amos/media/tv/The X-Files S01-S11 BluRay 10Bit 1080p Dts-HDMa5 1 HEVC-d3g/The X-Files S08 br 10bit dts hevc-d3g/The.X-Files.S08E07.Via.Negativa.1080p.BluRay.10Bit.Dts-HDMa5.1.HEVC-d3g.mkv97,1080,1920,0,378,301,1138,378,58520,0.028,"[[[0.58431375 0.45882353 0.4862745 ]  [0.6313726  0.5019608  0.53333336]  [0.5882353  0.47058824 0.5019608 ]  ...  [0.12941177 0.10588235 0.07843138]  [0.11372549 0.09019608 0.06666667]  [0.11372549 0.09019608 0.06666667]] [[0.59607846 0.47843137 0.5058824 ]  [0.57254905 0.4509804  0.47843137]  [0.58431375 0.46666667 0.49411765]  ...  [0.11764706 0.09411765 0.07058824]  [0.11372549 0.09019608 0.06666667]  [0.11764706 0.09411765 0.07058824]] [[0.6        0.4862745  0.5137255 ]  [0.5921569  0.4745098  0.5058824 ]  [0.5921569  0.4745098  0.5058824 ]  ...  [0.10980392 0.08627451 0.0627451 ]  [0.11372549 0.09019608 0.06666667]  [0.11372549 0.09019608 0.06666667]] ... [[0.23921569 0.23921569 0.27058825]  [0.24705882 0.24313726 0.27450982]  [0.2509804  0.24705882 0.28235295]  ...  [0.01568628 0.00784314 0.01960784]  [0.01960784 0.01176471 0.02352941]  [0.03529412 0.02745098 0.03921569]] [[0.23137255 0.22352941 0.2509804 ]  [0.21568628 0.20784314 0.23529412]  [0.21176471 0.20392157 0.23137255]  ...  [0.01960784 0.01176471 0.02352941]  [0.00392157 0.         0.01176471]  [0.03137255 0.02352941 0.03529412]] [[0.1882353  0.16862746 0.19215687]  [0.19607843 0.1764706  0.19607843]  [0.21960784 0.19607843 0.21568628]  ...  [0.02352941 0.01568628 0.02745098]  [0.00784314 0.00392157 0.01176471]  [0.01568628 0.00784314 0.01960784]]]",4.370462999271695,8352,/home/amos/media/tv/The X-Files S01-S11 BluRay 10Bit 1080p Dts-HDMa5 1 HEVC-d3g/The X-Files S08 br 10bit dts hevc-d3g/The.X-Files.S08E07.Via.Negativa.1080p.BluRay.10Bit.Dts-HDMa5.1.HEVC-d3g.mkv98,1080,1920,0,71,422,1095,71,359424,0.173,"[[[0.64705884 0.5058824  0.4627451 ]  [0.64705884 0.5058824  0.4627451 ]  [0.6431373  0.5019608  0.45882353]  ...  [0.21176471 0.20784314 0.23529412]  [0.21176471 0.20784314 0.23529412]  [0.         0.         0.        ]] [[0.64705884 0.5058824  0.4627451 ]  [0.64705884 0.5058824  0.4627451 ]  [0.6431373  0.5019608  0.45882353]  ...  [0.21176471 0.20784314 0.23529412]  [0.21176471 0.20784314 0.23529412]  [0.         0.         0.        ]] [[0.6509804  0.50980395 0.46666667]  [0.6509804  0.50980395 0.46666667]  [0.64705884 0.5058824  0.4627451 ]  ...  [0.20784314 0.20392157 0.23137255]  [0.20784314 0.20392157 0.23137255]  [0.         0.         0.        ]] ... [[0.56078434 0.44705883 0.4509804 ]  [0.56078434 0.44705883 0.4509804 ]  [0.56078434 0.44705883 0.4509804 ]  ...  [0.07843138 0.09803922 0.16862746]  [0.07843138 0.09803922 0.16862746]  [0.         0.         0.        ]] [[0.56078434 0.44705883 0.4509804 ]  [0.56078434 0.44705883 0.4509804 ]  [0.56078434 0.44705883 0.4509804 ]  ...  [0.07843138 0.09803922 0.16862746]  [0.07843138 0.09803922 0.16862746]  [0.         0.         0.        ]] [[0.         0.         0.        ]  [0.         0.         0.        ]  [0.         0.         0.        ]  ...  [0.         0.         0.        ]  [0.         0.         0.        ]  [0.         0.         0.        ]]]",2.6904960611718707,8496,/home/amos/media/tv/The X-Files S01-S11 BluRay 10Bit 1080p Dts-HDMa5 1 HEVC-d3g/The X-Files S08 br 10bit dts hevc-d3g/The.X-Files.S08E07.Via.Negativa.1080p.BluRay.10Bit.Dts-HDMa5.1.HEVC-d3g.mkv99,1080,1920,0,354,182,541,354,32164,0.016,"[[[0.32156864 0.24705882 0.22352941]  [0.3137255  0.23137255 0.20784314]  [0.32156864 0.23921569 0.21176471]  ...  [0.45882353 0.3019608  0.27450982]  [0.46666667 0.30980393 0.28235295]  [0.4745098  0.31764707 0.29803923]] [[0.31764707 0.23921569 0.21568628]  [0.30588236 0.21960784 0.2       ]  [0.31764707 0.22352941 0.2       ]  ...  [0.4392157  0.2901961  0.2627451 ]  [0.44705883 0.3019608  0.27058825]  [0.44705883 0.29803923 0.2784314 ]] [[0.3254902  0.24705882 0.22352941]  [0.30980393 0.21960784 0.2       ]  [0.3137255  0.21176471 0.19215687]  ...  [0.43529412 0.29803923 0.26666668]  [0.43529412 0.29411766 0.2627451 ]  [0.43137255 0.2901961  0.26666668]] ... [[0.49019608 0.50980395 0.5411765 ]  [0.49411765 0.5137255  0.54509807]  [0.4862745  0.5058824  0.5372549 ]  ...  [0.03137255 0.02352941 0.04705882]  [0.03921569 0.03137255 0.05490196]  [0.04705882 0.03921569 0.0627451 ]] [[0.49411765 0.5137255  0.54509807]  [0.49803922 0.5176471  0.54901963]  [0.5019608  0.52156866 0.5529412 ]  ...  [0.03529412 0.02745098 0.05098039]  [0.03921569 0.03137255 0.05490196]  [0.04313726 0.03529412 0.05882353]] [[0.48235294 0.5019608  0.53333336]  [0.5019608  0.5254902  0.5529412 ]  [0.50980395 0.5294118  0.56078434]  ...  [0.02745098 0.01568628 0.03921569]  [0.02745098 0.01568628 0.03921569]  [0.02745098 0.01960784 0.04313726]]]",7.070120094052982,8568,/home/amos/media/tv/The X-Files S01-S11 BluRay 10Bit 1080p Dts-HDMa5 1 HEVC-d3g/The X-Files S08 br 10bit dts hevc-d3g/The.X-Files.S08E07.Via.Negativa.1080p.BluRay.10Bit.Dts-HDMa5.1.HEVC-d3g.mkv100,1080,1920,0,351,195,487,351,21216,0.01,"[[[0.29803923 0.22745098 0.19607843]  [0.3137255  0.24313726 0.21176471]  [0.32156864 0.2509804  0.21960784]  ...  [0.7176471  0.38039216 0.4117647 ]  [0.68235296 0.36862746 0.39607844]  [0.6431373  0.36078432 0.38431373]] [[0.3019608  0.23137255 0.2       ]  [0.31764707 0.24705882 0.21568628]  [0.3254902  0.25490198 0.22352941]  ...  [0.68235296 0.3529412  0.38039216]  [0.654902   0.34117648 0.36862746]  [0.627451   0.34117648 0.3647059 ]] [[0.30588236 0.23921569 0.20784314]  [0.31764707 0.24705882 0.21568628]  [0.31764707 0.24705882 0.21568628]  ...  [0.6666667  0.3372549  0.3647059 ]  [0.6392157  0.3254902  0.34901962]  [0.5686275  0.2784314  0.29803923]] ... [[0.40784314 0.4117647  0.44313726]  [0.40392157 0.4117647  0.44313726]  [0.40784314 0.4117647  0.44313726]  ...  [0.03921569 0.02745098 0.0627451 ]  [0.04313726 0.03137255 0.07058824]  [0.05098039 0.03921569 0.07843138]] [[0.43137255 0.43529412 0.4627451 ]  [0.41568628 0.42352942 0.45490196]  [0.4117647  0.42352942 0.4509804 ]  ...  [0.03921569 0.02745098 0.0627451 ]  [0.03529412 0.02352941 0.0627451 ]  [0.04313726 0.03137255 0.07058824]] [[0.45882353 0.4627451  0.49411765]  [0.43137255 0.43529412 0.46666667]  [0.4117647  0.41960785 0.4509804 ]  ...  [0.03529412 0.02352941 0.05882353]  [0.03921569 0.02745098 0.0627451 ]  [0.03921569 0.02745098 0.0627451 ]]]",6.418431210448034,8736,/home/amos/media/tv/The X-Files S01-S11 BluRay 10Bit 1080p Dts-HDMa5 1 HEVC-d3g/The X-Files S08 br 10bit dts hevc-d3g/The.X-Files.S08E07.Via.Negativa.1080p.BluRay.10Bit.Dts-HDMa5.1.HEVC-d3g.mkv101,1080,1920,1,129,381,1773,129,414288,0.2,"[[[0.07450981 0.07843138 0.05882353]  [0.07450981 0.07843138 0.05882353]  [0.07843138 0.08235294 0.0627451 ]  ...  [0.3529412  0.3254902  0.2509804 ]  [0.34901962 0.32156864 0.24705882]  [0.34901962 0.32156864 0.24705882]] [[0.07450981 0.07843138 0.05882353]  [0.07450981 0.07843138 0.05882353]  [0.07450981 0.07843138 0.05882353]  ...  [0.34901962 0.3254902  0.24705882]  [0.34901962 0.32156864 0.24705882]  [0.34901962 0.31764707 0.24705882]] [[0.07450981 0.07843138 0.05882353]  [0.07450981 0.07450981 0.05882353]  [0.07058824 0.07450981 0.05490196]  ...  [0.34901962 0.32156864 0.24705882]  [0.34509805 0.31764707 0.24313726]  [0.34509805 0.31764707 0.24313726]] ... [[0.3372549  0.30588236 0.23137255]  [0.34117648 0.30980393 0.23529412]  [0.34509805 0.3137255  0.23921569]  ...  [0.16862746 0.1764706  0.14509805]  [0.15294118 0.16078432 0.12941177]  [0.14509805 0.15294118 0.12156863]] [[0.34117648 0.30980393 0.23137255]  [0.34117648 0.30980393 0.23529412]  [0.34117648 0.3137255  0.23921569]  ...  [0.16470589 0.17254902 0.14117648]  [0.14509805 0.15294118 0.12156863]  [0.13333334 0.14117648 0.10980392]] [[0.34117648 0.30980393 0.23529412]  [0.34117648 0.30980393 0.23529412]  [0.34117648 0.3137255  0.23921569]  ...  [0.16078432 0.16862746 0.13725491]  [0.14117648 0.14901961 0.11764706]  [0.12941177 0.13725491 0.10588235]]]",4.236478069273289,8736,/home/amos/media/tv/The X-Files S01-S11 BluRay 10Bit 1080p Dts-HDMa5 1 HEVC-d3g/The X-Files S08 br 10bit dts hevc-d3g/The.X-Files.S08E07.Via.Negativa.1080p.BluRay.10Bit.Dts-HDMa5.1.HEVC-d3g.mkv102,1080,1920,0,580,138,816,580,104312,0.05,"[[[0.27450982 0.24313726 0.26666668]  [0.28235295 0.2509804  0.27450982]  [0.3019608  0.26666668 0.2901961 ]  ...  [0.16862746 0.10980392 0.08235294]  [0.16078432 0.10196079 0.07450981]  [0.15686275 0.09803922 0.07843138]] [[0.28627452 0.25490198 0.27450982]  [0.2901961  0.2509804  0.2784314 ]  [0.2901961  0.2509804  0.27450982]  ...  [0.16078432 0.10196079 0.07450981]  [0.15686275 0.09411765 0.07058824]  [0.15294118 0.09411765 0.07450981]] [[0.29803923 0.25490198 0.2784314 ]  [0.29803923 0.25490198 0.2784314 ]  [0.3019608  0.25490198 0.2784314 ]  ...  [0.16078432 0.09803922 0.07450981]  [0.15294118 0.09411765 0.07843138]  [0.14509805 0.08627451 0.07450981]] ... [[0.5764706  0.44705883 0.4392157 ]  [0.5686275  0.44313726 0.43529412]  [0.5647059  0.43529412 0.42745098]  ...  [0.11372549 0.0627451  0.04705882]  [0.11372549 0.05882353 0.04705882]  [0.11372549 0.0627451  0.04705882]] [[0.5882353  0.4627451  0.45490196]  [0.5764706  0.4509804  0.44313726]  [0.58431375 0.45490196 0.44705883]  ...  [0.11372549 0.0627451  0.04705882]  [0.11372549 0.0627451  0.04705882]  [0.11372549 0.0627451  0.04705882]] [[0.6039216  0.47843137 0.47058824]  [0.59607846 0.47058824 0.4627451 ]  [0.5647059  0.4392157  0.43137255]  ...  [0.11372549 0.0627451  0.04705882]  [0.11372549 0.0627451  0.04705882]  [0.11372549 0.0627451  0.04705882]]]",3.249872023065109,8784,/home/amos/media/tv/The X-Files S01-S11 BluRay 10Bit 1080p Dts-HDMa5 1 HEVC-d3g/The X-Files S08 br 10bit dts hevc-d3g/The.X-Files.S08E07.Via.Negativa.1080p.BluRay.10Bit.Dts-HDMa5.1.HEVC-d3g.mkv103,1080,1920,0,623,114,813,623,96710,0.047,"[[[0.28627452 0.2509804  0.27058825]  [0.29411766 0.2627451  0.28235295]  [0.30980393 0.2784314  0.29803923]  ...  [0.10588235 0.07058824 0.05882353]  [0.09019608 0.05490196 0.04313726]  [0.09411765 0.05882353 0.04705882]] [[0.28235295 0.24705882 0.2627451 ]  [0.29411766 0.2627451  0.28235295]  [0.3019608  0.27058825 0.2901961 ]  ...  [0.10196079 0.06666667 0.05490196]  [0.09019608 0.05490196 0.04313726]  [0.07450981 0.03921569 0.02745098]] [[0.28235295 0.24705882 0.2627451 ]  [0.2784314  0.24705882 0.26666668]  [0.29803923 0.2627451  0.28235295]  ...  [0.10588235 0.07058824 0.05882353]  [0.09019608 0.05490196 0.04313726]  [0.07843138 0.04313726 0.03137255]] ... [[0.40392157 0.32941177 0.34117648]  [0.4        0.32156864 0.32941177]  [0.42745098 0.34117648 0.34509805]  ...  [0.01960784 0.00392157 0.02352941]  [0.01960784 0.00392157 0.02352941]  [0.01960784 0.00392157 0.02352941]] [[0.3647059  0.29803923 0.3137255 ]  [0.37254903 0.30588236 0.31764707]  [0.39607844 0.31764707 0.3254902 ]  ...  [0.01960784 0.00392157 0.02352941]  [0.01960784 0.00392157 0.02352941]  [0.01960784 0.00392157 0.02352941]] [[0.32156864 0.2784314  0.2901961 ]  [0.34117648 0.29411766 0.3019608 ]  [0.3529412  0.29803923 0.30980393]  ...  [0.01960784 0.00392157 0.02745098]  [0.01960784 0.00392157 0.02745098]  [0.01960784 0.00392157 0.02745098]]]",4.811181018420029,8808,/home/amos/media/tv/The X-Files S01-S11 BluRay 10Bit 1080p Dts-HDMa5 1 HEVC-d3g/The X-Files S08 br 10bit dts hevc-d3g/The.X-Files.S08E07.Via.Negativa.1080p.BluRay.10Bit.Dts-HDMa5.1.HEVC-d3g.mkv104,1080,1920,0,236,425,716,236,90720,0.044,"[[[0.33333334 0.28627452 0.32941177]  [0.34117648 0.29411766 0.3372549 ]  [0.34509805 0.29803923 0.33333334]  ...  [0.5686275  0.33333334 0.3254902 ]  [0.58431375 0.3372549  0.31764707]  [0.5764706  0.32941177 0.30980393]] [[0.33333334 0.28627452 0.32941177]  [0.34117648 0.29411766 0.3372549 ]  [0.3529412  0.30588236 0.34117648]  ...  [0.5647059  0.32941177 0.32156864]  [0.5921569  0.34509805 0.32941177]  [0.5921569  0.34509805 0.3254902 ]] [[0.32941177 0.28235295 0.3254902 ]  [0.34509805 0.29803923 0.34117648]  [0.3529412  0.30980393 0.34901962]  ...  [0.57254905 0.3372549  0.32941177]  [0.5921569  0.34509805 0.3254902 ]  [0.5764706  0.32941177 0.30980393]] ... [[0.08235294 0.07058824 0.09411765]  [0.09019608 0.07843138 0.10196079]  [0.09019608 0.07450981 0.10196079]  ...  [0.20784314 0.16470589 0.18431373]  [0.21176471 0.16862746 0.1882353 ]  [0.21568628 0.17254902 0.19215687]] [[0.08235294 0.07058824 0.09411765]  [0.09019608 0.07843138 0.10196079]  [0.09411765 0.07843138 0.10588235]  ...  [0.21176471 0.16862746 0.1882353 ]  [0.21568628 0.17254902 0.19215687]  [0.21960784 0.1764706  0.19607843]] [[0.08235294 0.07058824 0.09411765]  [0.09019608 0.07843138 0.10196079]  [0.09019608 0.07450981 0.10196079]  ...  [0.21960784 0.1764706  0.19607843]  [0.21960784 0.1764706  0.19607843]  [0.22352941 0.18039216 0.2       ]]]",2.2112580732791685,8856,/home/amos/media/tv/The X-Files S01-S11 BluRay 10Bit 1080p Dts-HDMa5 1 HEVC-d3g/The X-Files S08 br 10bit dts hevc-d3g/The.X-Files.S08E07.Via.Negativa.1080p.BluRay.10Bit.Dts-HDMa5.1.HEVC-d3g.mkv105,1080,1920,1,164,513,720,164,194044,0.094,"[[[0.20784314 0.1764706  0.20784314]  [0.21568628 0.18431373 0.21568628]  [0.22352941 0.19215687 0.22352941]  ...  [0.44313726 0.34901962 0.3529412 ]  [0.44705883 0.3529412  0.35686275]  [0.4509804  0.35686275 0.36078432]] [[0.20392157 0.17254902 0.20392157]  [0.21176471 0.18039216 0.21176471]  [0.22352941 0.1882353  0.21960784]  ...  [0.4509804  0.3529412  0.3529412 ]  [0.4509804  0.35686275 0.35686275]  [0.45490196 0.36078432 0.36078432]] [[0.20392157 0.16862746 0.20392157]  [0.20784314 0.1764706  0.20784314]  [0.21960784 0.1882353  0.21568628]  ...  [0.4509804  0.3529412  0.3529412 ]  [0.45490196 0.35686275 0.35686275]  [0.45882353 0.36078432 0.36078432]] ... [[0.08235294 0.07058824 0.09019608]  [0.08627451 0.07450981 0.09411765]  [0.09411765 0.08235294 0.10196079]  ...  [0.2784314  0.21960784 0.23529412]  [0.27450982 0.21960784 0.23137255]  [0.26666668 0.21176471 0.22352941]] [[0.08235294 0.07058824 0.09019608]  [0.08627451 0.07058824 0.09019608]  [0.09019608 0.07843138 0.09803922]  ...  [0.27058825 0.21176471 0.22352941]  [0.26666668 0.21176471 0.22352941]  [0.2627451  0.20784314 0.21960784]] [[0.07843138 0.06666667 0.08627451]  [0.08235294 0.06666667 0.09019608]  [0.08627451 0.07450981 0.09411765]  ...  [0.25882354 0.2        0.21568628]  [0.25490198 0.2        0.21176471]  [0.25882354 0.20392157 0.21568628]]]",1.5577550709131174,8856,/home/amos/media/tv/The X-Files S01-S11 BluRay 10Bit 1080p Dts-HDMa5 1 HEVC-d3g/The X-Files S08 br 10bit dts hevc-d3g/The.X-Files.S08E07.Via.Negativa.1080p.BluRay.10Bit.Dts-HDMa5.1.HEVC-d3g.mkv106,1080,1920,0,440,358,404,440,2952,0.001,"[[[0.08235294 0.07450981 0.09019608]  [0.08235294 0.07450981 0.09019608]  [0.08627451 0.07843138 0.09411765]  ...  [0.46666667 0.38431373 0.3882353 ]  [0.5529412  0.44313726 0.45490196]  [0.         0.         0.        ]] [[0.08627451 0.07843138 0.09411765]  [0.08627451 0.07843138 0.09411765]  [0.08627451 0.07843138 0.09411765]  ...  [0.4509804  0.37254903 0.3764706 ]  [0.5372549  0.4392157  0.4509804 ]  [0.         0.         0.        ]] [[0.08235294 0.07450981 0.09019608]  [0.09019608 0.07843138 0.09411765]  [0.09019608 0.07843138 0.09411765]  ...  [0.44313726 0.3647059  0.36862746]  [0.49019608 0.40392157 0.40784314]  [0.         0.         0.        ]] ... [[0.08627451 0.07843138 0.09411765]  [0.07843138 0.07450981 0.08627451]  [0.07843138 0.07058824 0.08627451]  ...  [0.33333334 0.2627451  0.29411766]  [0.34117648 0.27058825 0.3019608 ]  [0.         0.         0.        ]] [[0.08627451 0.07843138 0.09411765]  [0.07843138 0.07450981 0.08627451]  [0.07843138 0.07058824 0.08627451]  ...  [0.3254902  0.25490198 0.28627452]  [0.33333334 0.2627451  0.29411766]  [0.         0.         0.        ]] [[0.         0.         0.        ]  [0.         0.         0.        ]  [0.         0.         0.        ]  ...  [0.         0.         0.        ]  [0.         0.         0.        ]  [0.         0.         0.        ]]]",2.650318155239802,8928,/home/amos/media/tv/The X-Files S01-S11 BluRay 10Bit 1080p Dts-HDMa5 1 HEVC-d3g/The X-Files S08 br 10bit dts hevc-d3g/The.X-Files.S08E07.Via.Negativa.1080p.BluRay.10Bit.Dts-HDMa5.1.HEVC-d3g.mkv107,1080,1920,0,408,223,926,408,95830,0.046,"[[[0.40392157 0.36862746 0.36862746]  [0.40392157 0.36862746 0.36862746]  [0.39215687 0.36078432 0.35686275]  ...  [0.11372549 0.08627451 0.08235294]  [0.10980392 0.08235294 0.07843138]  [0.11764706 0.09019608 0.08627451]] [[0.4117647  0.3764706  0.3764706 ]  [0.4117647  0.37254903 0.37254903]  [0.4        0.36862746 0.3647059 ]  ...  [0.09803922 0.07058824 0.0627451 ]  [0.10588235 0.07843138 0.07058824]  [0.12941177 0.10196079 0.09411765]] [[0.41568628 0.38039216 0.38431373]  [0.40784314 0.37254903 0.3764706 ]  [0.41960785 0.38431373 0.38431373]  ...  [0.09019608 0.0627451  0.05490196]  [0.10588235 0.07843138 0.07058824]  [0.13333334 0.10588235 0.09803922]] ... [[0.03529412 0.03137255 0.05882353]  [0.03529412 0.03137255 0.05882353]  [0.02745098 0.02745098 0.05490196]  ...  [0.09803922 0.09019608 0.08627451]  [0.10196079 0.09019608 0.09019608]  [0.10196079 0.09019608 0.09019608]] [[0.03137255 0.02745098 0.05490196]  [0.03529412 0.03137255 0.05882353]  [0.03921569 0.04313726 0.06666667]  ...  [0.10588235 0.09803922 0.09411765]  [0.10196079 0.09019608 0.09019608]  [0.10588235 0.09411765 0.09411765]] [[0.03137255 0.02745098 0.05490196]  [0.03529412 0.03137255 0.05882353]  [0.03529412 0.03921569 0.0627451 ]  ...  [0.10588235 0.09803922 0.09411765]  [0.10588235 0.09411765 0.09411765]  [0.10196079 0.09019608 0.09019608]]]",2.396287103591021,8976,/home/amos/media/tv/The X-Files S01-S11 BluRay 10Bit 1080p Dts-HDMa5 1 HEVC-d3g/The X-Files S08 br 10bit dts hevc-d3g/The.X-Files.S08E07.Via.Negativa.1080p.BluRay.10Bit.Dts-HDMa5.1.HEVC-d3g.mkv108,1080,1920,1,122,453,397,122,91025,0.044,"[[[0.04705882 0.04313726 0.0627451 ]  [0.04705882 0.04313726 0.06666667]  [0.05098039 0.05098039 0.07058824]  ...  [0.30980393 0.20784314 0.19607843]  [0.3019608  0.20392157 0.19215687]  [0.3019608  0.20392157 0.1882353 ]] [[0.04705882 0.04705882 0.0627451 ]  [0.05098039 0.04705882 0.06666667]  [0.05098039 0.05098039 0.07058824]  ...  [0.30588236 0.20784314 0.19215687]  [0.3019608  0.20392157 0.1882353 ]  [0.29803923 0.2        0.18431373]] [[0.05490196 0.05098039 0.07058824]  [0.05490196 0.05098039 0.07058824]  [0.05882353 0.05490196 0.07450981]  ...  [0.3019608  0.20392157 0.1882353 ]  [0.29803923 0.2        0.18431373]  [0.29411766 0.19607843 0.18039216]] ... [[0.05882353 0.05490196 0.08235294]  [0.05882353 0.05490196 0.08235294]  [0.05882353 0.05490196 0.08235294]  ...  [0.45882353 0.48235294 0.5137255 ]  [0.4627451  0.4862745  0.5137255 ]  [0.4627451  0.4862745  0.5176471 ]] [[0.05882353 0.05490196 0.08235294]  [0.05882353 0.05490196 0.08235294]  [0.05882353 0.05490196 0.08235294]  ...  [0.45882353 0.48235294 0.5137255 ]  [0.4627451  0.48235294 0.5137255 ]  [0.4627451  0.4862745  0.5176471 ]] [[0.05882353 0.05490196 0.08235294]  [0.05882353 0.05490196 0.08235294]  [0.05882353 0.05490196 0.08235294]  ...  [0.45882353 0.48235294 0.5137255 ]  [0.4627451  0.4862745  0.5137255 ]  [0.4627451  0.4862745  0.5176471 ]]]",0.12752902082866058,8976,/home/amos/media/tv/The X-Files S01-S11 BluRay 10Bit 1080p Dts-HDMa5 1 HEVC-d3g/The X-Files S08 br 10bit dts hevc-d3g/The.X-Files.S08E07.Via.Negativa.1080p.BluRay.10Bit.Dts-HDMa5.1.HEVC-d3g.mkv109,1080,1920,0,350,107,418,350,16524,0.008,"[[[0. 0. 0.]  [0. 0. 0.]  [0. 0. 0.]  ...  [0. 0. 0.]  [0. 0. 0.]  [0. 0. 0.]] [[0. 0. 0.]  [0. 0. 0.]  [0. 0. 0.]  ...  [0. 0. 0.]  [0. 0. 0.]  [0. 0. 0.]] [[0. 0. 0.]  [0. 0. 0.]  [0. 0. 0.]  ...  [0. 0. 0.]  [0. 0. 0.]  [0. 0. 0.]] ... [[0. 0. 0.]  [0. 0. 0.]  [0. 0. 0.]  ...  [0. 0. 0.]  [0. 0. 0.]  [0. 0. 0.]] [[0. 0. 0.]  [0. 0. 0.]  [0. 0. 0.]  ...  [0. 0. 0.]  [0. 0. 0.]  [0. 0. 0.]] [[0. 0. 0.]  [0. 0. 0.]  [0. 0. 0.]  ...  [0. 0. 0.]  [0. 0. 0.]  [0. 0. 0.]]]",7.851860051858239,9096,/home/amos/media/tv/The X-Files S01-S11 BluRay 10Bit 1080p Dts-HDMa5 1 HEVC-d3g/The X-Files S08 br 10bit dts hevc-d3g/The.X-Files.S08E07.Via.Negativa.1080p.BluRay.10Bit.Dts-HDMa5.1.HEVC-d3g.mkv110,1080,1920,0,339,167,444,339,18060,0.009,"[[[0.47843137 0.29803923 0.27450982]  [0.49019608 0.30588236 0.28235295]  [0.49019608 0.30588236 0.28235295]  ...  [0.09019608 0.09411765 0.10196079]  [0.08627451 0.09411765 0.10196079]  [0.07843138 0.08235294 0.09019608]] [[0.4745098  0.29411766 0.27058825]  [0.48235294 0.29803923 0.27450982]  [0.47843137 0.29411766 0.27058825]  ...  [0.08627451 0.09803922 0.10980392]  [0.09411765 0.10588235 0.11764706]  [0.08627451 0.09803922 0.10980392]] [[0.47843137 0.29803923 0.27450982]  [0.4745098  0.29411766 0.27058825]  [0.46666667 0.28627452 0.2627451 ]  ...  [0.07058824 0.08235294 0.09803922]  [0.07843138 0.09019608 0.10588235]  [0.08627451 0.09803922 0.11764706]] ... [[0.14901961 0.0627451  0.07843138]  [0.16078432 0.07450981 0.08627451]  [0.17254902 0.08627451 0.10196079]  ...  [0.22352941 0.22352941 0.21176471]  [0.22745098 0.22745098 0.21568628]  [0.22745098 0.22745098 0.21568628]] [[0.14901961 0.06666667 0.08235294]  [0.14901961 0.0627451  0.07843138]  [0.16078432 0.07450981 0.09019608]  ...  [0.22745098 0.22745098 0.21568628]  [0.23137255 0.23137255 0.21960784]  [0.23529412 0.23529412 0.22352941]] [[0.14901961 0.07058824 0.08627451]  [0.14901961 0.06666667 0.08235294]  [0.15294118 0.07058824 0.08627451]  ...  [0.22745098 0.22745098 0.21568628]  [0.23137255 0.23137255 0.21960784]  [0.23529412 0.23529412 0.22352941]]]",6.674372080131434,9168,/home/amos/media/tv/The X-Files S01-S11 BluRay 10Bit 1080p Dts-HDMa5 1 HEVC-d3g/The X-Files S08 br 10bit dts hevc-d3g/The.X-Files.S08E07.Via.Negativa.1080p.BluRay.10Bit.Dts-HDMa5.1.HEVC-d3g.mkv111,1080,1920,1,425,253,1174,425,128828,0.062,"[[[0.3372549  0.30588236 0.30588236]  [0.3254902  0.29803923 0.29803923]  [0.3254902  0.29803923 0.29803923]  ...  [0.08627451 0.05490196 0.05490196]  [0.10980392 0.07843138 0.07843138]  [0.10980392 0.07843138 0.07843138]] [[0.36078432 0.32941177 0.32941177]  [0.34901962 0.31764707 0.31764707]  [0.3529412  0.32156864 0.32156864]  ...  [0.09411765 0.0627451  0.0627451 ]  [0.08235294 0.05098039 0.05098039]  [0.10980392 0.07843138 0.07450981]] [[0.3764706  0.3372549  0.34117648]  [0.37254903 0.33333334 0.3372549 ]  [0.38039216 0.34509805 0.34509805]  ...  [0.09803922 0.0627451  0.0627451 ]  [0.08235294 0.05098039 0.04705882]  [0.09019608 0.05882353 0.05490196]] ... [[0.21176471 0.2        0.18039216]  [0.20392157 0.19215687 0.17254902]  [0.21960784 0.20784314 0.1882353 ]  ...  [0.56078434 0.5764706  0.6431373 ]  [0.5764706  0.5921569  0.6627451 ]  [0.57254905 0.58431375 0.654902  ]] [[0.20392157 0.2        0.1764706 ]  [0.18039216 0.1764706  0.14901961]  [0.18431373 0.18039216 0.15686275]  ...  [0.5529412  0.57254905 0.6392157 ]  [0.57254905 0.5882353  0.654902  ]  [0.5568628  0.5764706  0.6392157 ]] [[0.19215687 0.1882353  0.15686275]  [0.18039216 0.1764706  0.14509805]  [0.18039216 0.1764706  0.14509805]  ...  [0.56078434 0.5803922  0.6431373 ]  [0.57254905 0.5882353  0.6509804 ]  [0.5529412  0.57254905 0.63529414]]]",3.9959220070159063,9168,/home/amos/media/tv/The X-Files S01-S11 BluRay 10Bit 1080p Dts-HDMa5 1 HEVC-d3g/The X-Files S08 br 10bit dts hevc-d3g/The.X-Files.S08E07.Via.Negativa.1080p.BluRay.10Bit.Dts-HDMa5.1.HEVC-d3g.mkv112,1080,1920,0,382,273,1150,382,83712,0.04,"[[[0.45490196 0.40392157 0.4117647 ]  [0.45490196 0.40392157 0.4117647 ]  [0.44705883 0.4        0.40392157]  ...  [0.14901961 0.10980392 0.10588235]  [0.1254902  0.09019608 0.08235294]  [0.         0.         0.        ]] [[0.4627451  0.4117647  0.41960785]  [0.4627451  0.4117647  0.41960785]  [0.4509804  0.4        0.40784314]  ...  [0.16078432 0.12156863 0.11764706]  [0.13725491 0.09803922 0.09411765]  [0.         0.         0.        ]] [[0.45490196 0.40392157 0.4117647 ]  [0.45882353 0.40784314 0.41568628]  [0.4509804  0.4        0.40784314]  ...  [0.14117648 0.10196079 0.09803922]  [0.12941177 0.09019608 0.08627451]  [0.         0.         0.        ]] ... [[0.08627451 0.07450981 0.10980392]  [0.08627451 0.07450981 0.10980392]  [0.08235294 0.07058824 0.10588235]  ...  [0.5411765  0.54901963 0.6       ]  [0.5019608  0.50980395 0.56078434]  [0.         0.         0.        ]] [[0.09019608 0.07843138 0.11372549]  [0.09019608 0.07450981 0.10980392]  [0.08235294 0.07058824 0.10588235]  ...  [0.5254902  0.53333336 0.58431375]  [0.49411765 0.5019608  0.5529412 ]  [0.         0.         0.        ]] [[0.         0.         0.        ]  [0.         0.         0.        ]  [0.         0.         0.        ]  ...  [0.         0.         0.        ]  [0.         0.         0.        ]  [0.         0.         0.        ]]]",4.368474227550905,9192,/home/amos/media/tv/The X-Files S01-S11 BluRay 10Bit 1080p Dts-HDMa5 1 HEVC-d3g/The X-Files S08 br 10bit dts hevc-d3g/The.X-Files.S08E07.Via.Negativa.1080p.BluRay.10Bit.Dts-HDMa5.1.HEVC-d3g.mkv113,1080,1920,0,426,260,905,426,79514,0.038,"[[[0.47058824 0.42745098 0.44705883]  [0.4745098  0.43529412 0.4509804 ]  [0.4509804  0.40784314 0.42745098]  ...  [0.2        0.16078432 0.16078432]  [0.18431373 0.14901961 0.14509805]  [0.1764706  0.14509805 0.13725491]] [[0.47058824 0.43137255 0.4392157 ]  [0.4745098  0.43529412 0.44313726]  [0.46666667 0.42745098 0.4392157 ]  ...  [0.18039216 0.14117648 0.13725491]  [0.16862746 0.13333334 0.12941177]  [0.1764706  0.14509805 0.13725491]] [[0.4627451  0.42352942 0.42745098]  [0.45882353 0.42352942 0.42352942]  [0.47058824 0.43137255 0.43529412]  ...  [0.1764706  0.13725491 0.13333334]  [0.1882353  0.15294118 0.13725491]  [0.2        0.16470589 0.14509805]] ... [[0.28235295 0.27450982 0.2       ]  [0.28235295 0.2784314  0.20392157]  [0.2784314  0.27450982 0.20392157]  ...  [0.0627451  0.05882353 0.07058824]  [0.08235294 0.07843138 0.09019608]  [0.09019608 0.08627451 0.09411765]] [[0.2901961  0.28235295 0.20784314]  [0.28235295 0.27450982 0.2       ]  [0.2901961  0.28235295 0.20784314]  ...  [0.06666667 0.0627451  0.07843138]  [0.08235294 0.07843138 0.09019608]  [0.08627451 0.08235294 0.09019608]] [[0.3019608  0.29411766 0.21960784]  [0.29803923 0.28627452 0.21568628]  [0.3019608  0.29411766 0.21960784]  ...  [0.07450981 0.07058824 0.08235294]  [0.09019608 0.08627451 0.09803922]  [0.08627451 0.08235294 0.09019608]]]",4.203107072680723,9216,/home/amos/media/tv/The X-Files S01-S11 BluRay 10Bit 1080p Dts-HDMa5 1 HEVC-d3g/The X-Files S08 br 10bit dts hevc-d3g/The.X-Files.S08E07.Via.Negativa.1080p.BluRay.10Bit.Dts-HDMa5.1.HEVC-d3g.mkv114,1080,1920,0,168,536,542,168,137632,0.066,"[[[0.19215687 0.16862746 0.1882353 ]  [0.19215687 0.16862746 0.1882353 ]  [0.19215687 0.16862746 0.1882353 ]  ...  [0.13725491 0.05882353 0.07058824]  [0.13725491 0.05882353 0.07058824]  [0.13725491 0.05882353 0.07058824]] [[0.19215687 0.16862746 0.1882353 ]  [0.19215687 0.16862746 0.1882353 ]  [0.19215687 0.16862746 0.1882353 ]  ...  [0.13725491 0.05882353 0.07058824]  [0.13725491 0.05882353 0.07058824]  [0.13725491 0.05882353 0.07058824]] [[0.19215687 0.16862746 0.1882353 ]  [0.19215687 0.16862746 0.1882353 ]  [0.19215687 0.16862746 0.1882353 ]  ...  [0.13725491 0.05882353 0.07058824]  [0.13725491 0.05882353 0.07058824]  [0.13725491 0.05882353 0.07058824]] ... [[0.13333334 0.11372549 0.13333334]  [0.13333334 0.11372549 0.13333334]  [0.13333334 0.11372549 0.13333334]  ...  [0.23137255 0.19607843 0.20784314]  [0.25490198 0.21568628 0.22352941]  [0.2627451  0.22352941 0.23529412]] [[0.13333334 0.11372549 0.13333334]  [0.13333334 0.11372549 0.13333334]  [0.13333334 0.11372549 0.13333334]  ...  [0.22745098 0.19215687 0.20392157]  [0.2509804  0.21176471 0.22352941]  [0.2627451  0.22352941 0.23529412]] [[0.13333334 0.11372549 0.13333334]  [0.13725491 0.11372549 0.13725491]  [0.13725491 0.11764706 0.13725491]  ...  [0.22352941 0.1882353  0.2       ]  [0.24705882 0.20784314 0.21960784]  [0.25882354 0.21960784 0.23137255]]]",2.64090916182613,9408,/home/amos/media/tv/The X-Files S01-S11 BluRay 10Bit 1080p Dts-HDMa5 1 HEVC-d3g/The X-Files S08 br 10bit dts hevc-d3g/The.X-Files.S08E07.Via.Negativa.1080p.BluRay.10Bit.Dts-HDMa5.1.HEVC-d3g.mkv115,1080,1920,0,52,724,756,52,473088,0.228,"[[[0.20784314 0.20392157 0.19607843]  [0.20784314 0.20392157 0.19607843]  [0.20392157 0.19607843 0.19215687]  ...  [0.2901961  0.26666668 0.24313726]  [0.2901961  0.26666668 0.24313726]  [0.2901961  0.26666668 0.24313726]] [[0.20784314 0.20392157 0.19607843]  [0.20784314 0.20392157 0.19607843]  [0.20392157 0.2        0.19215687]  ...  [0.2901961  0.26666668 0.24313726]  [0.2901961  0.26666668 0.24313726]  [0.2901961  0.26666668 0.24313726]] [[0.20784314 0.20392157 0.19607843]  [0.20784314 0.20392157 0.19607843]  [0.20392157 0.2        0.19215687]  ...  [0.2901961  0.26666668 0.24313726]  [0.2901961  0.26666668 0.24313726]  [0.2901961  0.26666668 0.24313726]] ... [[0.1764706  0.17254902 0.16470589]  [0.1764706  0.17254902 0.16470589]  [0.1764706  0.17254902 0.16470589]  ...  [0.39607844 0.32941177 0.30588236]  [0.39607844 0.32941177 0.30588236]  [0.39607844 0.32941177 0.30588236]] [[0.1764706  0.17254902 0.16470589]  [0.1764706  0.17254902 0.16470589]  [0.1764706  0.17254902 0.16470589]  ...  [0.39607844 0.32941177 0.30588236]  [0.39607844 0.32941177 0.30588236]  [0.39607844 0.32941177 0.30588236]] [[0.1764706  0.17254902 0.16470589]  [0.1764706  0.17254902 0.16470589]  [0.1764706  0.17254902 0.16470589]  ...  [0.39607844 0.32941177 0.30588236]  [0.39607844 0.32941177 0.30588236]  [0.39607844 0.32941177 0.30588236]]]",3.6618041139445268,9648,/home/amos/media/tv/The X-Files S01-S11 BluRay 10Bit 1080p Dts-HDMa5 1 HEVC-d3g/The X-Files S08 br 10bit dts hevc-d3g/The.X-Files.S08E07.Via.Negativa.1080p.BluRay.10Bit.Dts-HDMa5.1.HEVC-d3g.mkv116,1080,1920,0,53,639,884,53,486966,0.235,"[[[0.50980395 0.42352942 0.34509805]  [0.50980395 0.42352942 0.34509805]  [0.50980395 0.42352942 0.34117648]  ...  [0.7176471  0.6431373  0.6039216 ]  [0.72156864 0.6431373  0.6039216 ]  [0.72156864 0.6431373  0.6039216 ]] [[0.50980395 0.42352942 0.34509805]  [0.50980395 0.42352942 0.34509805]  [0.50980395 0.42352942 0.34117648]  ...  [0.7176471  0.6392157  0.6039216 ]  [0.72156864 0.6431373  0.6039216 ]  [0.72156864 0.6431373  0.6039216 ]] [[0.5058824  0.41960785 0.34117648]  [0.5058824  0.41960785 0.34117648]  [0.5058824  0.41960785 0.34117648]  ...  [0.72156864 0.6431373  0.6039216 ]  [0.72156864 0.64705884 0.6039216 ]  [0.72156864 0.64705884 0.6039216 ]] ... [[0.30980393 0.28627452 0.25882354]  [0.30980393 0.28627452 0.25882354]  [0.30588236 0.28235295 0.25882354]  ...  [0.6784314  0.6117647  0.5803922 ]  [0.6745098  0.60784316 0.5764706 ]  [0.6745098  0.60784316 0.5764706 ]] [[0.3137255  0.2901961  0.2627451 ]  [0.3137255  0.2901961  0.2627451 ]  [0.3137255  0.2901961  0.2627451 ]  ...  [0.6784314  0.6117647  0.5764706 ]  [0.6745098  0.60784316 0.5764706 ]  [0.6745098  0.60784316 0.5764706 ]] [[0.3137255  0.2901961  0.2627451 ]  [0.3137255  0.2901961  0.2627451 ]  [0.3137255  0.2901961  0.25882354]  ...  [0.6784314  0.6117647  0.5803922 ]  [0.6745098  0.60784316 0.5764706 ]  [0.6745098  0.60784316 0.5764706 ]]]",3.07170221459819,9720,/home/amos/media/tv/The X-Files S01-S11 BluRay 10Bit 1080p Dts-HDMa5 1 HEVC-d3g/The X-Files S08 br 10bit dts hevc-d3g/The.X-Files.S08E07.Via.Negativa.1080p.BluRay.10Bit.Dts-HDMa5.1.HEVC-d3g.mkv117,1080,1920,0,51,661,1349,51,791780,0.382,"[[[0.48235294 0.3882353  0.32156864]  [0.48235294 0.3882353  0.32156864]  [0.48235294 0.3882353  0.32156864]  ...  [0.7529412  0.6862745  0.64705884]  [0.75686276 0.6901961  0.6509804 ]  [0.75686276 0.6901961  0.6509804 ]] [[0.48235294 0.3882353  0.32156864]  [0.48235294 0.3882353  0.32156864]  [0.48235294 0.3882353  0.32156864]  ...  [0.7529412  0.6862745  0.64705884]  [0.75686276 0.6901961  0.6509804 ]  [0.75686276 0.6901961  0.6509804 ]] [[0.47843137 0.38431373 0.31764707]  [0.47843137 0.38431373 0.31764707]  [0.47843137 0.38431373 0.31764707]  ...  [0.7529412  0.6862745  0.64705884]  [0.75686276 0.6901961  0.6509804 ]  [0.75686276 0.6901961  0.6509804 ]] ... [[0.28627452 0.2784314  0.26666668]  [0.28627452 0.2784314  0.26666668]  [0.28627452 0.2784314  0.26666668]  ...  [0.75686276 0.7058824  0.64705884]  [0.75686276 0.7058824  0.64705884]  [0.75686276 0.7058824  0.64705884]] [[0.2901961  0.2784314  0.27058825]  [0.2901961  0.2784314  0.27058825]  [0.2901961  0.2784314  0.27058825]  ...  [0.75686276 0.7058824  0.64705884]  [0.75686276 0.7058824  0.64705884]  [0.75686276 0.7058824  0.64705884]] [[0.2901961  0.2784314  0.27058825]  [0.2901961  0.2784314  0.27058825]  [0.2901961  0.2784314  0.27058825]  ...  [0.75686276 0.7058824  0.64705884]  [0.75686276 0.7058824  0.64705884]  [0.75686276 0.7058824  0.64705884]]]",3.378126202558633,9840,/home/amos/media/tv/The X-Files S01-S11 BluRay 10Bit 1080p Dts-HDMa5 1 HEVC-d3g/The X-Files S08 br 10bit dts hevc-d3g/The.X-Files.S08E07.Via.Negativa.1080p.BluRay.10Bit.Dts-HDMa5.1.HEVC-d3g.mkv118,1080,1920,0,55,691,1792,55,1104732,0.533,"[[[0.41568628 0.3647059  0.29803923]  [0.41568628 0.3647059  0.29803923]  [0.42352942 0.37254903 0.30588236]  ...  [0.78431374 0.7294118  0.6901961 ]  [0.78431374 0.7294118  0.6901961 ]  [0.         0.         0.        ]] [[0.41568628 0.3647059  0.29803923]  [0.41568628 0.3647059  0.29803923]  [0.42352942 0.37254903 0.30588236]  ...  [0.78431374 0.7294118  0.6901961 ]  [0.78431374 0.7294118  0.6901961 ]  [0.         0.         0.        ]] [[0.40784314 0.35686275 0.2901961 ]  [0.40784314 0.35686275 0.2901961 ]  [0.41568628 0.3647059  0.29803923]  ...  [0.78039217 0.7254902  0.6862745 ]  [0.78039217 0.7254902  0.6862745 ]  [0.         0.         0.        ]] ... [[0.31764707 0.3019608  0.27450982]  [0.31764707 0.3019608  0.27450982]  [0.3137255  0.29803923 0.27450982]  ...  [0.85490197 0.7882353  0.74509805]  [0.85490197 0.7882353  0.74509805]  [0.         0.         0.        ]] [[0.31764707 0.3019608  0.27450982]  [0.31764707 0.3019608  0.27450982]  [0.3137255  0.29803923 0.27058825]  ...  [0.85490197 0.7882353  0.74509805]  [0.85490197 0.7882353  0.74509805]  [0.         0.         0.        ]] [[0.         0.         0.        ]  [0.         0.         0.        ]  [0.         0.         0.        ]  ...  [0.         0.         0.        ]  [0.         0.         0.        ]  [0.         0.         0.        ]]]",1.8784701581462286,9864,/home/amos/media/tv/The X-Files S01-S11 BluRay 10Bit 1080p Dts-HDMa5 1 HEVC-d3g/The X-Files S08 br 10bit dts hevc-d3g/The.X-Files.S08E07.Via.Negativa.1080p.BluRay.10Bit.Dts-HDMa5.1.HEVC-d3g.mkv119,1080,1920,0,133,347,354,133,47294,0.023,"[[[0.43529412 0.43529412 0.44705883]  [0.44313726 0.44313726 0.45490196]  [0.45490196 0.45490196 0.46666667]  ...  [0.6313726  0.5921569  0.59607846]  [0.6392157  0.6        0.6039216 ]  [0.6431373  0.6039216  0.60784316]] [[0.43137255 0.43137255 0.44313726]  [0.4392157  0.4392157  0.4509804 ]  [0.44705883 0.44705883 0.45882353]  ...  [0.62352943 0.58431375 0.5882353 ]  [0.6313726  0.5921569  0.59607846]  [0.6392157  0.6        0.6039216 ]] [[0.42745098 0.42745098 0.4392157 ]  [0.43137255 0.43137255 0.44313726]  [0.4392157  0.4392157  0.4509804 ]  ...  [0.6117647  0.57254905 0.5764706 ]  [0.627451   0.5882353  0.5921569 ]  [0.63529414 0.59607846 0.6       ]] ... [[0.34509805 0.34509805 0.3647059 ]  [0.33333334 0.33333334 0.3529412 ]  [0.31764707 0.31764707 0.3372549 ]  ...  [0.54509807 0.52156866 0.5411765 ]  [0.5411765  0.5176471  0.5372549 ]  [0.5372549  0.5137255  0.53333336]] [[0.34509805 0.34509805 0.36862746]  [0.3372549  0.3372549  0.35686275]  [0.32156864 0.32156864 0.34117648]  ...  [0.5372549  0.5137255  0.53333336]  [0.5372549  0.50980395 0.53333336]  [0.53333336 0.50980395 0.5294118 ]] [[0.34901962 0.34901962 0.36862746]  [0.34117648 0.34117648 0.36078432]  [0.3254902  0.3254902  0.34509805]  ...  [0.53333336 0.50980395 0.5294118 ]  [0.53333336 0.50980395 0.5294118 ]  [0.53333336 0.50980395 0.5294118 ]]]",2.3670120995375328,9888,/home/amos/media/tv/The X-Files S01-S11 BluRay 10Bit 1080p Dts-HDMa5 1 HEVC-d3g/The X-Files S08 br 10bit dts hevc-d3g/The.X-Files.S08E07.Via.Negativa.1080p.BluRay.10Bit.Dts-HDMa5.1.HEVC-d3g.mkv120,1080,1920,0,121,352,395,121,63294,0.031,"[[[0.43137255 0.41960785 0.44313726]  [0.4392157  0.42745098 0.4509804 ]  [0.45490196 0.44313726 0.46666667]  ...  [0.52156866 0.47058824 0.4745098 ]  [0.56078434 0.50980395 0.5137255 ]  [0.58431375 0.53333336 0.5372549 ]] [[0.42745098 0.41568628 0.4392157 ]  [0.43529412 0.42352942 0.44705883]  [0.4509804  0.4392157  0.4627451 ]  ...  [0.5254902  0.4745098  0.47843137]  [0.5647059  0.5176471  0.5176471 ]  [0.5882353  0.5372549  0.54509807]] [[0.41960785 0.40784314 0.43137255]  [0.43137255 0.41960785 0.4392157 ]  [0.44313726 0.43137255 0.45490196]  ...  [0.5372549  0.4862745  0.49019608]  [0.5764706  0.5254902  0.5294118 ]  [0.6        0.54901963 0.5529412 ]] ... [[0.30980393 0.30980393 0.32941177]  [0.30980393 0.30980393 0.32941177]  [0.30980393 0.30980393 0.32941177]  ...  [0.5372549  0.5137255  0.5294118 ]  [0.5372549  0.5137255  0.5294118 ]  [0.5372549  0.5137255  0.5294118 ]] [[0.30980393 0.30980393 0.32941177]  [0.30980393 0.30980393 0.32941177]  [0.30588236 0.30588236 0.3254902 ]  ...  [0.5411765  0.5176471  0.53333336]  [0.5411765  0.5176471  0.53333336]  [0.5411765  0.5176471  0.53333336]] [[0.30980393 0.30980393 0.32941177]  [0.30980393 0.30980393 0.3254902 ]  [0.30588236 0.30588236 0.3254902 ]  ...  [0.5411765  0.5176471  0.53333336]  [0.54509807 0.52156866 0.5372549 ]  [0.54509807 0.52156866 0.5372549 ]]]",3.342040025803726,9912,/home/amos/media/tv/The X-Files S01-S11 BluRay 10Bit 1080p Dts-HDMa5 1 HEVC-d3g/The X-Files S08 br 10bit dts hevc-d3g/The.X-Files.S08E07.Via.Negativa.1080p.BluRay.10Bit.Dts-HDMa5.1.HEVC-d3g.mkv121,1080,1920,0,64,364,1409,64,403500,0.195,"[[[0.3254902  0.24313726 0.22745098]  [0.3254902  0.24313726 0.22745098]  [0.32941177 0.24313726 0.22745098]  ...  [0.09019608 0.03137255 0.01960784]  [0.09019608 0.03137255 0.01960784]  [0.09019608 0.03137255 0.01960784]] [[0.3254902  0.24313726 0.22745098]  [0.3254902  0.24313726 0.22745098]  [0.32941177 0.24313726 0.22745098]  ...  [0.09019608 0.03137255 0.01960784]  [0.09019608 0.03137255 0.01960784]  [0.09019608 0.03137255 0.01960784]] [[0.32941177 0.24705882 0.23137255]  [0.32941177 0.24705882 0.23137255]  [0.33333334 0.24705882 0.23529412]  ...  [0.09019608 0.03137255 0.01960784]  [0.09019608 0.03137255 0.01960784]  [0.09019608 0.03137255 0.01960784]] ... [[0.38431373 0.3137255  0.30588236]  [0.38431373 0.3137255  0.30588236]  [0.3882353  0.31764707 0.3137255 ]  ...  [0.35686275 0.2627451  0.24313726]  [0.35686275 0.2627451  0.24313726]  [0.35686275 0.2627451  0.24313726]] [[0.3764706  0.30588236 0.29803923]  [0.3764706  0.30588236 0.29803923]  [0.38039216 0.30980393 0.30588236]  ...  [0.3529412  0.25882354 0.23921569]  [0.35686275 0.2627451  0.24313726]  [0.35686275 0.2627451  0.24313726]] [[0.3764706  0.30588236 0.29803923]  [0.3764706  0.30588236 0.29803923]  [0.38039216 0.30980393 0.3019608 ]  ...  [0.3529412  0.2627451  0.23921569]  [0.35686275 0.2627451  0.24313726]  [0.35686275 0.2627451  0.24313726]]]",2.3853230543318205,9984,/home/amos/media/tv/The X-Files S01-S11 BluRay 10Bit 1080p Dts-HDMa5 1 HEVC-d3g/The X-Files S08 br 10bit dts hevc-d3g/The.X-Files.S08E07.Via.Negativa.1080p.BluRay.10Bit.Dts-HDMa5.1.HEVC-d3g.mkv122,1080,1920,0,148,167,1261,148,21147,0.01,"[[[0.06666667 0.01568628 0.01960784]  [0.06666667 0.01568628 0.02352941]  [0.07058824 0.01960784 0.02745098]  ...  [0.10980392 0.07450981 0.07058824]  [0.10980392 0.07058824 0.06666667]  [0.10980392 0.07058824 0.06666667]] [[0.06666667 0.01568628 0.01960784]  [0.06666667 0.01568628 0.02352941]  [0.07058824 0.01960784 0.02745098]  ...  [0.11372549 0.07843138 0.07450981]  [0.11372549 0.07843138 0.07058824]  [0.11372549 0.07450981 0.07058824]] [[0.06666667 0.01568628 0.01960784]  [0.06666667 0.01568628 0.02352941]  [0.07058824 0.01960784 0.02745098]  ...  [0.12156863 0.08627451 0.08235294]  [0.11764706 0.08235294 0.07843138]  [0.11764706 0.07843138 0.07450981]] ... [[0.05882353 0.01960784 0.02745098]  [0.05882353 0.01960784 0.02745098]  [0.05882353 0.01960784 0.02745098]  ...  [0.28235295 0.2        0.1882353 ]  [0.28235295 0.20392157 0.18431373]  [0.28235295 0.20392157 0.18039216]] [[0.05882353 0.01960784 0.02745098]  [0.05882353 0.01960784 0.02745098]  [0.05882353 0.01960784 0.02745098]  ...  [0.29803923 0.21568628 0.20392157]  [0.29803923 0.21960784 0.2       ]  [0.29803923 0.22352941 0.19607843]] [[0.05882353 0.01960784 0.02745098]  [0.05882353 0.01960784 0.02745098]  [0.05882353 0.01960784 0.02745098]  ...  [0.30980393 0.22745098 0.21568628]  [0.3137255  0.23137255 0.21568628]  [0.3137255  0.23529412 0.21176471]]]",2.3970530169899575,10008,/home/amos/media/tv/The X-Files S01-S11 BluRay 10Bit 1080p Dts-HDMa5 1 HEVC-d3g/The X-Files S08 br 10bit dts hevc-d3g/The.X-Files.S08E07.Via.Negativa.1080p.BluRay.10Bit.Dts-HDMa5.1.HEVC-d3g.mkv123,1080,1920,0,87,251,1014,87,152028,0.073,"[[[0.09411765 0.03137255 0.03529412]  [0.09411765 0.03137255 0.03529412]  [0.09019608 0.02745098 0.03137255]  ...  [0.08235294 0.03529412 0.02745098]  [0.08235294 0.03529412 0.02745098]  [0.08235294 0.03529412 0.02745098]] [[0.09019608 0.02745098 0.03529412]  [0.09019608 0.02745098 0.03137255]  [0.09019608 0.02745098 0.03137255]  ...  [0.08235294 0.03529412 0.02745098]  [0.08235294 0.03529412 0.02745098]  [0.08235294 0.03529412 0.02745098]] [[0.08235294 0.01960784 0.02745098]  [0.08235294 0.01960784 0.02352941]  [0.07843138 0.01960784 0.02352941]  ...  [0.08235294 0.03529412 0.02745098]  [0.08235294 0.03529412 0.02745098]  [0.08235294 0.03529412 0.02745098]] ... [[0.3372549  0.20392157 0.2       ]  [0.3372549  0.20392157 0.2       ]  [0.32941177 0.19607843 0.19215687]  ...  [0.05882353 0.00784314 0.00784314]  [0.05882353 0.00784314 0.00784314]  [0.05882353 0.00784314 0.00784314]] [[0.33333334 0.2        0.19607843]  [0.33333334 0.2        0.19607843]  [0.32941177 0.19607843 0.19215687]  ...  [0.05490196 0.00392157 0.00392157]  [0.05882353 0.00784314 0.00784314]  [0.05882353 0.00784314 0.00784314]] [[0.33333334 0.2        0.19607843]  [0.33333334 0.2        0.19607843]  [0.32941177 0.19215687 0.1882353 ]  ...  [0.05490196 0.00392157 0.00392157]  [0.05882353 0.00784314 0.00784314]  [0.05882353 0.00784314 0.00784314]]]",5.9663331000483595,10056,/home/amos/media/tv/The X-Files S01-S11 BluRay 10Bit 1080p Dts-HDMa5 1 HEVC-d3g/The X-Files S08 br 10bit dts hevc-d3g/The.X-Files.S08E07.Via.Negativa.1080p.BluRay.10Bit.Dts-HDMa5.1.HEVC-d3g.mkv124,1080,1920,0,62,270,1242,62,245440,0.118,"[[[0.0627451  0.02352941 0.01176471]  [0.0627451  0.02352941 0.01176471]  [0.0627451  0.02352941 0.01176471]  ...  [0.31764707 0.17254902 0.14509805]  [0.31764707 0.17254902 0.14509805]  [0.31764707 0.17254902 0.14509805]] [[0.0627451  0.02352941 0.01176471]  [0.0627451  0.02352941 0.01176471]  [0.0627451  0.02352941 0.01176471]  ...  [0.31764707 0.17254902 0.14509805]  [0.31764707 0.17254902 0.14509805]  [0.31764707 0.17254902 0.14509805]] [[0.0627451  0.02352941 0.01176471]  [0.0627451  0.02352941 0.01176471]  [0.0627451  0.02352941 0.01176471]  ...  [0.31764707 0.17254902 0.14509805]  [0.31764707 0.17254902 0.14509805]  [0.31764707 0.17254902 0.14509805]] ... [[0.05490196 0.01176471 0.01176471]  [0.05490196 0.01176471 0.01176471]  [0.05490196 0.01176471 0.01176471]  ...  [0.03921569 0.02352941 0.01960784]  [0.03921569 0.02352941 0.01960784]  [0.03921569 0.02352941 0.01960784]] [[0.05490196 0.01176471 0.01176471]  [0.05490196 0.01176471 0.01176471]  [0.05490196 0.01176471 0.01176471]  ...  [0.03921569 0.02352941 0.01960784]  [0.03921569 0.02352941 0.01960784]  [0.03921569 0.02352941 0.01960784]] [[0.05490196 0.01176471 0.01176471]  [0.05490196 0.01176471 0.01176471]  [0.05490196 0.01176471 0.01176471]  ...  [0.03921569 0.02352941 0.01960784]  [0.03921569 0.02352941 0.01960784]  [0.03921569 0.02352941 0.01960784]]]",2.8298890336300246,10320,/home/amos/media/tv/The X-Files S01-S11 BluRay 10Bit 1080p Dts-HDMa5 1 HEVC-d3g/The X-Files S08 br 10bit dts hevc-d3g/The.X-Files.S08E07.Via.Negativa.1080p.BluRay.10Bit.Dts-HDMa5.1.HEVC-d3g.mkv125,1080,1920,1,140,334,156,140,3104,0.001,"[[[0.44313726 0.42745098 0.47058824]  [0.44313726 0.42745098 0.47058824]  [0.44705883 0.43137255 0.4745098 ]  ...  [0.5803922  0.5372549  0.5647059 ]  [0.5882353  0.54509807 0.57254905]  [0.59607846 0.5529412  0.5803922 ]] [[0.44313726 0.42745098 0.47058824]  [0.44705883 0.43137255 0.4745098 ]  [0.44705883 0.43137255 0.47843137]  ...  [0.58431375 0.5411765  0.5686275 ]  [0.5882353  0.54509807 0.57254905]  [0.59607846 0.5529412  0.5803922 ]] [[0.44313726 0.42745098 0.4745098 ]  [0.44705883 0.43137255 0.47843137]  [0.4509804  0.43529412 0.48235294]  ...  [0.5882353  0.54509807 0.57254905]  [0.5882353  0.54509807 0.57254905]  [0.5921569  0.54901963 0.5764706 ]] ... [[0.30980393 0.32156864 0.33333334]  [0.30588236 0.31764707 0.32941177]  [0.30588236 0.31764707 0.32941177]  ...  [0.6        0.5686275  0.59607846]  [0.59607846 0.5647059  0.5921569 ]  [0.59607846 0.5647059  0.5921569 ]] [[0.31764707 0.32941177 0.34117648]  [0.3137255  0.3254902  0.3372549 ]  [0.3137255  0.32156864 0.3372549 ]  ...  [0.5921569  0.56078434 0.5882353 ]  [0.59607846 0.5647059  0.5921569 ]  [0.6        0.5686275  0.59607846]] [[0.32156864 0.33333334 0.34509805]  [0.32156864 0.32941177 0.34117648]  [0.31764707 0.32941177 0.34117648]  ...  [0.58431375 0.5529412  0.5803922 ]  [0.59607846 0.5647059  0.5921569 ]  [0.6039216  0.57254905 0.6       ]]]",3.2541900593205355,10320,/home/amos/media/tv/The X-Files S01-S11 BluRay 10Bit 1080p Dts-HDMa5 1 HEVC-d3g/The X-Files S08 br 10bit dts hevc-d3g/The.X-Files.S08E07.Via.Negativa.1080p.BluRay.10Bit.Dts-HDMa5.1.HEVC-d3g.mkv126,1080,1920,0,253,448,232,253,4095,0.002,"[[[0.14509805 0.15686275 0.16862746]  [0.14509805 0.15686275 0.17254902]  [0.14509805 0.15686275 0.16862746]  ...  [0.14901961 0.14117648 0.14901961]  [0.15294118 0.14509805 0.15294118]  [0.15294118 0.14509805 0.15294118]] [[0.14117648 0.15294118 0.16470589]  [0.14509805 0.15686275 0.16470589]  [0.14509805 0.15686275 0.16862746]  ...  [0.14509805 0.13725491 0.14901961]  [0.15294118 0.14509805 0.15294118]  [0.15686275 0.14901961 0.15686275]] [[0.13725491 0.14901961 0.16078432]  [0.14117648 0.15294118 0.16470589]  [0.14509805 0.15686275 0.16862746]  ...  [0.14901961 0.14117648 0.14901961]  [0.15686275 0.14509805 0.15686275]  [0.15686275 0.15294118 0.15686275]] ... [[0.18039216 0.2        0.22352941]  [0.1764706  0.19607843 0.21960784]  [0.17254902 0.19215687 0.21568628]  ...  [0.01568628 0.01176471 0.01176471]  [0.01176471 0.00784314 0.00784314]  [0.01176471 0.00784314 0.01176471]] [[0.1764706  0.19607843 0.21960784]  [0.17254902 0.19215687 0.21568628]  [0.16862746 0.1882353  0.21176471]  ...  [0.01568628 0.01176471 0.01176471]  [0.01176471 0.00784314 0.00784314]  [0.01176471 0.00784314 0.01176471]] [[0.1764706  0.19607843 0.21960784]  [0.17254902 0.19215687 0.21568628]  [0.16862746 0.1882353  0.21176471]  ...  [0.01568628 0.01176471 0.01176471]  [0.01568628 0.01176471 0.01176471]  [0.01176471 0.00784314 0.00784314]]]",4.281275081157219,10488,/home/amos/media/tv/The X-Files S01-S11 BluRay 10Bit 1080p Dts-HDMa5 1 HEVC-d3g/The X-Files S08 br 10bit dts hevc-d3g/The.X-Files.S08E07.Via.Negativa.1080p.BluRay.10Bit.Dts-HDMa5.1.HEVC-d3g.mkv127,1080,1920,0,265,443,197,265,12104,0.006,"[[[0.14509805 0.14901961 0.16078432]  [0.13725491 0.14117648 0.15294118]  [0.13333334 0.13725491 0.14901961]  ...  [0.15294118 0.15294118 0.15294118]  [0.15686275 0.15294118 0.15686275]  [0.15686275 0.15294118 0.15686275]] [[0.13725491 0.14117648 0.15294118]  [0.13333334 0.13725491 0.14901961]  [0.13725491 0.14117648 0.15294118]  ...  [0.15686275 0.15294118 0.15686275]  [0.15686275 0.15294118 0.15686275]  [0.15686275 0.15294118 0.15686275]] [[0.13333334 0.13725491 0.15294118]  [0.13725491 0.14117648 0.15294118]  [0.14901961 0.15294118 0.16862746]  ...  [0.15294118 0.14901961 0.15294118]  [0.15686275 0.15294118 0.15686275]  [0.15686275 0.15294118 0.15686275]] ... [[0.1764706  0.20784314 0.23529412]  [0.1764706  0.20784314 0.23529412]  [0.1882353  0.21568628 0.23921569]  ...  [0.01176471 0.         0.01568628]  [0.01176471 0.00392157 0.01568628]  [0.01176471 0.00392157 0.01568628]] [[0.19215687 0.22352941 0.2509804 ]  [0.19215687 0.22352941 0.2509804 ]  [0.19607843 0.22352941 0.24313726]  ...  [0.00784314 0.         0.01176471]  [0.00784314 0.         0.01176471]  [0.00784314 0.         0.00784314]] [[0.19215687 0.22352941 0.2509804 ]  [0.19607843 0.22745098 0.25490198]  [0.19215687 0.21960784 0.23921569]  ...  [0.01176471 0.00392157 0.01568628]  [0.00784314 0.         0.00784314]  [0.00784314 0.         0.00784314]]]",3.856526078132447,10512,/home/amos/media/tv/The X-Files S01-S11 BluRay 10Bit 1080p Dts-HDMa5 1 HEVC-d3g/The X-Files S08 br 10bit dts hevc-d3g/The.X-Files.S08E07.Via.Negativa.1080p.BluRay.10Bit.Dts-HDMa5.1.HEVC-d3g.mkv128,1080,1920,0,284,435,161,284,18573,0.009,"[[[0.10980392 0.1254902  0.11372549]  [0.11372549 0.12941177 0.1254902 ]  [0.11764706 0.12941177 0.12941177]  ...  [0.18431373 0.18039216 0.19215687]  [0.1882353  0.18431373 0.2       ]  [0.         0.         0.        ]] [[0.11764706 0.12941177 0.12156863]  [0.12156863 0.13725491 0.13333334]  [0.12156863 0.13333334 0.13725491]  ...  [0.16470589 0.16470589 0.1764706 ]  [0.1764706  0.17254902 0.18431373]  [0.         0.         0.        ]] [[0.11764706 0.13333334 0.12156863]  [0.12156863 0.13725491 0.13333334]  [0.1254902  0.13725491 0.13725491]  ...  [0.16078432 0.15686275 0.16862746]  [0.16862746 0.16470589 0.1764706 ]  [0.         0.         0.        ]] ... [[0.27450982 0.29411766 0.34117648]  [0.27450982 0.29411766 0.34117648]  [0.2509804  0.27058825 0.31764707]  ...  [0.01176471 0.00392157 0.01176471]  [0.01176471 0.00392157 0.01176471]  [0.         0.         0.        ]] [[0.2784314  0.29411766 0.34117648]  [0.2627451  0.28235295 0.32941177]  [0.24705882 0.26666668 0.3137255 ]  ...  [0.01176471 0.00392157 0.01176471]  [0.01176471 0.00392157 0.01176471]  [0.         0.         0.        ]] [[0.         0.         0.        ]  [0.         0.         0.        ]  [0.         0.         0.        ]  ...  [0.         0.         0.        ]  [0.         0.         0.        ]  [0.         0.         0.        ]]]",4.7067420211969875,10536,/home/amos/media/tv/The X-Files S01-S11 BluRay 10Bit 1080p Dts-HDMa5 1 HEVC-d3g/The X-Files S08 br 10bit dts hevc-d3g/The.X-Files.S08E07.Via.Negativa.1080p.BluRay.10Bit.Dts-HDMa5.1.HEVC-d3g.mkv129,1080,1920,0,271,430,122,271,23691,0.011,"[[[0.13725491 0.14117648 0.14509805]  [0.13725491 0.14509805 0.14509805]  [0.13725491 0.14117648 0.14509805]  ...  [0.14509805 0.14509805 0.15686275]  [0.15686275 0.15686275 0.16470589]  [0.16078432 0.16078432 0.17254902]] [[0.13725491 0.14117648 0.14509805]  [0.13725491 0.14117648 0.14509805]  [0.14117648 0.14509805 0.14509805]  ...  [0.15294118 0.15294118 0.16078432]  [0.16470589 0.16470589 0.17254902]  [0.16862746 0.16862746 0.18039216]] [[0.13725491 0.14117648 0.14509805]  [0.13725491 0.14117648 0.14509805]  [0.14117648 0.14509805 0.14901961]  ...  [0.15686275 0.15686275 0.16470589]  [0.16862746 0.16862746 0.1764706 ]  [0.17254902 0.17254902 0.18431373]] ... [[0.22352941 0.24313726 0.27058825]  [0.21960784 0.23921569 0.2627451 ]  [0.2        0.21960784 0.24313726]  ...  [0.01176471 0.00392157 0.01568628]  [0.01568628 0.00392157 0.01568628]  [0.01568628 0.00392157 0.01568628]] [[0.22352941 0.24705882 0.27058825]  [0.22352941 0.24313726 0.27058825]  [0.21176471 0.23137255 0.25490198]  ...  [0.01176471 0.00392157 0.01568628]  [0.01568628 0.00392157 0.01568628]  [0.01568628 0.00392157 0.01568628]] [[0.22352941 0.24313726 0.27058825]  [0.22352941 0.24313726 0.27058825]  [0.22352941 0.24313726 0.26666668]  ...  [0.01176471 0.00392157 0.01568628]  [0.01568628 0.00784314 0.01568628]  [0.01960784 0.00784314 0.01960784]]]",4.308402105176356,10632,/home/amos/media/tv/The X-Files S01-S11 BluRay 10Bit 1080p Dts-HDMa5 1 HEVC-d3g/The X-Files S08 br 10bit dts hevc-d3g/The.X-Files.S08E07.Via.Negativa.1080p.BluRay.10Bit.Dts-HDMa5.1.HEVC-d3g.mkv130,1080,1920,0,266,432,124,266,23572,0.011,"[[[0.15294118 0.15294118 0.16470589]  [0.15686275 0.15686275 0.16862746]  [0.16078432 0.16078432 0.17254902]  ...  [0.16078432 0.16078432 0.17254902]  [0.16470589 0.16470589 0.1764706 ]  [0.16078432 0.16078432 0.17254902]] [[0.15294118 0.15294118 0.16470589]  [0.15686275 0.15686275 0.16862746]  [0.16078432 0.16078432 0.17254902]  ...  [0.16078432 0.16078432 0.1764706 ]  [0.16078432 0.16078432 0.17254902]  [0.15686275 0.15686275 0.16862746]] [[0.15686275 0.15686275 0.16862746]  [0.15686275 0.15686275 0.16862746]  [0.15686275 0.15686275 0.16862746]  ...  [0.16078432 0.16078432 0.17254902]  [0.16078432 0.16078432 0.1764706 ]  [0.16078432 0.16078432 0.17254902]] ... [[0.1882353  0.20784314 0.23137255]  [0.18431373 0.20392157 0.22745098]  [0.1764706  0.19607843 0.21960784]  ...  [0.01176471 0.00392157 0.01176471]  [0.01176471 0.00392157 0.01176471]  [0.01176471 0.00392157 0.01176471]] [[0.18039216 0.2        0.22352941]  [0.18039216 0.2        0.22352941]  [0.1764706  0.19607843 0.21960784]  ...  [0.01176471 0.00392157 0.01176471]  [0.01176471 0.00392157 0.01176471]  [0.01176471 0.00392157 0.01176471]] [[0.18431373 0.20392157 0.22745098]  [0.18431373 0.20392157 0.22745098]  [0.18039216 0.2        0.22352941]  ...  [0.01176471 0.00392157 0.01176471]  [0.01176471 0.00392157 0.01176471]  [0.01176471 0.00392157 0.01176471]]]",3.696465076354798,10656,/home/amos/media/tv/The X-Files S01-S11 BluRay 10Bit 1080p Dts-HDMa5 1 HEVC-d3g/The X-Files S08 br 10bit dts hevc-d3g/The.X-Files.S08E07.Via.Negativa.1080p.BluRay.10Bit.Dts-HDMa5.1.HEVC-d3g.mkv131,1080,1920,0,274,428,112,274,24948,0.012,"[[[0.14117648 0.15294118 0.16078432]  [0.13725491 0.14901961 0.15686275]  [0.13333334 0.14509805 0.15294118]  ...  [0.15686275 0.15686275 0.17254902]  [0.16078432 0.16078432 0.1764706 ]  [0.17254902 0.17254902 0.1882353 ]] [[0.13333334 0.14509805 0.15294118]  [0.13725491 0.14901961 0.15686275]  [0.13725491 0.14901961 0.15686275]  ...  [0.16078432 0.16078432 0.1764706 ]  [0.16470589 0.16470589 0.18039216]  [0.17254902 0.17254902 0.1882353 ]] [[0.12941177 0.14117648 0.14901961]  [0.13333334 0.14509805 0.15294118]  [0.13725491 0.15294118 0.15686275]  ...  [0.16470589 0.16470589 0.18039216]  [0.16862746 0.16862746 0.18431373]  [0.17254902 0.17254902 0.1882353 ]] ... [[0.21960784 0.23921569 0.27450982]  [0.21176471 0.23529412 0.26666668]  [0.20784314 0.22745098 0.25882354]  ...  [0.01960784 0.00392157 0.01960784]  [0.01960784 0.00392157 0.01960784]  [0.01960784 0.00784314 0.01960784]] [[0.22745098 0.2509804  0.28627452]  [0.21960784 0.23921569 0.27450982]  [0.21176471 0.23137255 0.2627451 ]  ...  [0.01960784 0.00392157 0.01960784]  [0.01960784 0.00784314 0.01960784]  [0.01960784 0.00784314 0.01960784]] [[0.21176471 0.23529412 0.27058825]  [0.20392157 0.22745098 0.2627451 ]  [0.2        0.21960784 0.2509804 ]  ...  [0.01568628 0.00392157 0.01568628]  [0.01568628 0.00392157 0.01568628]  [0.01568628 0.00392157 0.01568628]]]",5.339858076476958,10680,/home/amos/media/tv/The X-Files S01-S11 BluRay 10Bit 1080p Dts-HDMa5 1 HEVC-d3g/The X-Files S08 br 10bit dts hevc-d3g/The.X-Files.S08E07.Via.Negativa.1080p.BluRay.10Bit.Dts-HDMa5.1.HEVC-d3g.mkv132,1080,1920,1,195,378,823,195,114924,0.055,"[[[0.28627452 0.15294118 0.12941177]  [0.30588236 0.15294118 0.14509805]  [0.31764707 0.16078432 0.15686275]  ...  [0.02352941 0.00784314 0.01960784]  [0.02352941 0.00784314 0.01960784]  [0.         0.         0.        ]] [[0.28627452 0.15294118 0.12941177]  [0.31764707 0.16470589 0.15686275]  [0.32941177 0.17254902 0.16862746]  ...  [0.02352941 0.00784314 0.01960784]  [0.01960784 0.00392157 0.01568628]  [0.         0.         0.        ]] [[0.29411766 0.16078432 0.13725491]  [0.3254902  0.1764706  0.16470589]  [0.3372549  0.18431373 0.1764706 ]  ...  [0.02352941 0.00784314 0.01960784]  [0.01960784 0.00392157 0.01568628]  [0.         0.         0.        ]] ... [[0.3254902  0.14509805 0.14509805]  [0.31764707 0.14117648 0.13725491]  [0.31764707 0.14117648 0.13333334]  ...  [0.05098039 0.03529412 0.03137255]  [0.05098039 0.03529412 0.03137255]  [0.         0.         0.        ]] [[0.32156864 0.14117648 0.14117648]  [0.3137255  0.13333334 0.12941177]  [0.3137255  0.13333334 0.12941177]  ...  [0.05098039 0.03529412 0.03137255]  [0.05098039 0.03529412 0.03137255]  [0.         0.         0.        ]] [[0.         0.         0.        ]  [0.         0.         0.        ]  [0.         0.         0.        ]  ...  [0.         0.         0.        ]  [0.         0.         0.        ]  [0.         0.         0.        ]]]",1.891796023992356,10680,/home/amos/media/tv/The X-Files S01-S11 BluRay 10Bit 1080p Dts-HDMa5 1 HEVC-d3g/The X-Files S08 br 10bit dts hevc-d3g/The.X-Files.S08E07.Via.Negativa.1080p.BluRay.10Bit.Dts-HDMa5.1.HEVC-d3g.mkv133,1080,1920,0,266,428,115,266,24462,0.012,"[[[0.13725491 0.14901961 0.15686275]  [0.14509805 0.15686275 0.16862746]  [0.14901961 0.15686275 0.16862746]  ...  [0.15686275 0.15686275 0.16078432]  [0.16470589 0.16470589 0.17254902]  [0.16470589 0.16470589 0.1764706 ]] [[0.13725491 0.14901961 0.15686275]  [0.14509805 0.15686275 0.16470589]  [0.14901961 0.16078432 0.16862746]  ...  [0.15686275 0.15294118 0.16470589]  [0.16078432 0.16078432 0.17254902]  [0.16862746 0.16862746 0.18039216]] [[0.13333334 0.14509805 0.14901961]  [0.14509805 0.16078432 0.16078432]  [0.15294118 0.16470589 0.16862746]  ...  [0.15686275 0.15686275 0.16470589]  [0.16078432 0.16078432 0.17254902]  [0.16862746 0.16862746 0.18039216]] ... [[0.19607843 0.21568628 0.23921569]  [0.1882353  0.21176471 0.23137255]  [0.19215687 0.20784314 0.23137255]  ...  [0.01568628 0.01176471 0.01568628]  [0.01176471 0.00784314 0.01176471]  [0.01176471 0.00784314 0.01176471]] [[0.18431373 0.20392157 0.22745098]  [0.1882353  0.20784314 0.23137255]  [0.19607843 0.21568628 0.23921569]  ...  [0.01568628 0.01176471 0.01568628]  [0.01568628 0.01176471 0.01568628]  [0.01176471 0.00784314 0.01176471]] [[0.18039216 0.2        0.22352941]  [0.1882353  0.20784314 0.23137255]  [0.2        0.21960784 0.24313726]  ...  [0.01568628 0.01176471 0.01568628]  [0.01568628 0.01176471 0.01568628]  [0.01568628 0.01176471 0.01568628]]]",4.122983141744044,10728,/home/amos/media/tv/The X-Files S01-S11 BluRay 10Bit 1080p Dts-HDMa5 1 HEVC-d3g/The X-Files S08 br 10bit dts hevc-d3g/The.X-Files.S08E07.Via.Negativa.1080p.BluRay.10Bit.Dts-HDMa5.1.HEVC-d3g.mkv134,1080,1920,0,206,379,822,206,106568,0.051,"[[[0.25490198 0.12941177 0.10980392]  [0.24313726 0.11764706 0.09803922]  [0.23529412 0.10980392 0.08627451]  ...  [0.02352941 0.00784314 0.01960784]  [0.02352941 0.00784314 0.01960784]  [0.01960784 0.00392157 0.01568628]] [[0.24705882 0.12156863 0.10196079]  [0.23921569 0.11372549 0.09411765]  [0.23921569 0.11372549 0.09019608]  ...  [0.02745098 0.01176471 0.02352941]  [0.02745098 0.01176471 0.02352941]  [0.02745098 0.01176471 0.02352941]] [[0.23529412 0.10980392 0.09019608]  [0.23137255 0.10980392 0.09019608]  [0.23529412 0.11372549 0.09019608]  ...  [0.02745098 0.01568628 0.02352941]  [0.02745098 0.01568628 0.02352941]  [0.02745098 0.01568628 0.02352941]] ... [[0.3019608  0.16862746 0.14901961]  [0.29803923 0.16078432 0.14509805]  [0.28627452 0.14901961 0.13333334]  ...  [0.04705882 0.02745098 0.02745098]  [0.04705882 0.02745098 0.02745098]  [0.04705882 0.02745098 0.02745098]] [[0.30980393 0.18039216 0.16078432]  [0.28627452 0.15686275 0.13725491]  [0.2627451  0.12941177 0.11372549]  ...  [0.03921569 0.01960784 0.01960784]  [0.03921569 0.01960784 0.01960784]  [0.03921569 0.01960784 0.01960784]] [[0.3019608  0.1764706  0.15294118]  [0.2784314  0.15294118 0.12941177]  [0.2509804  0.12156863 0.10196079]  ...  [0.03529412 0.01568628 0.01568628]  [0.03529412 0.01568628 0.01568628]  [0.03529412 0.01568628 0.01568628]]]",1.6199400828918442,10752,/home/amos/media/tv/The X-Files S01-S11 BluRay 10Bit 1080p Dts-HDMa5 1 HEVC-d3g/The X-Files S08 br 10bit dts hevc-d3g/The.X-Files.S08E07.Via.Negativa.1080p.BluRay.10Bit.Dts-HDMa5.1.HEVC-d3g.mkv135,1080,1920,1,279,418,108,279,23769,0.011,"[[[0.1254902  0.13333334 0.1254902 ]  [0.1254902  0.13333334 0.12941177]  [0.12941177 0.13725491 0.13725491]  ...  [0.15686275 0.15686275 0.16862746]  [0.15294118 0.15294118 0.16078432]  [0.16862746 0.16862746 0.1764706 ]] [[0.12941177 0.13725491 0.12941177]  [0.13333334 0.14117648 0.13333334]  [0.13333334 0.14117648 0.14117648]  ...  [0.16862746 0.16862746 0.1764706 ]  [0.1764706  0.1764706  0.18431373]  [0.1764706  0.1764706  0.18431373]] [[0.13333334 0.14117648 0.13333334]  [0.13333334 0.14117648 0.13725491]  [0.13333334 0.14117648 0.14117648]  ...  [0.17254902 0.17254902 0.18039216]  [0.1764706  0.1764706  0.18431373]  [0.16862746 0.16862746 0.1764706 ]] ... [[0.23529412 0.27058825 0.3019608 ]  [0.22352941 0.25490198 0.28627452]  [0.23137255 0.25490198 0.28235295]  ...  [0.01568628 0.01176471 0.01568628]  [0.01176471 0.00392157 0.01176471]  [0.01176471 0.00392157 0.01568628]] [[0.22745098 0.2627451  0.29411766]  [0.21960784 0.2509804  0.28235295]  [0.21568628 0.23921569 0.2627451 ]  ...  [0.01568628 0.00784314 0.01568628]  [0.01176471 0.00392157 0.01176471]  [0.01176471 0.00392157 0.01568628]] [[0.23921569 0.2784314  0.3019608 ]  [0.23529412 0.26666668 0.2901961 ]  [0.20784314 0.23137255 0.2509804 ]  ...  [0.01568628 0.01176471 0.01568628]  [0.01176471 0.00392157 0.01176471]  [0.01176471 0.00392157 0.01568628]]]",4.0584180047153495,10752,/home/amos/media/tv/The X-Files S01-S11 BluRay 10Bit 1080p Dts-HDMa5 1 HEVC-d3g/The X-Files S08 br 10bit dts hevc-d3g/The.X-Files.S08E07.Via.Negativa.1080p.BluRay.10Bit.Dts-HDMa5.1.HEVC-d3g.mkv136,1080,1920,0,141,142,862,141,721,0.0,"[[[0.24705882 0.13333334 0.11372549]  [0.2509804  0.13725491 0.11764706]  [0.25490198 0.14117648 0.12156863]  ...  [0.09411765 0.07450981 0.03529412]  [0.09411765 0.07450981 0.03529412]  [0.09411765 0.07450981 0.03529412]] [[0.24313726 0.12941177 0.10980392]  [0.24313726 0.12941177 0.10980392]  [0.24705882 0.13333334 0.11372549]  ...  [0.09411765 0.07450981 0.03529412]  [0.09411765 0.07450981 0.03529412]  [0.09411765 0.07450981 0.03529412]] [[0.23921569 0.1254902  0.10588235]  [0.23921569 0.1254902  0.10588235]  [0.23921569 0.1254902  0.10588235]  ...  [0.09411765 0.07450981 0.03529412]  [0.09411765 0.07450981 0.03529412]  [0.09411765 0.07450981 0.03529412]] ... [[0.09019608 0.03137255 0.02745098]  [0.09019608 0.03137255 0.02745098]  [0.09019608 0.03137255 0.02745098]  ...  [0.19215687 0.14117648 0.0627451 ]  [0.19215687 0.14117648 0.0627451 ]  [0.19215687 0.14117648 0.0627451 ]] [[0.09019608 0.03137255 0.02745098]  [0.09019608 0.03137255 0.02745098]  [0.09019608 0.03137255 0.02745098]  ...  [0.1882353  0.13725491 0.05882353]  [0.1882353  0.13725491 0.05882353]  [0.1882353  0.13725491 0.05882353]] [[0.09019608 0.03137255 0.02745098]  [0.09019608 0.03137255 0.02745098]  [0.09019608 0.03137255 0.02745098]  ...  [0.1882353  0.13725491 0.05882353]  [0.18431373 0.13333334 0.05490196]  [0.18431373 0.13333334 0.05490196]]]",4.6331179608241655,10944,/home/amos/media/tv/The X-Files S01-S11 BluRay 10Bit 1080p Dts-HDMa5 1 HEVC-d3g/The X-Files S08 br 10bit dts hevc-d3g/The.X-Files.S08E07.Via.Negativa.1080p.BluRay.10Bit.Dts-HDMa5.1.HEVC-d3g.mkv137,1080,1920,1,108,340,811,108,163096,0.079,"[[[0.2627451  0.14509805 0.1254902 ]  [0.2627451  0.14509805 0.1254902 ]  [0.2627451  0.14901961 0.1254902 ]  ...  [0.29803923 0.14901961 0.1254902 ]  [0.29803923 0.15294118 0.1254902 ]  [0.3019608  0.15294118 0.1254902 ]] [[0.2627451  0.14509805 0.1254902 ]  [0.2627451  0.14509805 0.12941177]  [0.26666668 0.14901961 0.12941177]  ...  [0.29411766 0.14901961 0.1254902 ]  [0.29803923 0.14901961 0.1254902 ]  [0.3019608  0.15294118 0.1254902 ]] [[0.26666668 0.14901961 0.12941177]  [0.26666668 0.14901961 0.12941177]  [0.27058825 0.15294118 0.13333334]  ...  [0.29411766 0.14901961 0.1254902 ]  [0.29803923 0.14901961 0.12156863]  [0.29803923 0.14901961 0.12156863]] ... [[0.23529412 0.10588235 0.08235294]  [0.23529412 0.10588235 0.08235294]  [0.24313726 0.11372549 0.09019608]  ...  [0.42745098 0.24313726 0.23921569]  [0.42745098 0.24313726 0.23529412]  [0.42745098 0.24313726 0.23921569]] [[0.23529412 0.10588235 0.08235294]  [0.23529412 0.10588235 0.08627451]  [0.24313726 0.11372549 0.09019608]  ...  [0.43137255 0.24705882 0.23921569]  [0.43137255 0.24705882 0.23921569]  [0.43137255 0.24705882 0.23921569]] [[0.23529412 0.10588235 0.08235294]  [0.23529412 0.10980392 0.08627451]  [0.24313726 0.11372549 0.09019608]  ...  [0.43137255 0.24705882 0.23921569]  [0.43529412 0.2509804  0.24313726]  [0.43529412 0.2509804  0.24313726]]]",3.1171632755431347,10944,/home/amos/media/tv/The X-Files S01-S11 BluRay 10Bit 1080p Dts-HDMa5 1 HEVC-d3g/The X-Files S08 br 10bit dts hevc-d3g/The.X-Files.S08E07.Via.Negativa.1080p.BluRay.10Bit.Dts-HDMa5.1.HEVC-d3g.mkv138,1080,1920,0,142,150,862,142,5760,0.003,"[[[0.2509804  0.13333334 0.10980392]  [0.2509804  0.13333334 0.10980392]  [0.2509804  0.13333334 0.10980392]  ...  [0.07058824 0.05490196 0.03529412]  [0.07058824 0.05490196 0.03529412]  [0.         0.         0.        ]] [[0.2509804  0.13333334 0.10980392]  [0.2509804  0.13333334 0.10980392]  [0.2509804  0.13333334 0.10980392]  ...  [0.07058824 0.05490196 0.03529412]  [0.07058824 0.05490196 0.03529412]  [0.         0.         0.        ]] [[0.25490198 0.13725491 0.11372549]  [0.25490198 0.13725491 0.11372549]  [0.25490198 0.13725491 0.11372549]  ...  [0.07450981 0.05882353 0.03921569]  [0.07450981 0.05882353 0.03921569]  [0.         0.         0.        ]] ... [[0.08235294 0.01960784 0.02352941]  [0.08235294 0.01960784 0.02352941]  [0.08235294 0.01960784 0.02352941]  ...  [0.09803922 0.07450981 0.05098039]  [0.09803922 0.07450981 0.05098039]  [0.         0.         0.        ]] [[0.08235294 0.01960784 0.02352941]  [0.08235294 0.01960784 0.02352941]  [0.08235294 0.01960784 0.02352941]  ...  [0.09803922 0.07450981 0.05098039]  [0.09803922 0.07450981 0.05098039]  [0.         0.         0.        ]] [[0.         0.         0.        ]  [0.         0.         0.        ]  [0.         0.         0.        ]  ...  [0.         0.         0.        ]  [0.         0.         0.        ]  [0.         0.         0.        ]]]",2.8559612093376927,10968,/home/amos/media/tv/The X-Files S01-S11 BluRay 10Bit 1080p Dts-HDMa5 1 HEVC-d3g/The X-Files S08 br 10bit dts hevc-d3g/The.X-Files.S08E07.Via.Negativa.1080p.BluRay.10Bit.Dts-HDMa5.1.HEVC-d3g.mkv139,1080,1920,0,88,620,1135,88,557004,0.269,"[[[0.6784314  0.65882355 0.6117647 ]  [0.68235296 0.6627451  0.6156863 ]  [0.69803923 0.6784314  0.627451  ]  ...  [0.5764706  0.5411765  0.5137255 ]  [0.57254905 0.5372549  0.50980395]  [0.57254905 0.5372549  0.50980395]] [[0.6784314  0.654902   0.6117647 ]  [0.68235296 0.6627451  0.6117647 ]  [0.69803923 0.6784314  0.627451  ]  ...  [0.5764706  0.5411765  0.5137255 ]  [0.57254905 0.5372549  0.50980395]  [0.57254905 0.5372549  0.50980395]] [[0.67058825 0.6509804  0.6039216 ]  [0.6745098  0.654902   0.60784316]  [0.69803923 0.6784314  0.6313726 ]  ...  [0.58431375 0.54901963 0.5176471 ]  [0.5764706  0.54509807 0.5137255 ]  [0.5764706  0.5411765  0.50980395]] ... [[0.60784316 0.6156863  0.58431375]  [0.6117647  0.6156863  0.58431375]  [0.6156863  0.62352943 0.5882353 ]  ...  [0.3764706  0.32941177 0.29803923]  [0.37254903 0.3254902  0.29411766]  [0.37254903 0.3254902  0.29411766]] [[0.59607846 0.6039216  0.57254905]  [0.6        0.60784316 0.5764706 ]  [0.6039216  0.6117647  0.5764706 ]  ...  [0.3764706  0.3254902  0.29803923]  [0.36862746 0.32156864 0.2901961 ]  [0.36862746 0.31764707 0.2901961 ]] [[0.59607846 0.6039216  0.57254905]  [0.59607846 0.6039216  0.57254905]  [0.6        0.60784316 0.5764706 ]  ...  [0.3764706  0.3254902  0.29803923]  [0.36862746 0.31764707 0.2901961 ]  [0.36862746 0.31764707 0.2901961 ]]]",3.032823073619511,11040,/home/amos/media/tv/The X-Files S01-S11 BluRay 10Bit 1080p Dts-HDMa5 1 HEVC-d3g/The X-Files S08 br 10bit dts hevc-d3g/The.X-Files.S08E07.Via.Negativa.1080p.BluRay.10Bit.Dts-HDMa5.1.HEVC-d3g.mkv140,1080,1920,0,65,290,1021,65,215100,0.104,"[[[0.1882353  0.14117648 0.13333334]  [0.1882353  0.14117648 0.13333334]  [0.19215687 0.14509805 0.13333334]  ...  [0.2        0.15686275 0.16078432]  [0.2        0.15686275 0.16078432]  [0.2        0.15686275 0.16078432]] [[0.1882353  0.14117648 0.13333334]  [0.1882353  0.14117648 0.13333334]  [0.19215687 0.14509805 0.13333334]  ...  [0.2        0.15686275 0.16078432]  [0.2        0.15686275 0.16078432]  [0.2        0.15686275 0.16078432]] [[0.1882353  0.14117648 0.13333334]  [0.1882353  0.14117648 0.13333334]  [0.1882353  0.14509805 0.13333334]  ...  [0.2        0.15686275 0.16078432]  [0.2        0.15686275 0.16078432]  [0.2        0.15686275 0.16078432]] ... [[0.14901961 0.10588235 0.09019608]  [0.14901961 0.10588235 0.09019608]  [0.14117648 0.09411765 0.08235294]  ...  [0.17254902 0.14509805 0.13333334]  [0.17254902 0.14117648 0.13333334]  [0.17254902 0.14117648 0.13333334]] [[0.15294118 0.10588235 0.09019608]  [0.15294118 0.10588235 0.09019608]  [0.14117648 0.09411765 0.07843138]  ...  [0.17254902 0.14117648 0.13333334]  [0.17254902 0.14117648 0.13333334]  [0.17254902 0.14117648 0.13333334]] [[0.15294118 0.10588235 0.09019608]  [0.15294118 0.10588235 0.09019608]  [0.14117648 0.09411765 0.07843138]  ...  [0.17254902 0.14117648 0.13333334]  [0.17254902 0.14117648 0.13333334]  [0.17254902 0.14117648 0.13333334]]]",3.059427053143736,12072,/home/amos/media/tv/The X-Files S01-S11 BluRay 10Bit 1080p Dts-HDMa5 1 HEVC-d3g/The X-Files S08 br 10bit dts hevc-d3g/The.X-Files.S08E07.Via.Negativa.1080p.BluRay.10Bit.Dts-HDMa5.1.HEVC-d3g.mkv141,1080,1920,0,142,246,434,142,30368,0.015,"[[[0.12941177 0.10588235 0.09019608]  [0.12941177 0.10588235 0.09019608]  [0.12941177 0.10588235 0.09019608]  ...  [0.15686275 0.14901961 0.14117648]  [0.15686275 0.14901961 0.14117648]  [0.         0.         0.        ]] [[0.11764706 0.09803922 0.08235294]  [0.12156863 0.09803922 0.08235294]  [0.1254902  0.10196079 0.08627451]  ...  [0.15686275 0.14901961 0.14117648]  [0.16078432 0.15294118 0.14509805]  [0.         0.         0.        ]] [[0.11372549 0.09019608 0.07450981]  [0.11764706 0.09411765 0.07843138]  [0.12156863 0.10196079 0.08235294]  ...  [0.15686275 0.14901961 0.14117648]  [0.16470589 0.15686275 0.14901961]  [0.         0.         0.        ]] ... [[0.25882354 0.2627451  0.25882354]  [0.25882354 0.2627451  0.25882354]  [0.2627451  0.26666668 0.2627451 ]  ...  [0.03529412 0.03137255 0.02352941]  [0.03137255 0.02745098 0.01960784]  [0.         0.         0.        ]] [[0.25490198 0.25882354 0.25490198]  [0.25882354 0.2627451  0.25882354]  [0.26666668 0.27058825 0.26666668]  ...  [0.03137255 0.02745098 0.01960784]  [0.03137255 0.02745098 0.01960784]  [0.         0.         0.        ]] [[0.         0.         0.        ]  [0.         0.         0.        ]  [0.         0.         0.        ]  ...  [0.         0.         0.        ]  [0.         0.         0.        ]  [0.         0.         0.        ]]]",5.994297098892275,12408,/home/amos/media/tv/The X-Files S01-S11 BluRay 10Bit 1080p Dts-HDMa5 1 HEVC-d3g/The X-Files S08 br 10bit dts hevc-d3g/The.X-Files.S08E07.Via.Negativa.1080p.BluRay.10Bit.Dts-HDMa5.1.HEVC-d3g.mkv142,1080,1920,0,201,47,857,201,101024,0.049,"[[[0.17254902 0.16862746 0.16470589]  [0.16862746 0.16470589 0.16078432]  [0.16862746 0.16470589 0.16078432]  ...  [0.14901961 0.14901961 0.14117648]  [0.14117648 0.14117648 0.12941177]  [0.13333334 0.13333334 0.1254902 ]] [[0.1764706  0.17254902 0.16862746]  [0.17254902 0.16862746 0.16470589]  [0.16862746 0.16470589 0.16078432]  ...  [0.14509805 0.14509805 0.14117648]  [0.14117648 0.14117648 0.13333334]  [0.14509805 0.14509805 0.13725491]] [[0.15686275 0.15294118 0.14901961]  [0.1764706  0.17254902 0.16862746]  [0.17254902 0.16862746 0.16470589]  ...  [0.15294118 0.15294118 0.14509805]  [0.15294118 0.15294118 0.14509805]  [0.14509805 0.14509805 0.13725491]] ... [[0.34901962 0.3137255  0.3019608 ]  [0.34901962 0.3137255  0.3019608 ]  [0.34901962 0.3137255  0.3019608 ]  ...  [0.01176471 0.         0.01176471]  [0.01568628 0.00392157 0.01568628]  [0.02745098 0.01568628 0.02745098]] [[0.36078432 0.3254902  0.3137255 ]  [0.34901962 0.3137255  0.3019608 ]  [0.3372549  0.30588236 0.29411766]  ...  [0.00784314 0.         0.00784314]  [0.01176471 0.         0.01176471]  [0.01568628 0.00392157 0.01568628]] [[0.3529412  0.31764707 0.30588236]  [0.34901962 0.3137255  0.3019608 ]  [0.34117648 0.30588236 0.29411766]  ...  [0.01176471 0.         0.01176471]  [0.01176471 0.         0.01176471]  [0.01568628 0.00392157 0.01568628]]]",3.781624171126168,12456,/home/amos/media/tv/The X-Files S01-S11 BluRay 10Bit 1080p Dts-HDMa5 1 HEVC-d3g/The X-Files S08 br 10bit dts hevc-d3g/The.X-Files.S08E07.Via.Negativa.1080p.BluRay.10Bit.Dts-HDMa5.1.HEVC-d3g.mkv143,1080,1920,0,223,42,860,223,115297,0.056,"[[[0.15686275 0.16078432 0.15294118]  [0.13725491 0.14117648 0.13333334]  [0.15294118 0.15686275 0.14901961]  ...  [0.14509805 0.14509805 0.14901961]  [0.12941177 0.12941177 0.13333334]  [0.12941177 0.12941177 0.13333334]] [[0.15686275 0.16078432 0.15294118]  [0.14509805 0.14901961 0.14117648]  [0.15294118 0.15686275 0.14901961]  ...  [0.12156863 0.12156863 0.1254902 ]  [0.12941177 0.12941177 0.13333334]  [0.13333334 0.13333334 0.13725491]] [[0.14117648 0.14509805 0.13725491]  [0.14901961 0.15294118 0.14509805]  [0.1254902  0.12941177 0.12156863]  ...  [0.12156863 0.12156863 0.1254902 ]  [0.12941177 0.12941177 0.13333334]  [0.12941177 0.12941177 0.13333334]] ... [[0.14509805 0.14117648 0.13333334]  [0.12941177 0.1254902  0.11764706]  [0.1254902  0.12156863 0.11372549]  ...  [0.00784314 0.         0.00784314]  [0.00784314 0.         0.00784314]  [0.00784314 0.         0.00784314]] [[0.12941177 0.1254902  0.11764706]  [0.14509805 0.14117648 0.13333334]  [0.14901961 0.14509805 0.13725491]  ...  [0.00784314 0.         0.00784314]  [0.00784314 0.         0.00784314]  [0.00784314 0.         0.00784314]] [[0.16470589 0.16078432 0.15294118]  [0.16078432 0.15686275 0.14901961]  [0.15686275 0.15294118 0.14509805]  ...  [0.00784314 0.         0.00784314]  [0.00784314 0.         0.00784314]  [0.00784314 0.         0.00784314]]]",3.247117968800012,12480,/home/amos/media/tv/The X-Files S01-S11 BluRay 10Bit 1080p Dts-HDMa5 1 HEVC-d3g/The X-Files S08 br 10bit dts hevc-d3g/The.X-Files.S08E07.Via.Negativa.1080p.BluRay.10Bit.Dts-HDMa5.1.HEVC-d3g.mkv144,1080,1920,0,49,201,769,49,109440,0.053,"[[[0.1882353  0.15294118 0.18431373]  [0.1882353  0.15294118 0.18431373]  [0.1882353  0.15294118 0.18431373]  ...  [0.53333336 0.5529412  0.5882353 ]  [0.53333336 0.5529412  0.5882353 ]  [0.53333336 0.5529412  0.5882353 ]] [[0.1882353  0.15294118 0.18431373]  [0.1882353  0.15294118 0.18431373]  [0.1882353  0.15294118 0.18431373]  ...  [0.53333336 0.5529412  0.5882353 ]  [0.53333336 0.5529412  0.5882353 ]  [0.53333336 0.5529412  0.5882353 ]] [[0.1882353  0.15294118 0.18431373]  [0.1882353  0.15294118 0.18431373]  [0.1882353  0.15294118 0.18431373]  ...  [0.53333336 0.5529412  0.5882353 ]  [0.53333336 0.5529412  0.5882353 ]  [0.53333336 0.5529412  0.5882353 ]] ... [[0.20784314 0.14509805 0.19607843]  [0.20784314 0.14509805 0.19607843]  [0.20784314 0.14509805 0.19607843]  ...  [0.5647059  0.49803922 0.5137255 ]  [0.5647059  0.5019608  0.5137255 ]  [0.5647059  0.5019608  0.5137255 ]] [[0.20784314 0.14509805 0.19607843]  [0.20784314 0.14509805 0.19607843]  [0.20784314 0.14509805 0.19607843]  ...  [0.5686275  0.5019608  0.5137255 ]  [0.5686275  0.5019608  0.5137255 ]  [0.5686275  0.5019608  0.5137255 ]] [[0.20784314 0.14509805 0.19607843]  [0.20784314 0.14509805 0.19607843]  [0.20784314 0.14509805 0.19607843]  ...  [0.5686275  0.5019608  0.5137255 ]  [0.5686275  0.5019608  0.5137255 ]  [0.5686275  0.5019608  0.5137255 ]]]",4.336550143256318,12600,/home/amos/media/tv/The X-Files S01-S11 BluRay 10Bit 1080p Dts-HDMa5 1 HEVC-d3g/The X-Files S08 br 10bit dts hevc-d3g/The.X-Files.S08E07.Via.Negativa.1080p.BluRay.10Bit.Dts-HDMa5.1.HEVC-d3g.mkv145,1080,1920,0,90,257,754,90,110888,0.053,"[[[0.20392157 0.18431373 0.2784314 ]  [0.20784314 0.1882353  0.2784314 ]  [0.21568628 0.19607843 0.2901961 ]  ...  [0.09411765 0.08627451 0.10196079]  [0.09411765 0.08627451 0.10196079]  [0.09411765 0.08627451 0.10196079]] [[0.20392157 0.18431373 0.27450982]  [0.20784314 0.1882353  0.2784314 ]  [0.21568628 0.19607843 0.2901961 ]  ...  [0.09411765 0.08627451 0.10196079]  [0.09411765 0.08627451 0.10196079]  [0.09411765 0.08627451 0.10196079]] [[0.2        0.18039216 0.27058825]  [0.20392157 0.18431373 0.27450982]  [0.21568628 0.19607843 0.28627452]  ...  [0.09019608 0.08235294 0.09803922]  [0.09019608 0.08235294 0.09803922]  [0.09019608 0.08235294 0.09803922]] ... [[0.09803922 0.08235294 0.11764706]  [0.09803922 0.08235294 0.11764706]  [0.09803922 0.08235294 0.11764706]  ...  [0.15294118 0.10980392 0.13333334]  [0.15294118 0.10980392 0.13333334]  [0.15294118 0.10980392 0.13333334]] [[0.09803922 0.08235294 0.11764706]  [0.09803922 0.08235294 0.11764706]  [0.09411765 0.07843138 0.11372549]  ...  [0.16078432 0.11764706 0.13725491]  [0.16078432 0.11764706 0.13725491]  [0.16078432 0.11764706 0.13725491]] [[0.09803922 0.08235294 0.11764706]  [0.09803922 0.08235294 0.11764706]  [0.09411765 0.07843138 0.11372549]  ...  [0.16078432 0.11764706 0.13725491]  [0.16078432 0.11764706 0.13725491]  [0.16078432 0.11764706 0.13725491]]]",6.069690101256128,12648,/home/amos/media/tv/The X-Files S01-S11 BluRay 10Bit 1080p Dts-HDMa5 1 HEVC-d3g/The X-Files S08 br 10bit dts hevc-d3g/The.X-Files.S08E07.Via.Negativa.1080p.BluRay.10Bit.Dts-HDMa5.1.HEVC-d3g.mkv146,1080,1920,0,76,289,774,76,148674,0.072,"[[[0.15686275 0.14117648 0.21176471]  [0.15686275 0.14117648 0.21176471]  [0.16470589 0.14901961 0.21960784]  ...  [0.09019608 0.10196079 0.12156863]  [0.09019608 0.10196079 0.12156863]  [0.09019608 0.10196079 0.12156863]] [[0.15686275 0.14117648 0.21176471]  [0.15686275 0.14117648 0.21176471]  [0.16470589 0.14901961 0.21960784]  ...  [0.09019608 0.10196079 0.12156863]  [0.09019608 0.10196079 0.12156863]  [0.09019608 0.10196079 0.12156863]] [[0.15294118 0.13725491 0.20784314]  [0.15294118 0.13725491 0.20784314]  [0.16470589 0.14901961 0.21960784]  ...  [0.08627451 0.09803922 0.11764706]  [0.08627451 0.09803922 0.11764706]  [0.08627451 0.09803922 0.11764706]] ... [[0.4117647  0.43137255 0.4509804 ]  [0.4117647  0.43137255 0.4509804 ]  [0.43137255 0.4509804  0.47058824]  ...  [0.15294118 0.13333334 0.12156863]  [0.15686275 0.13725491 0.1254902 ]  [0.15686275 0.13725491 0.1254902 ]] [[0.45490196 0.4862745  0.5058824 ]  [0.45882353 0.49019608 0.5058824 ]  [0.47843137 0.50980395 0.5254902 ]  ...  [0.15686275 0.13725491 0.12941177]  [0.16078432 0.14117648 0.13333334]  [0.16078432 0.14117648 0.13333334]] [[0.45882353 0.49019608 0.5058824 ]  [0.45882353 0.49019608 0.5058824 ]  [0.48235294 0.50980395 0.5254902 ]  ...  [0.15686275 0.13333334 0.12941177]  [0.16078432 0.14117648 0.13333334]  [0.16078432 0.14117648 0.13333334]]]",3.9875460796174593,12696,/home/amos/media/tv/The X-Files S01-S11 BluRay 10Bit 1080p Dts-HDMa5 1 HEVC-d3g/The X-Files S08 br 10bit dts hevc-d3g/The.X-Files.S08E07.Via.Negativa.1080p.BluRay.10Bit.Dts-HDMa5.1.HEVC-d3g.mkv147,1080,1920,0,73,306,846,73,180109,0.087,"[[[0.29803923 0.2509804  0.3019608 ]  [0.29803923 0.2509804  0.3019608 ]  [0.29411766 0.24705882 0.29803923]  ...  [0.14117648 0.07843138 0.08627451]  [0.14117648 0.07843138 0.08235294]  [0.14117648 0.07843138 0.08235294]] [[0.29803923 0.2509804  0.3019608 ]  [0.29803923 0.2509804  0.3019608 ]  [0.29411766 0.24705882 0.29803923]  ...  [0.14117648 0.07843138 0.08627451]  [0.14117648 0.07843138 0.08235294]  [0.14117648 0.07843138 0.08235294]] [[0.29803923 0.2509804  0.3019608 ]  [0.29803923 0.2509804  0.3019608 ]  [0.2901961  0.24313726 0.29803923]  ...  [0.14117648 0.08235294 0.09019608]  [0.14117648 0.07843138 0.08627451]  [0.14117648 0.07843138 0.08627451]] ... [[0.5882353  0.49411765 0.49411765]  [0.5882353  0.49411765 0.49411765]  [0.5647059  0.47058824 0.47058824]  ...  [0.21568628 0.1764706  0.19215687]  [0.21960784 0.18431373 0.2       ]  [0.21960784 0.18431373 0.2       ]] [[0.5921569  0.5019608  0.5019608 ]  [0.5921569  0.5019608  0.5019608 ]  [0.5686275  0.47843137 0.47843137]  ...  [0.21568628 0.1764706  0.19215687]  [0.21960784 0.18431373 0.2       ]  [0.21960784 0.18431373 0.2       ]] [[0.5921569  0.5019608  0.5019608 ]  [0.5921569  0.5019608  0.5019608 ]  [0.5686275  0.47843137 0.47843137]  ...  [0.21568628 0.1764706  0.19215687]  [0.21960784 0.18431373 0.2       ]  [0.21960784 0.18431373 0.2       ]]]",3.6903681523981504,12768,/home/amos/media/tv/The X-Files S01-S11 BluRay 10Bit 1080p Dts-HDMa5 1 HEVC-d3g/The X-Files S08 br 10bit dts hevc-d3g/The.X-Files.S08E07.Via.Negativa.1080p.BluRay.10Bit.Dts-HDMa5.1.HEVC-d3g.mkv148,1080,1920,0,54,523,676,54,291718,0.141,"[[[0.11372549 0.06666667 0.13333334]  [0.11372549 0.06666667 0.13333334]  [0.11372549 0.06666667 0.13333334]  ...  [0.06666667 0.05098039 0.09019608]  [0.06666667 0.05098039 0.09019608]  [0.06666667 0.05098039 0.09019608]] [[0.11372549 0.06666667 0.13333334]  [0.11372549 0.06666667 0.13333334]  [0.11372549 0.06666667 0.13333334]  ...  [0.06666667 0.05098039 0.09019608]  [0.06666667 0.05098039 0.09019608]  [0.06666667 0.05098039 0.09019608]] [[0.11372549 0.06666667 0.13333334]  [0.11372549 0.06666667 0.13333334]  [0.11372549 0.06666667 0.13333334]  ...  [0.06666667 0.05098039 0.09019608]  [0.06666667 0.05098039 0.09019608]  [0.06666667 0.05098039 0.09019608]] ... [[0.4627451  0.3647059  0.38431373]  [0.4627451  0.3647059  0.38431373]  [0.47058824 0.37254903 0.39215687]  ...  [0.12156863 0.08627451 0.14117648]  [0.12156863 0.08627451 0.14117648]  [0.12156863 0.08627451 0.14117648]] [[0.46666667 0.36862746 0.3882353 ]  [0.46666667 0.36862746 0.3882353 ]  [0.4745098  0.3764706  0.39607844]  ...  [0.11764706 0.08235294 0.13725491]  [0.11764706 0.08235294 0.13725491]  [0.11764706 0.08235294 0.13725491]] [[0.46666667 0.36862746 0.3882353 ]  [0.46666667 0.36862746 0.3882353 ]  [0.4745098  0.3764706  0.39607844]  ...  [0.11764706 0.08235294 0.13725491]  [0.11764706 0.08235294 0.13725491]  [0.11764706 0.08235294 0.13725491]]]",4.403261064027902,12912,/home/amos/media/tv/The X-Files S01-S11 BluRay 10Bit 1080p Dts-HDMa5 1 HEVC-d3g/The X-Files S08 br 10bit dts hevc-d3g/The.X-Files.S08E07.Via.Negativa.1080p.BluRay.10Bit.Dts-HDMa5.1.HEVC-d3g.mkv149,1080,1920,0,69,570,359,69,145290,0.07,"[[[0.13725491 0.12156863 0.11764706]  [0.13725491 0.12156863 0.11764706]  [0.15294118 0.13725491 0.12941177]  ...  [0.32941177 0.27058825 0.30588236]  [0.33333334 0.27450982 0.30980393]  [0.33333334 0.27450982 0.30980393]] [[0.13725491 0.12156863 0.11764706]  [0.13725491 0.12156863 0.11764706]  [0.15294118 0.13725491 0.12941177]  ...  [0.32941177 0.27058825 0.30588236]  [0.33333334 0.27450982 0.30980393]  [0.33333334 0.27450982 0.30980393]] [[0.13725491 0.12156863 0.11764706]  [0.13725491 0.12156863 0.11764706]  [0.15294118 0.13725491 0.12941177]  ...  [0.3254902  0.26666668 0.3019608 ]  [0.32941177 0.26666668 0.3019608 ]  [0.32941177 0.26666668 0.3019608 ]] ... [[0.60784316 0.62352943 0.6431373 ]  [0.60784316 0.62352943 0.6431373 ]  [0.61960787 0.6392157  0.6666667 ]  ...  [0.5882353  0.65882355 0.6745098 ]  [0.5921569  0.6627451  0.6745098 ]  [0.5921569  0.6627451  0.6745098 ]] [[0.5921569  0.60784316 0.627451  ]  [0.5921569  0.60784316 0.627451  ]  [0.6039216  0.62352943 0.6509804 ]  ...  [0.5921569  0.6627451  0.6745098 ]  [0.5921569  0.6627451  0.6745098 ]  [0.5921569  0.6627451  0.6745098 ]] [[0.5921569  0.60784316 0.627451  ]  [0.5921569  0.60784316 0.627451  ]  [0.6039216  0.62352943 0.6509804 ]  ...  [0.5921569  0.6627451  0.6745098 ]  [0.5921569  0.6627451  0.6745098 ]  [0.5921569  0.6627451  0.6745098 ]]]",3.569935169420205,13008,/home/amos/media/tv/The X-Files S01-S11 BluRay 10Bit 1080p Dts-HDMa5 1 HEVC-d3g/The X-Files S08 br 10bit dts hevc-d3g/The.X-Files.S08E07.Via.Negativa.1080p.BluRay.10Bit.Dts-HDMa5.1.HEVC-d3g.mkv150,1080,1920,0,237,22,1047,237,174150,0.084,"[[[0.14901961 0.10196079 0.05882353]  [0.14901961 0.10196079 0.05882353]  [0.14901961 0.10196079 0.05882353]  ...  [0.18431373 0.10588235 0.08235294]  [0.14901961 0.07450981 0.05490196]  [0.12941177 0.05490196 0.03921569]] [[0.14509805 0.09803922 0.05490196]  [0.14901961 0.10196079 0.05882353]  [0.14901961 0.10196079 0.05882353]  ...  [0.19215687 0.11372549 0.09019608]  [0.14901961 0.07450981 0.05882353]  [0.12156863 0.04705882 0.03137255]] [[0.14509805 0.09803922 0.05490196]  [0.14901961 0.10196079 0.05882353]  [0.14901961 0.10196079 0.05882353]  ...  [0.2        0.12156863 0.09803922]  [0.15686275 0.08235294 0.06666667]  [0.12156863 0.04705882 0.03137255]] ... [[0.15294118 0.10588235 0.08627451]  [0.19607843 0.13333334 0.10980392]  [0.18039216 0.11372549 0.09019608]  ...  [0.37254903 0.1882353  0.13725491]  [0.36078432 0.17254902 0.12156863]  [0.3647059  0.16862746 0.12156863]] [[0.14509805 0.09803922 0.07843138]  [0.19215687 0.13333334 0.10980392]  [0.18431373 0.1254902  0.10588235]  ...  [0.39215687 0.20392157 0.14901961]  [0.37254903 0.1764706  0.1254902 ]  [0.3647059  0.16862746 0.11764706]] [[0.11764706 0.07058824 0.04705882]  [0.19215687 0.13725491 0.11764706]  [0.18431373 0.12941177 0.10980392]  ...  [0.40784314 0.21568628 0.16078432]  [0.39215687 0.19215687 0.13725491]  [0.36862746 0.16862746 0.11372549]]]",1.0626240660785697,13200,/home/amos/media/tv/The X-Files S01-S11 BluRay 10Bit 1080p Dts-HDMa5 1 HEVC-d3g/The X-Files S08 br 10bit dts hevc-d3g/The.X-Files.S08E07.Via.Negativa.1080p.BluRay.10Bit.Dts-HDMa5.1.HEVC-d3g.mkv151,1080,1920,0,33,537,354,33,161784,0.078,"[[[0.16470589 0.14509805 0.14901961]  [0.16470589 0.14509805 0.14901961]  [0.16470589 0.14509805 0.14901961]  ...  [0.39607844 0.29411766 0.24705882]  [0.39607844 0.29411766 0.24705882]  [0.39607844 0.29411766 0.24705882]] [[0.16470589 0.14509805 0.14901961]  [0.16470589 0.14509805 0.14901961]  [0.16470589 0.14509805 0.14901961]  ...  [0.39607844 0.29411766 0.24705882]  [0.39607844 0.29411766 0.24705882]  [0.39607844 0.29411766 0.24705882]] [[0.16470589 0.14509805 0.14901961]  [0.16470589 0.14509805 0.14901961]  [0.16470589 0.14509805 0.14901961]  ...  [0.39607844 0.29411766 0.24705882]  [0.39607844 0.29411766 0.24705882]  [0.39607844 0.29411766 0.24705882]] ... [[0.16862746 0.13333334 0.10588235]  [0.16862746 0.13333334 0.10588235]  [0.16862746 0.13333334 0.10588235]  ...  [0.77254903 0.63529414 0.54901963]  [0.77254903 0.63529414 0.54901963]  [0.77254903 0.63529414 0.54901963]] [[0.16862746 0.13333334 0.10588235]  [0.16862746 0.13333334 0.10588235]  [0.16862746 0.13333334 0.10588235]  ...  [0.77254903 0.63529414 0.54901963]  [0.77254903 0.63529414 0.54901963]  [0.77254903 0.63529414 0.54901963]] [[0.16862746 0.13333334 0.10588235]  [0.16862746 0.13333334 0.10588235]  [0.16862746 0.13333334 0.10588235]  ...  [0.77254903 0.63529414 0.54901963]  [0.77254903 0.63529414 0.54901963]  [0.77254903 0.63529414 0.54901963]]]",2.3565471338224597,13248,/home/amos/media/tv/The X-Files S01-S11 BluRay 10Bit 1080p Dts-HDMa5 1 HEVC-d3g/The X-Files S08 br 10bit dts hevc-d3g/The.X-Files.S08E07.Via.Negativa.1080p.BluRay.10Bit.Dts-HDMa5.1.HEVC-d3g.mkv152,1080,1920,1,60,774,527,60,333438,0.161,"[[[0.29411766 0.21960784 0.1882353 ]  [0.29411766 0.21960784 0.1882353 ]  [0.3019608  0.22352941 0.19215687]  ...  [0.12156863 0.06666667 0.05490196]  [0.1254902  0.07450981 0.05882353]  [0.1254902  0.07450981 0.05882353]] [[0.29411766 0.21960784 0.1882353 ]  [0.29411766 0.21960784 0.1882353 ]  [0.3019608  0.22352941 0.19607843]  ...  [0.12156863 0.06666667 0.05490196]  [0.1254902  0.07450981 0.05882353]  [0.1254902  0.07450981 0.05882353]] [[0.28627452 0.21176471 0.18039216]  [0.28627452 0.21176471 0.18039216]  [0.2901961  0.21960784 0.1882353 ]  ...  [0.11764706 0.0627451  0.05098039]  [0.12156863 0.07058824 0.05490196]  [0.12156863 0.07058824 0.05490196]] ... [[0.10588235 0.07450981 0.05882353]  [0.10588235 0.07450981 0.05882353]  [0.10588235 0.07450981 0.05882353]  ...  [0.4627451  0.41568628 0.40784314]  [0.47058824 0.42352942 0.41568628]  [0.47058824 0.42352942 0.41568628]] [[0.10196079 0.07450981 0.05490196]  [0.10196079 0.07450981 0.05490196]  [0.10196079 0.07450981 0.05490196]  ...  [0.46666667 0.41960785 0.4117647 ]  [0.4745098  0.42745098 0.41960785]  [0.4745098  0.42745098 0.41960785]] [[0.10196079 0.07450981 0.05490196]  [0.10196079 0.07450981 0.05490196]  [0.10196079 0.07450981 0.05490196]  ...  [0.46666667 0.41960785 0.4117647 ]  [0.4745098  0.42745098 0.41960785]  [0.4745098  0.42745098 0.41960785]]]",3.442776105774101,13248,/home/amos/media/tv/The X-Files S01-S11 BluRay 10Bit 1080p Dts-HDMa5 1 HEVC-d3g/The X-Files S08 br 10bit dts hevc-d3g/The.X-Files.S08E07.Via.Negativa.1080p.BluRay.10Bit.Dts-HDMa5.1.HEVC-d3g.mkv153,1080,1920,0,34,542,342,34,156464,0.075,"[[[0.14509805 0.14509805 0.15294118]  [0.14509805 0.14509805 0.15294118]  [0.14509805 0.14509805 0.15294118]  ...  [0.45490196 0.3372549  0.3137255 ]  [0.45490196 0.3372549  0.3137255 ]  [0.45490196 0.3372549  0.3137255 ]] [[0.14509805 0.14509805 0.15294118]  [0.14509805 0.14509805 0.15294118]  [0.14509805 0.14509805 0.15294118]  ...  [0.45490196 0.3372549  0.3137255 ]  [0.45490196 0.3372549  0.3137255 ]  [0.45490196 0.3372549  0.3137255 ]] [[0.14509805 0.14509805 0.15294118]  [0.14509805 0.14509805 0.15294118]  [0.14509805 0.14509805 0.15294118]  ...  [0.45490196 0.3372549  0.3137255 ]  [0.45490196 0.3372549  0.3137255 ]  [0.45490196 0.3372549  0.3137255 ]] ... [[0.1764706  0.12941177 0.12156863]  [0.1764706  0.12941177 0.12156863]  [0.1764706  0.12941177 0.12156863]  ...  [0.7647059  0.627451   0.5882353 ]  [0.7647059  0.627451   0.5882353 ]  [0.7647059  0.627451   0.5882353 ]] [[0.1764706  0.12941177 0.12156863]  [0.1764706  0.12941177 0.12156863]  [0.1764706  0.12941177 0.12156863]  ...  [0.7647059  0.627451   0.5882353 ]  [0.7647059  0.627451   0.5882353 ]  [0.7647059  0.627451   0.5882353 ]] [[0.1764706  0.12941177 0.12156863]  [0.1764706  0.12941177 0.12156863]  [0.1764706  0.12941177 0.12156863]  ...  [0.7647059  0.627451   0.5882353 ]  [0.7647059  0.627451   0.5882353 ]  [0.7647059  0.627451   0.5882353 ]]]",2.6674650570494123,13272,/home/amos/media/tv/The X-Files S01-S11 BluRay 10Bit 1080p Dts-HDMa5 1 HEVC-d3g/The X-Files S08 br 10bit dts hevc-d3g/The.X-Files.S08E07.Via.Negativa.1080p.BluRay.10Bit.Dts-HDMa5.1.HEVC-d3g.mkv154,1080,1920,0,68,975,396,68,297496,0.143,"[[[0.5647059  0.49803922 0.4862745 ]  [0.5647059  0.49803922 0.4862745 ]  [0.5686275  0.5019608  0.49019608]  ...  [0.84313726 0.75686276 0.7372549 ]  [0.83137256 0.74509805 0.7254902 ]  [0.83137256 0.74509805 0.7254902 ]] [[0.5647059  0.49803922 0.4862745 ]  [0.5647059  0.49803922 0.4862745 ]  [0.5686275  0.5019608  0.49019608]  ...  [0.84313726 0.75686276 0.7372549 ]  [0.83137256 0.74509805 0.7254902 ]  [0.83137256 0.74509805 0.7254902 ]] [[0.5647059  0.49803922 0.48235294]  [0.5647059  0.49803922 0.48235294]  [0.5647059  0.49803922 0.4862745 ]  ...  [0.8352941  0.7529412  0.7294118 ]  [0.827451   0.7411765  0.72156864]  [0.827451   0.7411765  0.72156864]] ... [[0.85882354 0.76862746 0.7490196 ]  [0.85882354 0.76862746 0.7490196 ]  [0.8627451  0.76862746 0.7529412 ]  ...  [0.54901963 0.41960785 0.3529412 ]  [0.54901963 0.41960785 0.35686275]  [0.54901963 0.41960785 0.35686275]] [[0.85882354 0.76862746 0.7490196 ]  [0.85882354 0.76862746 0.7490196 ]  [0.85882354 0.76862746 0.7490196 ]  ...  [0.5529412  0.42352942 0.36078432]  [0.5529412  0.42352942 0.36078432]  [0.5529412  0.42352942 0.36078432]] [[0.85882354 0.76862746 0.7490196 ]  [0.85882354 0.76862746 0.7490196 ]  [0.85882354 0.76862746 0.7490196 ]  ...  [0.5529412  0.42352942 0.36078432]  [0.5529412  0.42352942 0.36078432]  [0.5529412  0.42352942 0.36078432]]]",3.197678066964727,13368,/home/amos/media/tv/The X-Files S01-S11 BluRay 10Bit 1080p Dts-HDMa5 1 HEVC-d3g/The X-Files S08 br 10bit dts hevc-d3g/The.X-Files.S08E07.Via.Negativa.1080p.BluRay.10Bit.Dts-HDMa5.1.HEVC-d3g.mkv155,1080,1920,0,337,152,993,337,121360,0.059,"[[[0.02745098 0.         0.        ]  [0.03137255 0.         0.        ]  [0.03137255 0.         0.        ]  ...  [0.01568628 0.         0.00392157]  [0.01568628 0.         0.00392157]  [0.01568628 0.         0.00392157]] [[0.02745098 0.         0.        ]  [0.03137255 0.         0.        ]  [0.03137255 0.         0.        ]  ...  [0.01568628 0.         0.00392157]  [0.01568628 0.         0.00392157]  [0.01568628 0.         0.00392157]] [[0.02745098 0.         0.        ]  [0.03137255 0.         0.        ]  [0.03137255 0.         0.        ]  ...  [0.01568628 0.         0.00392157]  [0.01568628 0.         0.00392157]  [0.01568628 0.         0.00392157]] ... [[0.00784314 0.         0.00392157]  [0.01176471 0.         0.00784314]  [0.01176471 0.         0.00784314]  ...  [0.01960784 0.         0.        ]  [0.01960784 0.         0.        ]  [0.01960784 0.         0.        ]] [[0.00784314 0.         0.00392157]  [0.01176471 0.         0.00784314]  [0.01176471 0.         0.00784314]  ...  [0.01960784 0.         0.        ]  [0.01960784 0.         0.        ]  [0.01960784 0.         0.        ]] [[0.00784314 0.         0.00392157]  [0.01176471 0.         0.00784314]  [0.01176471 0.         0.00784314]  ...  [0.01960784 0.         0.        ]  [0.01960784 0.         0.        ]  [0.01960784 0.         0.        ]]]",3.665900068124756,13464,/home/amos/media/tv/The X-Files S01-S11 BluRay 10Bit 1080p Dts-HDMa5 1 HEVC-d3g/The X-Files S08 br 10bit dts hevc-d3g/The.X-Files.S08E07.Via.Negativa.1080p.BluRay.10Bit.Dts-HDMa5.1.HEVC-d3g.mkv156,1080,1920,0,164,204,752,164,23520,0.011,"[[[0.08235294 0.04313726 0.03137255]  [0.08235294 0.04313726 0.03137255]  [0.08235294 0.03921569 0.03137255]  ...  [0.08627451 0.05098039 0.03137255]  [0.08235294 0.04705882 0.03137255]  [0.08235294 0.04705882 0.02745098]] [[0.08235294 0.04313726 0.03137255]  [0.08235294 0.04313726 0.03137255]  [0.08235294 0.04313726 0.03137255]  ...  [0.08627451 0.05098039 0.03137255]  [0.08235294 0.05098039 0.03137255]  [0.08235294 0.04705882 0.02745098]] [[0.08235294 0.04313726 0.03137255]  [0.08235294 0.04313726 0.03137255]  [0.08235294 0.04313726 0.03137255]  ...  [0.08235294 0.04705882 0.03137255]  [0.08235294 0.04705882 0.02745098]  [0.08235294 0.04705882 0.02745098]] ... [[0.09803922 0.05098039 0.03529412]  [0.09803922 0.05098039 0.03529412]  [0.10588235 0.05490196 0.03921569]  ...  [0.10588235 0.07843138 0.05490196]  [0.10588235 0.07843138 0.05490196]  [0.10588235 0.07843138 0.05490196]] [[0.09803922 0.05098039 0.03529412]  [0.10196079 0.05098039 0.03529412]  [0.10196079 0.05490196 0.03921569]  ...  [0.10588235 0.07843138 0.05490196]  [0.10588235 0.07843138 0.05490196]  [0.10588235 0.07843138 0.05490196]] [[0.09803922 0.05098039 0.03529412]  [0.09803922 0.05490196 0.03921569]  [0.10588235 0.05490196 0.03921569]  ...  [0.10588235 0.07843138 0.05490196]  [0.10588235 0.07843138 0.05490196]  [0.10588235 0.07843138 0.05490196]]]",2.5609460886917077,13632,/home/amos/media/tv/The X-Files S01-S11 BluRay 10Bit 1080p Dts-HDMa5 1 HEVC-d3g/The X-Files S08 br 10bit dts hevc-d3g/The.X-Files.S08E07.Via.Negativa.1080p.BluRay.10Bit.Dts-HDMa5.1.HEVC-d3g.mkv157,1080,1920,0,257,146,1062,257,89355,0.043,"[[[0.06666667 0.02745098 0.02352941]  [0.0627451  0.02352941 0.01960784]  [0.0627451  0.02352941 0.01568628]  ...  [0.08235294 0.03529412 0.01960784]  [0.09411765 0.04705882 0.03137255]  [0.10196079 0.05490196 0.03921569]] [[0.07058824 0.03137255 0.02745098]  [0.0627451  0.02352941 0.01960784]  [0.05098039 0.01176471 0.00784314]  ...  [0.08235294 0.03529412 0.01960784]  [0.09803922 0.05098039 0.03529412]  [0.09803922 0.05098039 0.03529412]] [[0.06666667 0.02745098 0.02352941]  [0.0627451  0.02352941 0.01960784]  [0.04705882 0.00784314 0.00392157]  ...  [0.09019608 0.04313726 0.02745098]  [0.09803922 0.05098039 0.03529412]  [0.09803922 0.05098039 0.03529412]] ... [[0.07450981 0.03529412 0.02352941]  [0.06666667 0.02745098 0.01568628]  [0.07058824 0.02352941 0.01568628]  ...  [0.10196079 0.05490196 0.03921569]  [0.09019608 0.04313726 0.02745098]  [0.08627451 0.03921569 0.02352941]] [[0.07058824 0.03137255 0.01960784]  [0.07058824 0.02745098 0.01568628]  [0.07058824 0.02352941 0.01568628]  ...  [0.09411765 0.04705882 0.03137255]  [0.09411765 0.04705882 0.02745098]  [0.09411765 0.04705882 0.03137255]] [[0.07843138 0.03137255 0.02352941]  [0.07843138 0.03137255 0.02352941]  [0.07450981 0.02745098 0.01960784]  ...  [0.08627451 0.03921569 0.02352941]  [0.09019608 0.04313726 0.02745098]  [0.09411765 0.04705882 0.03137255]]]",0.8175250077038072,13992,/home/amos/media/tv/The X-Files S01-S11 BluRay 10Bit 1080p Dts-HDMa5 1 HEVC-d3g/The X-Files S08 br 10bit dts hevc-d3g/The.X-Files.S08E07.Via.Negativa.1080p.BluRay.10Bit.Dts-HDMa5.1.HEVC-d3g.mkv158,1080,1920,0,81,66,928,81,12705,0.006,"[[[0.34901962 0.2        0.1882353 ]  [0.34901962 0.19607843 0.18431373]  [0.3372549  0.1882353  0.1764706 ]  ...  [0.87058824 0.87058824 0.77254903]  [0.8509804  0.8627451  0.7647059 ]  [0.8509804  0.8627451  0.7647059 ]] [[0.34901962 0.2        0.1882353 ]  [0.34901962 0.2        0.1882353 ]  [0.3372549  0.1882353  0.1764706 ]  ...  [0.87058824 0.87058824 0.77254903]  [0.85490197 0.8627451  0.7647059 ]  [0.8509804  0.8627451  0.7647059 ]] [[0.36862746 0.21960784 0.20784314]  [0.3647059  0.21568628 0.20392157]  [0.34901962 0.2        0.1882353 ]  ...  [0.8784314  0.8784314  0.78039217]  [0.8627451  0.8745098  0.77254903]  [0.8627451  0.87058824 0.77254903]] ... [[0.26666668 0.15294118 0.14509805]  [0.26666668 0.15294118 0.14509805]  [0.27450982 0.16078432 0.15294118]  ...  [0.52156866 0.39607844 0.38039216]  [0.52156866 0.39215687 0.3764706 ]  [0.52156866 0.39215687 0.3764706 ]] [[0.26666668 0.15294118 0.14509805]  [0.26666668 0.15294118 0.14509805]  [0.27450982 0.16078432 0.15294118]  ...  [0.5254902  0.4        0.38431373]  [0.5254902  0.4        0.38431373]  [0.5254902  0.4        0.38431373]] [[0.26666668 0.15294118 0.14509805]  [0.26666668 0.15294118 0.14509805]  [0.27450982 0.16078432 0.15294118]  ...  [0.5254902  0.4        0.38431373]  [0.5254902  0.4        0.38431373]  [0.5254902  0.4        0.38431373]]]",3.4147991195204668,14424,/home/amos/media/tv/The X-Files S01-S11 BluRay 10Bit 1080p Dts-HDMa5 1 HEVC-d3g/The X-Files S08 br 10bit dts hevc-d3g/The.X-Files.S08E07.Via.Negativa.1080p.BluRay.10Bit.Dts-HDMa5.1.HEVC-d3g.mkv159,1080,1920,0,239,511,1182,239,256496,0.124,"[[[0.3372549  0.19215687 0.16470589]  [0.32156864 0.1764706  0.14901961]  [0.32941177 0.18431373 0.15686275]  ...  [0.3254902  0.1764706  0.14117648]  [0.34117648 0.1882353  0.15294118]  [0.3372549  0.1882353  0.15294118]] [[0.33333334 0.1882353  0.16078432]  [0.3254902  0.18039216 0.15294118]  [0.31764707 0.17254902 0.14509805]  ...  [0.30980393 0.16078432 0.1254902 ]  [0.31764707 0.16862746 0.13333334]  [0.3254902  0.1764706  0.14117648]] [[0.33333334 0.1882353  0.16078432]  [0.3372549  0.19215687 0.16470589]  [0.34509805 0.2        0.17254902]  ...  [0.3137255  0.16078432 0.12941177]  [0.3137255  0.16078432 0.12941177]  [0.31764707 0.16470589 0.13725491]] ... [[0.34117648 0.20392157 0.1764706 ]  [0.34117648 0.20392157 0.1764706 ]  [0.37254903 0.21568628 0.19215687]  ...  [0.10980392 0.06666667 0.04705882]  [0.11764706 0.07058824 0.05098039]  [0.1254902  0.07843138 0.05882353]] [[0.34117648 0.20784314 0.18039216]  [0.3372549  0.2        0.17254902]  [0.36862746 0.20784314 0.18431373]  ...  [0.10980392 0.0627451  0.04313726]  [0.11764706 0.07058824 0.05098039]  [0.11764706 0.07058824 0.05098039]] [[0.36078432 0.23137255 0.20392157]  [0.36078432 0.22745098 0.2       ]  [0.37254903 0.21960784 0.19607843]  ...  [0.10588235 0.05882353 0.03921569]  [0.10980392 0.0627451  0.04313726]  [0.10980392 0.0627451  0.04313726]]]",2.9755311509943567,14568,/home/amos/media/tv/The X-Files S01-S11 BluRay 10Bit 1080p Dts-HDMa5 1 HEVC-d3g/The X-Files S08 br 10bit dts hevc-d3g/The.X-Files.S08E07.Via.Negativa.1080p.BluRay.10Bit.Dts-HDMa5.1.HEVC-d3g.mkv160,1080,1920,0,109,697,815,109,415128,0.2,"[[[0.19215687 0.16470589 0.16862746]  [0.1882353  0.16470589 0.16862746]  [0.18431373 0.16470589 0.16862746]  ...  [0.07058824 0.03921569 0.03137255]  [0.07058824 0.03921569 0.03137255]  [0.07058824 0.03921569 0.03137255]] [[0.19215687 0.16862746 0.17254902]  [0.19215687 0.16862746 0.17254902]  [0.1882353  0.16470589 0.17254902]  ...  [0.07058824 0.03921569 0.03137255]  [0.07058824 0.03921569 0.03137255]  [0.07058824 0.03921569 0.03137255]] [[0.2        0.17254902 0.1764706 ]  [0.19607843 0.17254902 0.1764706 ]  [0.19215687 0.16862746 0.1764706 ]  ...  [0.07058824 0.03921569 0.03137255]  [0.07058824 0.03921569 0.03137255]  [0.07058824 0.03921569 0.03137255]] ... [[0.12941177 0.11372549 0.11372549]  [0.13333334 0.11372549 0.11372549]  [0.13333334 0.11764706 0.11764706]  ...  [0.16862746 0.16470589 0.19607843]  [0.16078432 0.15686275 0.19215687]  [0.16078432 0.15686275 0.1882353 ]] [[0.13333334 0.11372549 0.11372549]  [0.13725491 0.11764706 0.11764706]  [0.13725491 0.12156863 0.12156863]  ...  [0.15686275 0.14901961 0.18039216]  [0.15294118 0.14901961 0.18039216]  [0.15294118 0.14901961 0.18039216]] [[0.13725491 0.11764706 0.11764706]  [0.13725491 0.11764706 0.11764706]  [0.14117648 0.12156863 0.12156863]  ...  [0.14901961 0.14509805 0.1764706 ]  [0.14901961 0.14509805 0.1764706 ]  [0.14901961 0.14509805 0.1764706 ]]]",2.506830040772911,15192,/home/amos/media/tv/The X-Files S01-S11 BluRay 10Bit 1080p Dts-HDMa5 1 HEVC-d3g/The X-Files S08 br 10bit dts hevc-d3g/The.X-Files.S08E07.Via.Negativa.1080p.BluRay.10Bit.Dts-HDMa5.1.HEVC-d3g.mkv161,1080,1920,0,57,297,1559,57,360480,0.174,"[[[0.18039216 0.15294118 0.12941177]  [0.18039216 0.15294118 0.12941177]  [0.1764706  0.15294118 0.12941177]  ...  [0.19607843 0.16862746 0.14509805]  [0.2        0.17254902 0.14901961]  [0.2        0.17254902 0.14901961]] [[0.18039216 0.15294118 0.12941177]  [0.18039216 0.15294118 0.12941177]  [0.1764706  0.15294118 0.12941177]  ...  [0.19607843 0.16862746 0.14509805]  [0.2        0.17254902 0.14901961]  [0.2        0.17254902 0.14901961]] [[0.18039216 0.15294118 0.12941177]  [0.18039216 0.15294118 0.12941177]  [0.1764706  0.14901961 0.12941177]  ...  [0.19607843 0.16862746 0.14509805]  [0.19607843 0.16862746 0.14509805]  [0.19607843 0.16862746 0.14509805]] ... [[0.10980392 0.07058824 0.06666667]  [0.10980392 0.07058824 0.06666667]  [0.10980392 0.07058824 0.06666667]  ...  [0.2627451  0.19607843 0.16078432]  [0.2627451  0.19607843 0.16078432]  [0.2627451  0.19607843 0.16078432]] [[0.10980392 0.07058824 0.06666667]  [0.10980392 0.07058824 0.06666667]  [0.10980392 0.07058824 0.06666667]  ...  [0.2627451  0.19607843 0.16078432]  [0.2627451  0.19607843 0.16078432]  [0.2627451  0.19607843 0.16078432]] [[0.10980392 0.07058824 0.06666667]  [0.10980392 0.07058824 0.06666667]  [0.10980392 0.07058824 0.06666667]  ...  [0.2627451  0.19607843 0.16078432]  [0.2627451  0.19607843 0.16078432]  [0.2627451  0.19607843 0.16078432]]]",5.596533165720757,16128,/home/amos/media/tv/The X-Files S01-S11 BluRay 10Bit 1080p Dts-HDMa5 1 HEVC-d3g/The X-Files S08 br 10bit dts hevc-d3g/The.X-Files.S08E07.Via.Negativa.1080p.BluRay.10Bit.Dts-HDMa5.1.HEVC-d3g.mkv162,1080,1920,0,52,317,1552,52,397500,0.192,"[[[0.17254902 0.15294118 0.14901961]  [0.17254902 0.15294118 0.14901961]  [0.17254902 0.15294118 0.14901961]  ...  [0.27058825 0.25490198 0.22352941]  [0.27450982 0.25882354 0.22745098]  [0.27450982 0.25882354 0.22745098]] [[0.17254902 0.15294118 0.14901961]  [0.17254902 0.15294118 0.14901961]  [0.17254902 0.15294118 0.14901961]  ...  [0.27058825 0.25490198 0.22352941]  [0.27450982 0.25882354 0.22745098]  [0.27450982 0.25882354 0.22745098]] [[0.17254902 0.15294118 0.14901961]  [0.17254902 0.15294118 0.14901961]  [0.17254902 0.14901961 0.14901961]  ...  [0.26666668 0.2509804  0.21960784]  [0.27058825 0.25490198 0.22352941]  [0.27058825 0.25490198 0.22352941]] ... [[0.08235294 0.05490196 0.04705882]  [0.08235294 0.05490196 0.04705882]  [0.08235294 0.05490196 0.04705882]  ...  [0.3764706  0.30980393 0.23921569]  [0.3764706  0.30980393 0.24313726]  [0.3764706  0.30980393 0.24313726]] [[0.08235294 0.05490196 0.04705882]  [0.08235294 0.05490196 0.04705882]  [0.08235294 0.05490196 0.04705882]  ...  [0.37254903 0.30588236 0.23921569]  [0.3764706  0.30980393 0.24313726]  [0.3764706  0.30980393 0.24313726]] [[0.08235294 0.05490196 0.04705882]  [0.08235294 0.05490196 0.04705882]  [0.08235294 0.05490196 0.04705882]  ...  [0.37254903 0.30588236 0.23921569]  [0.3764706  0.30980393 0.24313726]  [0.3764706  0.30980393 0.24313726]]]",5.375606138841249,16152,/home/amos/media/tv/The X-Files S01-S11 BluRay 10Bit 1080p Dts-HDMa5 1 HEVC-d3g/The X-Files S08 br 10bit dts hevc-d3g/The.X-Files.S08E07.Via.Negativa.1080p.BluRay.10Bit.Dts-HDMa5.1.HEVC-d3g.mkv163,1080,1920,0,274,158,1091,274,94772,0.046,"[[[0.16078432 0.14901961 0.13725491]  [0.15686275 0.14509805 0.13333334]  [0.15686275 0.14509805 0.13333334]  ...  [0.10196079 0.09019608 0.08235294]  [0.09019608 0.08235294 0.07450981]  [0.08235294 0.07450981 0.06666667]] [[0.16078432 0.14901961 0.13333334]  [0.15686275 0.14509805 0.13333334]  [0.15294118 0.14509805 0.12941177]  ...  [0.08627451 0.07450981 0.06666667]  [0.07450981 0.06666667 0.05882353]  [0.08235294 0.07450981 0.06666667]] [[0.16078432 0.14509805 0.13333334]  [0.16078432 0.14509805 0.13333334]  [0.15686275 0.14117648 0.12941177]  ...  [0.07843138 0.06666667 0.05882353]  [0.07058824 0.05882353 0.05490196]  [0.08235294 0.07058824 0.06666667]] ... [[0.22745098 0.20784314 0.21960784]  [0.22745098 0.20784314 0.21960784]  [0.22745098 0.20784314 0.21568628]  ...  [0.09411765 0.07843138 0.08235294]  [0.09803922 0.08235294 0.08627451]  [0.09803922 0.08235294 0.08627451]] [[0.22352941 0.20392157 0.21568628]  [0.22745098 0.20784314 0.21960784]  [0.22352941 0.20392157 0.21568628]  ...  [0.10980392 0.09411765 0.10196079]  [0.10980392 0.09411765 0.09803922]  [0.10196079 0.08627451 0.09411765]] [[0.20392157 0.18431373 0.19607843]  [0.2        0.18039216 0.19215687]  [0.1882353  0.16862746 0.18039216]  ...  [0.13333334 0.11372549 0.1254902 ]  [0.13333334 0.11372549 0.1254902 ]  [0.12156863 0.10196079 0.11372549]]]",4.809962097264361,16176,/home/amos/media/tv/The X-Files S01-S11 BluRay 10Bit 1080p Dts-HDMa5 1 HEVC-d3g/The X-Files S08 br 10bit dts hevc-d3g/The.X-Files.S08E07.Via.Negativa.1080p.BluRay.10Bit.Dts-HDMa5.1.HEVC-d3g.mkv164,1080,1920,1,53,369,1406,53,427548,0.206,"[[[0.4745098  0.42745098 0.4117647 ]  [0.4745098  0.42745098 0.4117647 ]  [0.47058824 0.42352942 0.40784314]  ...  [0.18039216 0.14901961 0.12156863]  [0.18039216 0.14901961 0.12156863]  [0.18039216 0.14901961 0.12156863]] [[0.4745098  0.42745098 0.4117647 ]  [0.4745098  0.42745098 0.4117647 ]  [0.47058824 0.42352942 0.40784314]  ...  [0.18039216 0.14901961 0.12156863]  [0.18039216 0.14901961 0.12156863]  [0.18039216 0.14901961 0.12156863]] [[0.4745098  0.42745098 0.4117647 ]  [0.4745098  0.42745098 0.4117647 ]  [0.47058824 0.42352942 0.40784314]  ...  [0.1764706  0.14509805 0.11764706]  [0.1764706  0.14901961 0.11764706]  [0.1764706  0.14901961 0.11764706]] ... [[0.22745098 0.1764706  0.16470589]  [0.22745098 0.1764706  0.16470589]  [0.22745098 0.1764706  0.16078432]  ...  [0.15686275 0.10588235 0.08235294]  [0.15686275 0.10588235 0.08235294]  [0.15686275 0.10588235 0.08235294]] [[0.22745098 0.1764706  0.16078432]  [0.22745098 0.1764706  0.16078432]  [0.22745098 0.17254902 0.16078432]  ...  [0.15686275 0.10588235 0.08235294]  [0.15686275 0.10588235 0.08235294]  [0.15686275 0.10588235 0.08235294]] [[0.22745098 0.1764706  0.16078432]  [0.22745098 0.1764706  0.16078432]  [0.22745098 0.1764706  0.16078432]  ...  [0.15686275 0.10588235 0.08235294]  [0.15686275 0.10588235 0.08235294]  [0.15686275 0.10588235 0.08235294]]]",4.271183091856074,16176,/home/amos/media/tv/The X-Files S01-S11 BluRay 10Bit 1080p Dts-HDMa5 1 HEVC-d3g/The X-Files S08 br 10bit dts hevc-d3g/The.X-Files.S08E07.Via.Negativa.1080p.BluRay.10Bit.Dts-HDMa5.1.HEVC-d3g.mkv165,1080,1920,0,205,168,758,205,20461,0.01,"[[[0.19607843 0.10588235 0.09019608]  [0.2        0.10980392 0.09411765]  [0.20784314 0.11764706 0.09803922]  ...  [0.35686275 0.32156864 0.29803923]  [0.35686275 0.32156864 0.29803923]  [0.3647059  0.32941177 0.30588236]] [[0.19607843 0.10588235 0.09019608]  [0.2        0.10980392 0.09411765]  [0.21176471 0.12156863 0.10196079]  ...  [0.36078432 0.3254902  0.3019608 ]  [0.35686275 0.32156864 0.29803923]  [0.35686275 0.32156864 0.29803923]] [[0.19607843 0.10588235 0.09019608]  [0.19607843 0.10588235 0.09019608]  [0.21176471 0.12156863 0.10196079]  ...  [0.39215687 0.35686275 0.33333334]  [0.36862746 0.33333334 0.30980393]  [0.35686275 0.32156864 0.29803923]] ... [[0.14509805 0.07058824 0.06666667]  [0.14509805 0.07058824 0.06666667]  [0.14901961 0.07843138 0.05882353]  ...  [0.26666668 0.21176471 0.18431373]  [0.20392157 0.14509805 0.11764706]  [0.16862746 0.10980392 0.07450981]] [[0.14509805 0.07058824 0.06666667]  [0.14509805 0.07058824 0.06666667]  [0.14901961 0.07843138 0.05882353]  ...  [0.25882354 0.20392157 0.1764706 ]  [0.19607843 0.14117648 0.11372549]  [0.17254902 0.11372549 0.07843138]] [[0.14509805 0.07058824 0.06666667]  [0.14509805 0.07058824 0.06666667]  [0.14901961 0.07843138 0.05882353]  ...  [0.24705882 0.19215687 0.16470589]  [0.1882353  0.13333334 0.10588235]  [0.16862746 0.10980392 0.07450981]]]",5.788680080673657,16248,/home/amos/media/tv/The X-Files S01-S11 BluRay 10Bit 1080p Dts-HDMa5 1 HEVC-d3g/The X-Files S08 br 10bit dts hevc-d3g/The.X-Files.S08E07.Via.Negativa.1080p.BluRay.10Bit.Dts-HDMa5.1.HEVC-d3g.mkv166,1080,1920,0,190,232,577,190,16254,0.008,"[[[0.3764706  0.3372549  0.30980393]  [0.3647059  0.3254902  0.29803923]  [0.34509805 0.30588236 0.28235295]  ...  [0.17254902 0.16078432 0.14117648]  [0.1764706  0.16078432 0.14901961]  [0.         0.         0.        ]] [[0.36862746 0.32941177 0.3019608 ]  [0.36078432 0.32156864 0.29803923]  [0.3372549  0.29803923 0.27450982]  ...  [0.1764706  0.16078432 0.14509805]  [0.1764706  0.16078432 0.14901961]  [0.         0.         0.        ]] [[0.3647059  0.3254902  0.29411766]  [0.3529412  0.3137255  0.2901961 ]  [0.3254902  0.28627452 0.2627451 ]  ...  [0.1764706  0.16470589 0.14509805]  [0.1764706  0.16078432 0.14901961]  [0.         0.         0.        ]] ... [[0.03529412 0.01176471 0.02352941]  [0.03529412 0.01176471 0.02745098]  [0.03529412 0.01176471 0.02745098]  ...  [0.21960784 0.20784314 0.20392157]  [0.21960784 0.20784314 0.20392157]  [0.         0.         0.        ]] [[0.03529412 0.01176471 0.02352941]  [0.03529412 0.01176471 0.02745098]  [0.03529412 0.01176471 0.02745098]  ...  [0.21960784 0.20784314 0.20392157]  [0.21960784 0.20784314 0.20392157]  [0.         0.         0.        ]] [[0.         0.         0.        ]  [0.         0.         0.        ]  [0.         0.         0.        ]  ...  [0.         0.         0.        ]  [0.         0.         0.        ]  [0.         0.         0.        ]]]",6.0330600358429365,16272,/home/amos/media/tv/The X-Files S01-S11 BluRay 10Bit 1080p Dts-HDMa5 1 HEVC-d3g/The X-Files S08 br 10bit dts hevc-d3g/The.X-Files.S08E07.Via.Negativa.1080p.BluRay.10Bit.Dts-HDMa5.1.HEVC-d3g.mkv167,1080,1920,1,297,226,787,297,34790,0.017,"[[[0.16862746 0.15686275 0.14901961]  [0.1764706  0.16470589 0.15686275]  [0.18431373 0.17254902 0.16470589]  ...  [0.09411765 0.04313726 0.04313726]  [0.10980392 0.05098039 0.05490196]  [0.1254902  0.0627451  0.0627451 ]] [[0.16862746 0.15686275 0.14901961]  [0.17254902 0.16078432 0.15294118]  [0.18039216 0.16862746 0.16078432]  ...  [0.09803922 0.04313726 0.04313726]  [0.10980392 0.05098039 0.05490196]  [0.12156863 0.05882353 0.0627451 ]] [[0.16862746 0.15686275 0.14901961]  [0.16862746 0.15686275 0.14901961]  [0.17254902 0.16078432 0.15294118]  ...  [0.09803922 0.04313726 0.04313726]  [0.10980392 0.05098039 0.05490196]  [0.11764706 0.05490196 0.05882353]] ... [[0.16470589 0.14901961 0.15294118]  [0.16862746 0.15294118 0.15294118]  [0.1764706  0.16078432 0.16078432]  ...  [0.09411765 0.08627451 0.07843138]  [0.09019608 0.08235294 0.07843138]  [0.09019608 0.08235294 0.07843138]] [[0.16862746 0.15294118 0.15686275]  [0.17254902 0.15686275 0.16078432]  [0.17254902 0.15686275 0.16078432]  ...  [0.09019608 0.08235294 0.07843138]  [0.09019608 0.08235294 0.07843138]  [0.09019608 0.08235294 0.07843138]] [[0.1764706  0.16470589 0.16470589]  [0.1764706  0.16078432 0.16470589]  [0.16470589 0.14901961 0.15294118]  ...  [0.09019608 0.08235294 0.07843138]  [0.09019608 0.08235294 0.07843138]  [0.09019608 0.08235294 0.07843138]]]",3.213208039640449,16272,/home/amos/media/tv/The X-Files S01-S11 BluRay 10Bit 1080p Dts-HDMa5 1 HEVC-d3g/The X-Files S08 br 10bit dts hevc-d3g/The.X-Files.S08E07.Via.Negativa.1080p.BluRay.10Bit.Dts-HDMa5.1.HEVC-d3g.mkv168,1080,1920,2,57,898,719,57,556742,0.268,"[[[0.01960784 0.00784314 0.02352941]  [0.01960784 0.00784314 0.02352941]  [0.01960784 0.00784314 0.02352941]  ...  [0.03529412 0.02352941 0.03921569]  [0.03529412 0.02352941 0.03921569]  [0.03529412 0.02352941 0.03921569]] [[0.01960784 0.00784314 0.02352941]  [0.01960784 0.00784314 0.02352941]  [0.01960784 0.00784314 0.02352941]  ...  [0.03529412 0.02352941 0.03921569]  [0.03529412 0.02352941 0.03921569]  [0.03529412 0.02352941 0.03921569]] [[0.01960784 0.00784314 0.02352941]  [0.01960784 0.00784314 0.02352941]  [0.01960784 0.00784314 0.02352941]  ...  [0.03529412 0.02352941 0.03921569]  [0.03529412 0.02352941 0.03921569]  [0.03529412 0.02352941 0.03921569]] ... [[0.03137255 0.01960784 0.03137255]  [0.03137255 0.01960784 0.03137255]  [0.02745098 0.01960784 0.03137255]  ...  [0.01176471 0.00784314 0.01960784]  [0.01176471 0.00784314 0.01960784]  [0.01176471 0.00784314 0.01960784]] [[0.03137255 0.01960784 0.03137255]  [0.03137255 0.01960784 0.03137255]  [0.03137255 0.01960784 0.03137255]  ...  [0.01176471 0.00784314 0.01960784]  [0.01176471 0.00784314 0.01960784]  [0.01176471 0.00784314 0.01960784]] [[0.03137255 0.01960784 0.03137255]  [0.03137255 0.01960784 0.03137255]  [0.03137255 0.01960784 0.03137255]  ...  [0.01176471 0.00784314 0.01960784]  [0.01176471 0.00784314 0.01960784]  [0.01176471 0.00784314 0.01960784]]]",3.5354310157126747,16272,/home/amos/media/tv/The X-Files S01-S11 BluRay 10Bit 1080p Dts-HDMa5 1 HEVC-d3g/The X-Files S08 br 10bit dts hevc-d3g/The.X-Files.S08E07.Via.Negativa.1080p.BluRay.10Bit.Dts-HDMa5.1.HEVC-d3g.mkv169,1080,1920,0,368,214,1023,368,100870,0.049,"[[[0.12941177 0.11764706 0.10980392]  [0.1254902  0.10980392 0.10196079]  [0.11372549 0.09803922 0.09411765]  ...  [0.24705882 0.23137255 0.24705882]  [0.23921569 0.22352941 0.23921569]  [0.25882354 0.24313726 0.25882354]] [[0.13333334 0.12156863 0.11372549]  [0.1254902  0.10980392 0.10196079]  [0.11764706 0.10196079 0.09411765]  ...  [0.24705882 0.23137255 0.24705882]  [0.2509804  0.23529412 0.2509804 ]  [0.23921569 0.22745098 0.23921569]] [[0.14117648 0.12941177 0.12156863]  [0.13725491 0.12156863 0.11372549]  [0.1254902  0.10980392 0.09803922]  ...  [0.23529412 0.21960784 0.23529412]  [0.23137255 0.21568628 0.23137255]  [0.24705882 0.23137255 0.24705882]] ... [[0.07843138 0.0627451  0.0627451 ]  [0.08235294 0.07058824 0.06666667]  [0.08627451 0.07058824 0.07058824]  ...  [0.05882353 0.03921569 0.05098039]  [0.05882353 0.03921569 0.05098039]  [0.05882353 0.03921569 0.05098039]] [[0.07843138 0.06666667 0.06666667]  [0.08235294 0.07058824 0.07058824]  [0.09019608 0.07843138 0.07843138]  ...  [0.0627451  0.03921569 0.05098039]  [0.05490196 0.03529412 0.04705882]  [0.05098039 0.03137255 0.04313726]] [[0.08235294 0.07058824 0.07058824]  [0.08627451 0.07450981 0.07450981]  [0.08627451 0.07450981 0.07450981]  ...  [0.05882353 0.03921569 0.05098039]  [0.05490196 0.03529412 0.04705882]  [0.05098039 0.03137255 0.04313726]]]",7.298083150468301,16296,/home/amos/media/tv/The X-Files S01-S11 BluRay 10Bit 1080p Dts-HDMa5 1 HEVC-d3g/The X-Files S08 br 10bit dts hevc-d3g/The.X-Files.S08E07.Via.Negativa.1080p.BluRay.10Bit.Dts-HDMa5.1.HEVC-d3g.mkv170,1080,1920,0,391,170,1053,391,146302,0.071,"[[[0.14901961 0.13725491 0.13333334]  [0.12156863 0.10588235 0.09803922]  [0.10980392 0.09411765 0.08627451]  ...  [0.18431373 0.16862746 0.16078432]  [0.17254902 0.16078432 0.15294118]  [0.16862746 0.15686275 0.14901961]] [[0.14901961 0.13725491 0.12941177]  [0.13333334 0.11764706 0.10980392]  [0.1254902  0.10980392 0.10588235]  ...  [0.19607843 0.18039216 0.17254902]  [0.19607843 0.18431373 0.1764706 ]  [0.1882353  0.1764706  0.16862746]] [[0.15686275 0.14117648 0.13333334]  [0.14901961 0.13333334 0.1254902 ]  [0.1254902  0.10980392 0.10196079]  ...  [0.21960784 0.20392157 0.2       ]  [0.21176471 0.2        0.19607843]  [0.2        0.1882353  0.18431373]] ... [[0.25490198 0.24705882 0.24313726]  [0.28235295 0.27450982 0.27058825]  [0.30980393 0.29411766 0.29411766]  ...  [0.52156866 0.47058824 0.4627451 ]  [0.5411765  0.5019608  0.49019608]  [0.5882353  0.5803922  0.5882353 ]] [[0.24313726 0.22745098 0.22745098]  [0.27450982 0.2627451  0.2627451 ]  [0.30588236 0.2901961  0.29411766]  ...  [0.5137255  0.4627451  0.4627451 ]  [0.5254902  0.4862745  0.4862745 ]  [0.5764706  0.5686275  0.5686275 ]] [[0.2509804  0.23921569 0.23529412]  [0.27450982 0.26666668 0.2627451 ]  [0.3019608  0.2901961  0.29411766]  ...  [0.45882353 0.42352942 0.42352942]  [0.49411765 0.4627451  0.4627451 ]  [0.54509807 0.5294118  0.5372549 ]]]",8.072719997668173,16320,/home/amos/media/tv/The X-Files S01-S11 BluRay 10Bit 1080p Dts-HDMa5 1 HEVC-d3g/The X-Files S08 br 10bit dts hevc-d3g/The.X-Files.S08E07.Via.Negativa.1080p.BluRay.10Bit.Dts-HDMa5.1.HEVC-d3g.mkv171,1080,1920,1,147,304,629,147,75674,0.036,"[[[0.3019608  0.26666668 0.23921569]  [0.3019608  0.26666668 0.23921569]  [0.30588236 0.27058825 0.24313726]  ...  [0.1882353  0.13725491 0.12156863]  [0.18431373 0.13333334 0.11764706]  [0.18039216 0.12941177 0.11372549]] [[0.3019608  0.26666668 0.23921569]  [0.30588236 0.27058825 0.24313726]  [0.30980393 0.27450982 0.24705882]  ...  [0.1882353  0.13725491 0.12156863]  [0.18431373 0.13333334 0.11764706]  [0.18431373 0.13333334 0.11764706]] [[0.30588236 0.27058825 0.24313726]  [0.30588236 0.27058825 0.24313726]  [0.30980393 0.27450982 0.24705882]  ...  [0.1882353  0.13725491 0.12156863]  [0.1882353  0.13725491 0.12156863]  [0.1882353  0.13725491 0.12156863]] ... [[0.41960785 0.38431373 0.34901962]  [0.41568628 0.38039216 0.34509805]  [0.4117647  0.3764706  0.34117648]  ...  [0.3019608  0.1882353  0.16862746]  [0.30980393 0.19607843 0.1764706 ]  [0.3137255  0.2        0.18039216]] [[0.41960785 0.38431373 0.34901962]  [0.41568628 0.38039216 0.34509805]  [0.40784314 0.3764706  0.34117648]  ...  [0.3019608  0.1882353  0.16862746]  [0.30588236 0.19215687 0.17254902]  [0.30980393 0.19607843 0.1764706 ]] [[0.41960785 0.38431373 0.34901962]  [0.41568628 0.38039216 0.34509805]  [0.40784314 0.3764706  0.34117648]  ...  [0.30588236 0.19215687 0.17254902]  [0.30588236 0.19607843 0.17254902]  [0.30980393 0.19607843 0.1764706 ]]]",4.047782064357307,16320,/home/amos/media/tv/The X-Files S01-S11 BluRay 10Bit 1080p Dts-HDMa5 1 HEVC-d3g/The X-Files S08 br 10bit dts hevc-d3g/The.X-Files.S08E07.Via.Negativa.1080p.BluRay.10Bit.Dts-HDMa5.1.HEVC-d3g.mkv172,1080,1920,0,182,269,675,182,42891,0.021,"[[[0.2627451  0.23529412 0.21176471]  [0.27058825 0.24313726 0.21960784]  [0.2784314  0.25490198 0.22745098]  ...  [0.1764706  0.16470589 0.15686275]  [0.1882353  0.1764706  0.16862746]  [0.19607843 0.18431373 0.1764706 ]] [[0.2627451  0.23529412 0.21176471]  [0.27058825 0.24313726 0.22352941]  [0.28235295 0.25490198 0.23137255]  ...  [0.18039216 0.16862746 0.16078432]  [0.1882353  0.1764706  0.16862746]  [0.19607843 0.18431373 0.1764706 ]] [[0.2627451  0.23529412 0.21176471]  [0.27450982 0.24705882 0.22352941]  [0.28235295 0.25490198 0.23137255]  ...  [0.18431373 0.17254902 0.16470589]  [0.1882353  0.1764706  0.16862746]  [0.1882353  0.1764706  0.16862746]] ... [[0.45882353 0.4117647  0.39607844]  [0.45882353 0.41568628 0.39607844]  [0.45882353 0.4117647  0.39607844]  ...  [0.59607846 0.5764706  0.59607846]  [0.60784316 0.5882353  0.60784316]  [0.6156863  0.6039216  0.61960787]] [[0.4627451  0.41960785 0.40392157]  [0.45882353 0.41568628 0.4       ]  [0.4509804  0.4117647  0.39215687]  ...  [0.6        0.5803922  0.6       ]  [0.6117647  0.5921569  0.6117647 ]  [0.60784316 0.5921569  0.6117647 ]] [[0.46666667 0.42745098 0.40784314]  [0.45882353 0.41960785 0.4       ]  [0.44705883 0.40784314 0.3882353 ]  ...  [0.59607846 0.5764706  0.59607846]  [0.6117647  0.5921569  0.6117647 ]  [0.60784316 0.5882353  0.60784316]]]",7.953027167241089,16344,/home/amos/media/tv/The X-Files S01-S11 BluRay 10Bit 1080p Dts-HDMa5 1 HEVC-d3g/The X-Files S08 br 10bit dts hevc-d3g/The.X-Files.S08E07.Via.Negativa.1080p.BluRay.10Bit.Dts-HDMa5.1.HEVC-d3g.mkv173,1080,1920,0,251,94,833,251,91374,0.044,"[[[0.1764706  0.11372549 0.09411765]  [0.17254902 0.10980392 0.09019608]  [0.16862746 0.10588235 0.08627451]  ...  [0.23921569 0.20392157 0.18039216]  [0.23529412 0.19607843 0.17254902]  [0.22352941 0.1882353  0.16470589]] [[0.16862746 0.10588235 0.08627451]  [0.16862746 0.10588235 0.08627451]  [0.16470589 0.10196079 0.08235294]  ...  [0.24313726 0.20784314 0.18431373]  [0.24705882 0.21176471 0.1882353 ]  [0.24705882 0.21176471 0.1882353 ]] [[0.15686275 0.09411765 0.07450981]  [0.16078432 0.09803922 0.07843138]  [0.15686275 0.09411765 0.07450981]  ...  [0.24705882 0.21176471 0.1882353 ]  [0.2509804  0.21568628 0.19215687]  [0.25490198 0.21960784 0.19607843]] ... [[0.07058824 0.01960784 0.02352941]  [0.07450981 0.02352941 0.02745098]  [0.07450981 0.02352941 0.02745098]  ...  [0.24705882 0.16078432 0.12156863]  [0.24313726 0.15686275 0.11764706]  [0.24705882 0.16078432 0.12156863]] [[0.07058824 0.01960784 0.02352941]  [0.07450981 0.02352941 0.02745098]  [0.07450981 0.02352941 0.02745098]  ...  [0.24313726 0.15686275 0.11764706]  [0.23529412 0.15294118 0.10980392]  [0.24313726 0.15686275 0.11764706]] [[0.07058824 0.01960784 0.02352941]  [0.07450981 0.02352941 0.02745098]  [0.07450981 0.02352941 0.02745098]  ...  [0.23529412 0.14901961 0.10980392]  [0.22745098 0.14117648 0.10196079]  [0.23529412 0.14901961 0.10980392]]]",6.623796084779315,16392,/home/amos/media/tv/The X-Files S01-S11 BluRay 10Bit 1080p Dts-HDMa5 1 HEVC-d3g/The X-Files S08 br 10bit dts hevc-d3g/The.X-Files.S08E07.Via.Negativa.1080p.BluRay.10Bit.Dts-HDMa5.1.HEVC-d3g.mkv174,1080,1920,0,256,145,1206,256,105450,0.051,"[[[0.20784314 0.19215687 0.20392157]  [0.20392157 0.1882353  0.2       ]  [0.20392157 0.19215687 0.2       ]  ...  [0.13333334 0.09803922 0.08627451]  [0.12941177 0.09411765 0.08235294]  [0.11372549 0.07843138 0.06666667]] [[0.21176471 0.19607843 0.20784314]  [0.19607843 0.18431373 0.19215687]  [0.19607843 0.18431373 0.19215687]  ...  [0.1254902  0.09019608 0.07843138]  [0.12156863 0.08627451 0.07450981]  [0.10980392 0.07450981 0.0627451 ]] [[0.21176471 0.2        0.20784314]  [0.19607843 0.18431373 0.19215687]  [0.19215687 0.18039216 0.1882353 ]  ...  [0.12156863 0.08627451 0.07450981]  [0.11372549 0.07843138 0.06666667]  [0.10588235 0.07058824 0.05882353]] ... [[0.16470589 0.15294118 0.16470589]  [0.16470589 0.14901961 0.16078432]  [0.16078432 0.14509805 0.15686275]  ...  [0.08235294 0.07843138 0.09019608]  [0.08235294 0.07450981 0.09019608]  [0.08235294 0.07450981 0.09019608]] [[0.17254902 0.15686275 0.16862746]  [0.17254902 0.15686275 0.16862746]  [0.16470589 0.14901961 0.16078432]  ...  [0.08235294 0.07450981 0.09019608]  [0.08235294 0.07450981 0.09019608]  [0.08235294 0.07450981 0.09019608]] [[0.1764706  0.16078432 0.17254902]  [0.1764706  0.16078432 0.17254902]  [0.16470589 0.14901961 0.16078432]  ...  [0.08627451 0.07843138 0.09411765]  [0.08235294 0.07450981 0.09019608]  [0.08235294 0.07450981 0.09019608]]]",7.536727060272824,16464,/home/amos/media/tv/The X-Files S01-S11 BluRay 10Bit 1080p Dts-HDMa5 1 HEVC-d3g/The X-Files S08 br 10bit dts hevc-d3g/The.X-Files.S08E07.Via.Negativa.1080p.BluRay.10Bit.Dts-HDMa5.1.HEVC-d3g.mkv175,1080,1920,0,279,204,1172,279,66975,0.032,"[[[0.2        0.1882353  0.19215687]  [0.20392157 0.19607843 0.19607843]  [0.20784314 0.19607843 0.2       ]  ...  [0.21176471 0.14901961 0.13725491]  [0.1882353  0.14117648 0.1254902 ]  [0.18431373 0.13725491 0.12156863]] [[0.2        0.19215687 0.19215687]  [0.20784314 0.19607843 0.2       ]  [0.20784314 0.19607843 0.2       ]  ...  [0.21568628 0.15294118 0.14509805]  [0.1882353  0.13725491 0.12156863]  [0.18039216 0.13333334 0.11764706]] [[0.2        0.18431373 0.19215687]  [0.20784314 0.1882353  0.2       ]  [0.21176471 0.19215687 0.20392157]  ...  [0.21568628 0.15686275 0.14509805]  [0.19215687 0.14509805 0.12941177]  [0.18039216 0.13333334 0.11764706]] ... [[0.15294118 0.13333334 0.14509805]  [0.14901961 0.13333334 0.14117648]  [0.14509805 0.1254902  0.13725491]  ...  [0.06666667 0.04705882 0.0627451 ]  [0.07450981 0.05882353 0.07058824]  [0.08627451 0.06666667 0.08235294]] [[0.14117648 0.12156863 0.13333334]  [0.14509805 0.1254902  0.13725491]  [0.14509805 0.1254902  0.13725491]  ...  [0.06666667 0.05098039 0.0627451 ]  [0.07843138 0.05882353 0.07450981]  [0.09019608 0.07058824 0.08627451]] [[0.14117648 0.12156863 0.13333334]  [0.14509805 0.1254902  0.13725491]  [0.14509805 0.1254902  0.13725491]  ...  [0.06666667 0.05490196 0.06666667]  [0.08235294 0.06666667 0.07843138]  [0.09019608 0.07843138 0.09019608]]]",5.861524084932171,16488,/home/amos/media/tv/The X-Files S01-S11 BluRay 10Bit 1080p Dts-HDMa5 1 HEVC-d3g/The X-Files S08 br 10bit dts hevc-d3g/The.X-Files.S08E07.Via.Negativa.1080p.BluRay.10Bit.Dts-HDMa5.1.HEVC-d3g.mkv176,1080,1920,0,535,110,448,535,36975,0.018,"[[[0.10196079 0.08235294 0.08235294]  [0.10196079 0.08235294 0.08235294]  [0.10196079 0.08235294 0.08235294]  ...  [0.09803922 0.07843138 0.08627451]  [0.09019608 0.07058824 0.07843138]  [0.09803922 0.07843138 0.08627451]] [[0.10588235 0.08627451 0.08627451]  [0.09803922 0.07843138 0.07843138]  [0.10196079 0.08235294 0.08235294]  ...  [0.10588235 0.08235294 0.08627451]  [0.10196079 0.08235294 0.08627451]  [0.10196079 0.08235294 0.08627451]] [[0.10588235 0.08627451 0.09019608]  [0.10588235 0.08627451 0.08627451]  [0.10196079 0.08235294 0.08235294]  ...  [0.10980392 0.09019608 0.09411765]  [0.10980392 0.09019608 0.09411765]  [0.10196079 0.08235294 0.08627451]] ... [[0.20784314 0.19607843 0.18039216]  [0.18431373 0.16862746 0.16078432]  [0.21568628 0.2        0.19215687]  ...  [0.38431373 0.40392157 0.40392157]  [0.37254903 0.3882353  0.3882353 ]  [0.3137255  0.32941177 0.32941177]] [[0.19607843 0.18431373 0.17254902]  [0.20784314 0.19215687 0.18039216]  [0.22352941 0.20784314 0.19607843]  ...  [0.38431373 0.39607844 0.39607844]  [0.31764707 0.32156864 0.32941177]  [0.29411766 0.29803923 0.30980393]] [[0.20392157 0.1882353  0.17254902]  [0.21176471 0.19607843 0.18431373]  [0.21568628 0.2        0.1882353 ]  ...  [0.35686275 0.3647059  0.37254903]  [0.29411766 0.29411766 0.30980393]  [0.25882354 0.25882354 0.2784314 ]]]",5.292830092017539,16536,/home/amos/media/tv/The X-Files S01-S11 BluRay 10Bit 1080p Dts-HDMa5 1 HEVC-d3g/The X-Files S08 br 10bit dts hevc-d3g/The.X-Files.S08E07.Via.Negativa.1080p.BluRay.10Bit.Dts-HDMa5.1.HEVC-d3g.mkv177,1080,1920,0,368,141,1110,368,168434,0.081,"[[[0.1882353  0.20784314 0.24313726]  [0.19215687 0.21568628 0.24705882]  [0.1882353  0.21176471 0.24705882]  ...  [0.09019608 0.07058824 0.05490196]  [0.09019608 0.07058824 0.05882353]  [0.09019608 0.06666667 0.05882353]] [[0.1882353  0.21176471 0.24313726]  [0.18431373 0.20784314 0.23921569]  [0.1882353  0.21176471 0.24313726]  ...  [0.09411765 0.07450981 0.05882353]  [0.08627451 0.06666667 0.05490196]  [0.07843138 0.05882353 0.04705882]] [[0.1764706  0.2        0.22745098]  [0.17254902 0.19607843 0.22745098]  [0.17254902 0.19607843 0.22745098]  ...  [0.08627451 0.07058824 0.05490196]  [0.07450981 0.05490196 0.04313726]  [0.07843138 0.05882353 0.04705882]] ... [[0.13725491 0.12941177 0.14509805]  [0.12941177 0.1254902  0.14117648]  [0.12941177 0.12156863 0.13725491]  ...  [0.16078432 0.15294118 0.16470589]  [0.15686275 0.14901961 0.16078432]  [0.16078432 0.15294118 0.16470589]] [[0.14901961 0.14117648 0.15686275]  [0.13333334 0.1254902  0.14117648]  [0.1254902  0.11764706 0.13333334]  ...  [0.16078432 0.15294118 0.16862746]  [0.15686275 0.14901961 0.16078432]  [0.16078432 0.15686275 0.16470589]] [[0.14117648 0.12941177 0.14509805]  [0.13333334 0.1254902  0.14117648]  [0.13333334 0.1254902  0.14117648]  ...  [0.16470589 0.15686275 0.16862746]  [0.15294118 0.14509805 0.15686275]  [0.16078432 0.15294118 0.16470589]]]",5.529980067105498,16776,/home/amos/media/tv/The X-Files S01-S11 BluRay 10Bit 1080p Dts-HDMa5 1 HEVC-d3g/The X-Files S08 br 10bit dts hevc-d3g/The.X-Files.S08E07.Via.Negativa.1080p.BluRay.10Bit.Dts-HDMa5.1.HEVC-d3g.mkv178,1080,1920,0,338,179,1082,338,118296,0.057,"[[[0.1764706  0.19607843 0.22745098]  [0.18431373 0.20392157 0.23529412]  [0.19607843 0.21568628 0.24705882]  ...  [0.04705882 0.02745098 0.03137255]  [0.04313726 0.02352941 0.02745098]  [0.04313726 0.02352941 0.02745098]] [[0.17254902 0.19215687 0.22352941]  [0.1882353  0.20784314 0.23921569]  [0.19215687 0.21176471 0.24313726]  ...  [0.05098039 0.03137255 0.03529412]  [0.04313726 0.02352941 0.02745098]  [0.04313726 0.02352941 0.02745098]] [[0.16470589 0.18039216 0.21176471]  [0.16862746 0.1882353  0.21960784]  [0.1764706  0.19607843 0.22745098]  ...  [0.05098039 0.03137255 0.03529412]  [0.04705882 0.02745098 0.03137255]  [0.04705882 0.02745098 0.03137255]] ... [[0.12156863 0.11372549 0.12941177]  [0.11764706 0.10980392 0.1254902 ]  [0.12941177 0.12156863 0.13725491]  ...  [0.15294118 0.14901961 0.16078432]  [0.15294118 0.14901961 0.16078432]  [0.15686275 0.15294118 0.16470589]] [[0.12156863 0.11372549 0.12941177]  [0.11764706 0.10980392 0.1254902 ]  [0.1254902  0.11764706 0.13333334]  ...  [0.15294118 0.14901961 0.16078432]  [0.15294118 0.14901961 0.16078432]  [0.15294118 0.14901961 0.16078432]] [[0.12156863 0.11372549 0.12941177]  [0.11764706 0.10980392 0.1254902 ]  [0.1254902  0.11764706 0.13333334]  ...  [0.15294118 0.14901961 0.16078432]  [0.15294118 0.14901961 0.16078432]  [0.15294118 0.14901961 0.16078432]]]",7.807023191940971,16800,/home/amos/media/tv/The X-Files S01-S11 BluRay 10Bit 1080p Dts-HDMa5 1 HEVC-d3g/The X-Files S08 br 10bit dts hevc-d3g/The.X-Files.S08E07.Via.Negativa.1080p.BluRay.10Bit.Dts-HDMa5.1.HEVC-d3g.mkv179,1080,1920,0,332,181,1065,332,110683,0.053,"[[[0.17254902 0.19215687 0.22352941]  [0.18039216 0.2        0.23137255]  [0.18039216 0.2        0.23137255]  ...  [0.05098039 0.03137255 0.03137255]  [0.04313726 0.02352941 0.02352941]  [0.         0.         0.        ]] [[0.16078432 0.18039216 0.21176471]  [0.18039216 0.2        0.23137255]  [0.1764706  0.19607843 0.22745098]  ...  [0.05490196 0.03529412 0.03529412]  [0.04705882 0.02745098 0.02745098]  [0.         0.         0.        ]] [[0.15686275 0.1764706  0.20784314]  [0.17254902 0.19215687 0.22352941]  [0.19215687 0.21176471 0.24313726]  ...  [0.05098039 0.03137255 0.03137255]  [0.05098039 0.03137255 0.03137255]  [0.         0.         0.        ]] ... [[0.1254902  0.12941177 0.14901961]  [0.1254902  0.12941177 0.14901961]  [0.12941177 0.12941177 0.14901961]  ...  [0.16470589 0.15686275 0.17254902]  [0.16862746 0.16078432 0.1764706 ]  [0.         0.         0.        ]] [[0.12156863 0.12156863 0.14117648]  [0.12156863 0.12156863 0.14117648]  [0.1254902  0.1254902  0.14509805]  ...  [0.16078432 0.15294118 0.16862746]  [0.16078432 0.15294118 0.16862746]  [0.         0.         0.        ]] [[0.         0.         0.        ]  [0.         0.         0.        ]  [0.         0.         0.        ]  ...  [0.         0.         0.        ]  [0.         0.         0.        ]  [0.         0.         0.        ]]]",7.226934172853362,16824,/home/amos/media/tv/The X-Files S01-S11 BluRay 10Bit 1080p Dts-HDMa5 1 HEVC-d3g/The X-Files S08 br 10bit dts hevc-d3g/The.X-Files.S08E07.Via.Negativa.1080p.BluRay.10Bit.Dts-HDMa5.1.HEVC-d3g.mkv180,1080,1920,0,335,195,1080,335,104300,0.05,"[[[0.11764706 0.09411765 0.10588235]  [0.10196079 0.07843138 0.09019608]  [0.08627451 0.0627451  0.07450981]  ...  [0.04313726 0.02352941 0.02352941]  [0.04313726 0.02352941 0.02352941]  [0.03921569 0.01960784 0.01960784]] [[0.1254902  0.10196079 0.11372549]  [0.10196079 0.07843138 0.09019608]  [0.08235294 0.05882353 0.07058824]  ...  [0.04705882 0.02745098 0.02745098]  [0.04313726 0.02745098 0.02745098]  [0.03921569 0.01960784 0.01960784]] [[0.1254902  0.10196079 0.11372549]  [0.10196079 0.07843138 0.09019608]  [0.08627451 0.0627451  0.07450981]  ...  [0.05098039 0.03137255 0.03137255]  [0.04705882 0.02745098 0.02745098]  [0.04313726 0.02352941 0.02352941]] ... [[0.14117648 0.12156863 0.13725491]  [0.12156863 0.10196079 0.11764706]  [0.09019608 0.07058824 0.09019608]  ...  [0.15686275 0.15686275 0.16862746]  [0.16078432 0.16078432 0.17254902]  [0.16470589 0.16470589 0.1764706 ]] [[0.14509805 0.12156863 0.13725491]  [0.12156863 0.10196079 0.11764706]  [0.09411765 0.07450981 0.08627451]  ...  [0.15686275 0.15686275 0.16862746]  [0.16862746 0.16862746 0.18039216]  [0.16470589 0.16470589 0.1764706 ]] [[0.14901961 0.1254902  0.14117648]  [0.1254902  0.10196079 0.11764706]  [0.09411765 0.07058824 0.08627451]  ...  [0.15294118 0.15294118 0.16470589]  [0.16862746 0.16862746 0.18039216]  [0.15686275 0.15686275 0.16862746]]]",9.251771124196239,16848,/home/amos/media/tv/The X-Files S01-S11 BluRay 10Bit 1080p Dts-HDMa5 1 HEVC-d3g/The X-Files S08 br 10bit dts hevc-d3g/The.X-Files.S08E07.Via.Negativa.1080p.BluRay.10Bit.Dts-HDMa5.1.HEVC-d3g.mkv181,1080,1920,0,59,452,920,59,338373,0.163,"[[[0.04313726 0.03529412 0.04705882]  [0.04313726 0.03529412 0.04705882]  [0.03921569 0.03137255 0.04705882]  ...  [0.03921569 0.02745098 0.04705882]  [0.03921569 0.02745098 0.04705882]  [0.03921569 0.02745098 0.04705882]] [[0.04313726 0.03529412 0.04705882]  [0.04313726 0.03529412 0.04705882]  [0.04313726 0.03529412 0.04313726]  ...  [0.03921569 0.02745098 0.04705882]  [0.03921569 0.02745098 0.04705882]  [0.03921569 0.02745098 0.04705882]] [[0.04313726 0.03529412 0.04705882]  [0.04313726 0.03529412 0.04705882]  [0.03921569 0.03137255 0.04313726]  ...  [0.03921569 0.02745098 0.04705882]  [0.03921569 0.02745098 0.04705882]  [0.03921569 0.02745098 0.04705882]] ... [[0.08235294 0.07450981 0.09019608]  [0.08235294 0.07450981 0.09019608]  [0.08235294 0.07450981 0.09019608]  ...  [0.02352941 0.01568628 0.03137255]  [0.02352941 0.01568628 0.03137255]  [0.02352941 0.01568628 0.03137255]] [[0.08235294 0.07450981 0.09019608]  [0.08235294 0.07450981 0.09019608]  [0.08235294 0.07450981 0.09019608]  ...  [0.02352941 0.01568628 0.03137255]  [0.02352941 0.01568628 0.03137255]  [0.02352941 0.01568628 0.03137255]] [[0.08235294 0.07450981 0.09019608]  [0.08235294 0.07450981 0.09019608]  [0.08235294 0.07450981 0.09019608]  ...  [0.02352941 0.01568628 0.03137255]  [0.02352941 0.01568628 0.03137255]  [0.02352941 0.01568628 0.03137255]]]",2.5355650935671292,17040,/home/amos/media/tv/The X-Files S01-S11 BluRay 10Bit 1080p Dts-HDMa5 1 HEVC-d3g/The X-Files S08 br 10bit dts hevc-d3g/The.X-Files.S08E07.Via.Negativa.1080p.BluRay.10Bit.Dts-HDMa5.1.HEVC-d3g.mkv182,1080,1920,0,81,400,930,81,270831,0.131,"[[[0.23529412 0.23921569 0.28235295]  [0.23529412 0.23921569 0.28235295]  [0.23529412 0.23921569 0.28235295]  ...  [0.03137255 0.01960784 0.03529412]  [0.03529412 0.02352941 0.03921569]  [0.03529412 0.02352941 0.03921569]] [[0.23529412 0.23921569 0.28235295]  [0.23529412 0.23921569 0.28235295]  [0.23529412 0.23921569 0.28235295]  ...  [0.03137255 0.01960784 0.03529412]  [0.03529412 0.02352941 0.03921569]  [0.03529412 0.02352941 0.03921569]] [[0.24313726 0.24313726 0.2901961 ]  [0.24313726 0.24313726 0.2901961 ]  [0.24313726 0.24313726 0.2901961 ]  ...  [0.03529412 0.02352941 0.03921569]  [0.03529412 0.02352941 0.03921569]  [0.03529412 0.02352941 0.03921569]] ... [[0.24313726 0.23529412 0.26666668]  [0.24313726 0.23529412 0.26666668]  [0.23529412 0.22745098 0.25882354]  ...  [0.0627451  0.04313726 0.04705882]  [0.0627451  0.04313726 0.04705882]  [0.0627451  0.04313726 0.04705882]] [[0.24705882 0.23921569 0.27058825]  [0.24705882 0.23921569 0.27058825]  [0.23529412 0.22745098 0.25882354]  ...  [0.05882353 0.03921569 0.04705882]  [0.0627451  0.04313726 0.04705882]  [0.0627451  0.04313726 0.04705882]] [[0.24705882 0.23921569 0.27058825]  [0.24705882 0.23921569 0.27058825]  [0.23529412 0.22745098 0.2627451 ]  ...  [0.05882353 0.03921569 0.04313726]  [0.0627451  0.04313726 0.04705882]  [0.0627451  0.04313726 0.04705882]]]",1.7318119567935355,17136,/home/amos/media/tv/The X-Files S01-S11 BluRay 10Bit 1080p Dts-HDMa5 1 HEVC-d3g/The X-Files S08 br 10bit dts hevc-d3g/The.X-Files.S08E07.Via.Negativa.1080p.BluRay.10Bit.Dts-HDMa5.1.HEVC-d3g.mkv183,1080,1920,1,222,419,40,222,35854,0.017,"[[[0.01568628 0.00392157 0.01960784]  [0.01176471 0.         0.01568628]  [0.01176471 0.         0.01568628]  ...  [0.04313726 0.02352941 0.04313726]  [0.04313726 0.02352941 0.04313726]  [0.         0.         0.        ]] [[0.01568628 0.00392157 0.01960784]  [0.01176471 0.         0.01568628]  [0.01176471 0.         0.01568628]  ...  [0.03921569 0.01960784 0.03921569]  [0.03921569 0.01960784 0.03921569]  [0.         0.         0.        ]] [[0.01960784 0.00784314 0.02352941]  [0.01568628 0.00392157 0.01960784]  [0.01960784 0.00784314 0.02352941]  ...  [0.03921569 0.01960784 0.03921569]  [0.03529412 0.01568628 0.03529412]  [0.         0.         0.        ]] ... [[0.01960784 0.00784314 0.02745098]  [0.01960784 0.00784314 0.02745098]  [0.02352941 0.01176471 0.03137255]  ...  [0.03529412 0.01176471 0.02745098]  [0.03529412 0.01176471 0.02745098]  [0.         0.         0.        ]] [[0.01960784 0.00784314 0.02745098]  [0.01960784 0.00784314 0.02745098]  [0.01960784 0.00784314 0.02745098]  ...  [0.03137255 0.00784314 0.02352941]  [0.03137255 0.00784314 0.02352941]  [0.         0.         0.        ]] [[0.         0.         0.        ]  [0.         0.         0.        ]  [0.         0.         0.        ]  ...  [0.         0.         0.        ]  [0.         0.         0.        ]  [0.         0.         0.        ]]]",1.8859289623214863,17136,/home/amos/media/tv/The X-Files S01-S11 BluRay 10Bit 1080p Dts-HDMa5 1 HEVC-d3g/The X-Files S08 br 10bit dts hevc-d3g/The.X-Files.S08E07.Via.Negativa.1080p.BluRay.10Bit.Dts-HDMa5.1.HEVC-d3g.mkv184,1080,1920,2,212,508,54,212,46768,0.023,"[[[0.01960784 0.00784314 0.02352941]  [0.01960784 0.00784314 0.02352941]  [0.01960784 0.00784314 0.02352941]  ...  [0.03921569 0.02352941 0.02352941]  [0.05490196 0.03921569 0.03529412]  [0.07450981 0.05882353 0.05490196]] [[0.01960784 0.00784314 0.02745098]  [0.01960784 0.00784314 0.02745098]  [0.01960784 0.00784314 0.02745098]  ...  [0.04313726 0.02745098 0.02745098]  [0.05882353 0.04313726 0.04313726]  [0.07058824 0.05490196 0.05490196]] [[0.01960784 0.00784314 0.02352941]  [0.01960784 0.00784314 0.02352941]  [0.01960784 0.00784314 0.02352941]  ...  [0.04705882 0.03137255 0.03137255]  [0.05882353 0.04313726 0.04313726]  [0.06666667 0.05098039 0.05098039]] ... [[0.01960784 0.00784314 0.02352941]  [0.01960784 0.00784314 0.02352941]  [0.01960784 0.00784314 0.02352941]  ...  [0.03529412 0.01176471 0.03137255]  [0.03529412 0.01176471 0.03137255]  [0.03529412 0.01176471 0.03137255]] [[0.01960784 0.00784314 0.02352941]  [0.01960784 0.00784314 0.02352941]  [0.01960784 0.00784314 0.02352941]  ...  [0.03529412 0.01176471 0.03137255]  [0.03529412 0.01176471 0.03137255]  [0.03529412 0.01176471 0.03137255]] [[0.02352941 0.01176471 0.02745098]  [0.02352941 0.01176471 0.02745098]  [0.02352941 0.01176471 0.02745098]  ...  [0.03137255 0.00784314 0.02745098]  [0.03529412 0.01176471 0.03137255]  [0.03529412 0.01176471 0.03137255]]]",3.7164350526290946,17136,/home/amos/media/tv/The X-Files S01-S11 BluRay 10Bit 1080p Dts-HDMa5 1 HEVC-d3g/The X-Files S08 br 10bit dts hevc-d3g/The.X-Files.S08E07.Via.Negativa.1080p.BluRay.10Bit.Dts-HDMa5.1.HEVC-d3g.mkv185,1080,1920,0,400,277,36,400,44772,0.022,"[[[0.08235294 0.0627451  0.07450981]  [0.10588235 0.08235294 0.10196079]  [0.11372549 0.09019608 0.10588235]  ...  [0.04705882 0.01960784 0.03137255]  [0.04705882 0.01960784 0.03137255]  [0.05098039 0.01568628 0.03137255]] [[0.09803922 0.07843138 0.09019608]  [0.11372549 0.09019608 0.10980392]  [0.12156863 0.09803922 0.11372549]  ...  [0.03921569 0.01176471 0.02745098]  [0.04313726 0.01568628 0.02745098]  [0.05098039 0.01176471 0.02745098]] [[0.10588235 0.08627451 0.09803922]  [0.11372549 0.09019608 0.10980392]  [0.12156863 0.09803922 0.11372549]  ...  [0.04313726 0.01568628 0.02745098]  [0.03921569 0.01176471 0.02352941]  [0.04313726 0.01176471 0.02745098]] ... [[0.24313726 0.21568628 0.26666668]  [0.23921569 0.21176471 0.2627451 ]  [0.24313726 0.21568628 0.26666668]  ...  [0.02745098 0.00784314 0.02352941]  [0.03921569 0.02352941 0.03921569]  [0.02745098 0.01568628 0.02745098]] [[0.23137255 0.2        0.25882354]  [0.23137255 0.2        0.25882354]  [0.23137255 0.20392157 0.25882354]  ...  [0.02352941 0.01176471 0.01960784]  [0.02352941 0.00784314 0.01960784]  [0.02745098 0.01176471 0.02352941]] [[0.23529412 0.20392157 0.26666668]  [0.23137255 0.2        0.2627451 ]  [0.23137255 0.20392157 0.2627451 ]  ...  [0.01960784 0.00784314 0.01960784]  [0.02352941 0.01176471 0.01960784]  [0.02745098 0.01176471 0.02352941]]]",3.605212155263871,17256,/home/amos/media/tv/The X-Files S01-S11 BluRay 10Bit 1080p Dts-HDMa5 1 HEVC-d3g/The X-Files S08 br 10bit dts hevc-d3g/The.X-Files.S08E07.Via.Negativa.1080p.BluRay.10Bit.Dts-HDMa5.1.HEVC-d3g.mkv186,1080,1920,1,181,839,193,181,7896,0.004,"[[[0.28235295 0.2509804  0.31764707]  [0.28235295 0.2509804  0.32156864]  [0.28627452 0.25490198 0.32156864]  ...  [0.05490196 0.02745098 0.03137255]  [0.05490196 0.02745098 0.03137255]  [0.05490196 0.02745098 0.03137255]] [[0.2901961  0.25882354 0.3254902 ]  [0.2901961  0.25882354 0.3254902 ]  [0.2901961  0.25882354 0.32941177]  ...  [0.05098039 0.02352941 0.02745098]  [0.05098039 0.02352941 0.02745098]  [0.05098039 0.02352941 0.02745098]] [[0.3019608  0.27058825 0.34117648]  [0.3019608  0.27058825 0.3372549 ]  [0.29803923 0.26666668 0.33333334]  ...  [0.04705882 0.01960784 0.02352941]  [0.04705882 0.01960784 0.02745098]  [0.05098039 0.02352941 0.02745098]] ... [[0.32941177 0.29803923 0.37254903]  [0.33333334 0.3019608  0.3764706 ]  [0.32941177 0.29803923 0.37254903]  ...  [0.00392157 0.00392157 0.02352941]  [0.00784314 0.00784314 0.02745098]  [0.00784314 0.00784314 0.02745098]] [[0.32941177 0.29803923 0.37254903]  [0.32941177 0.29803923 0.37254903]  [0.32941177 0.29803923 0.37254903]  ...  [0.00784314 0.00784314 0.02745098]  [0.00784314 0.00784314 0.03137255]  [0.01176471 0.01176471 0.03137255]] [[0.3254902  0.29411766 0.36862746]  [0.3254902  0.29411766 0.36862746]  [0.3254902  0.29411766 0.36862746]  ...  [0.01176471 0.01176471 0.03137255]  [0.01176471 0.01176471 0.03529412]  [0.01176471 0.01176471 0.03529412]]]",0.766234032518696,17256,/home/amos/media/tv/The X-Files S01-S11 BluRay 10Bit 1080p Dts-HDMa5 1 HEVC-d3g/The X-Files S08 br 10bit dts hevc-d3g/The.X-Files.S08E07.Via.Negativa.1080p.BluRay.10Bit.Dts-HDMa5.1.HEVC-d3g.mkv187,1080,1920,0,536,106,834,536,128140,0.062,"[[[0.03921569 0.02352941 0.02745098]  [0.03921569 0.02352941 0.02745098]  [0.04313726 0.02745098 0.03137255]  ...  [0.01960784 0.00784314 0.02352941]  [0.01568628 0.00392157 0.01960784]  [0.01568628 0.00392157 0.01960784]] [[0.03529412 0.01960784 0.02352941]  [0.03137255 0.01568628 0.01960784]  [0.04313726 0.02745098 0.03137255]  ...  [0.01176471 0.         0.01568628]  [0.01960784 0.00784314 0.02352941]  [0.01568628 0.00392157 0.01960784]] [[0.01960784 0.00392157 0.00784314]  [0.03137255 0.01568628 0.01960784]  [0.02352941 0.00784314 0.01176471]  ...  [0.01568628 0.00392157 0.01960784]  [0.01960784 0.00784314 0.02352941]  [0.01568628 0.00392157 0.01960784]] ... [[0.05098039 0.02352941 0.01960784]  [0.04705882 0.01960784 0.01568628]  [0.04705882 0.01568628 0.02352941]  ...  [0.05098039 0.00392157 0.02352941]  [0.03921569 0.         0.01568628]  [0.04313726 0.00784314 0.02352941]] [[0.03921569 0.01176471 0.01176471]  [0.05490196 0.02745098 0.02745098]  [0.03921569 0.00784314 0.01568628]  ...  [0.05490196 0.00784314 0.02352941]  [0.03921569 0.         0.01568628]  [0.04313726 0.00392157 0.01960784]] [[0.05490196 0.02352941 0.02745098]  [0.04705882 0.01960784 0.02745098]  [0.04705882 0.01568628 0.02745098]  ...  [0.05882353 0.00392157 0.01960784]  [0.04313726 0.         0.01176471]  [0.04313726 0.00392157 0.01568628]]]",4.586403044464532,17280,/home/amos/media/tv/The X-Files S01-S11 BluRay 10Bit 1080p Dts-HDMa5 1 HEVC-d3g/The X-Files S08 br 10bit dts hevc-d3g/The.X-Files.S08E07.Via.Negativa.1080p.BluRay.10Bit.Dts-HDMa5.1.HEVC-d3g.mkv188,1080,1920,1,416,273,48,416,52624,0.025,"[[[0.09803922 0.06666667 0.07450981]  [0.11764706 0.07843138 0.09803922]  [0.1254902  0.08627451 0.10588235]  ...  [0.05098039 0.01960784 0.03137255]  [0.04705882 0.01568628 0.02745098]  [0.03529412 0.00392157 0.01568628]] [[0.10588235 0.07450981 0.08235294]  [0.11764706 0.07843138 0.09803922]  [0.12156863 0.08235294 0.10588235]  ...  [0.05490196 0.02352941 0.03529412]  [0.05490196 0.02352941 0.03529412]  [0.04313726 0.01176471 0.02352941]] [[0.10196079 0.07058824 0.07843138]  [0.11372549 0.07450981 0.09411765]  [0.1254902  0.08627451 0.10588235]  ...  [0.04313726 0.01568628 0.02352941]  [0.05098039 0.01960784 0.03137255]  [0.05490196 0.01960784 0.03529412]] ... [[0.25490198 0.22352941 0.28235295]  [0.2509804  0.21960784 0.2784314 ]  [0.24313726 0.21176471 0.27450982]  ...  [0.03137255 0.00784314 0.02745098]  [0.01960784 0.         0.01568628]  [0.03137255 0.00784314 0.02745098]] [[0.25882354 0.22745098 0.2901961 ]  [0.25882354 0.22352941 0.2901961 ]  [0.24705882 0.21568628 0.28235295]  ...  [0.03529412 0.01176471 0.03137255]  [0.02745098 0.00392157 0.02352941]  [0.02352941 0.         0.01960784]] [[0.2627451  0.23137255 0.29411766]  [0.25490198 0.22352941 0.2901961 ]  [0.2509804  0.22352941 0.2901961 ]  ...  [0.03137255 0.00784314 0.02745098]  [0.02745098 0.00392157 0.02745098]  [0.03137255 0.00392157 0.02745098]]]",0.9693439850234427,17280,/home/amos/media/tv/The X-Files S01-S11 BluRay 10Bit 1080p Dts-HDMa5 1 HEVC-d3g/The X-Files S08 br 10bit dts hevc-d3g/The.X-Files.S08E07.Via.Negativa.1080p.BluRay.10Bit.Dts-HDMa5.1.HEVC-d3g.mkv189,1080,1920,2,191,840,209,191,11682,0.006,"[[[0.2784314  0.24705882 0.31764707]  [0.27450982 0.24313726 0.3137255 ]  [0.2627451  0.23137255 0.3019608 ]  ...  [0.05882353 0.02745098 0.03137255]  [0.05490196 0.02352941 0.02745098]  [0.         0.         0.        ]] [[0.2784314  0.24705882 0.31764707]  [0.27450982 0.24313726 0.3137255 ]  [0.2627451  0.23137255 0.3019608 ]  ...  [0.05490196 0.02352941 0.02745098]  [0.05098039 0.01960784 0.02352941]  [0.         0.         0.        ]] [[0.2784314  0.24705882 0.31764707]  [0.27450982 0.24313726 0.3137255 ]  [0.25882354 0.22745098 0.3019608 ]  ...  [0.05098039 0.01960784 0.02352941]  [0.05098039 0.01960784 0.02352941]  [0.         0.         0.        ]] ... [[0.3019608  0.27058825 0.34509805]  [0.29803923 0.26666668 0.34117648]  [0.29411766 0.2627451  0.3372549 ]  ...  [0.01176471 0.01176471 0.02352941]  [0.01568628 0.01568628 0.02745098]  [0.         0.         0.        ]] [[0.29803923 0.26666668 0.34117648]  [0.29803923 0.26666668 0.34117648]  [0.29411766 0.2627451  0.3372549 ]  ...  [0.01176471 0.01176471 0.02352941]  [0.01176471 0.01176471 0.02352941]  [0.         0.         0.        ]] [[0.         0.         0.        ]  [0.         0.         0.        ]  [0.         0.         0.        ]  ...  [0.         0.         0.        ]  [0.         0.         0.        ]  [0.         0.         0.        ]]]",3.0289970542653464,17280,/home/amos/media/tv/The X-Files S01-S11 BluRay 10Bit 1080p Dts-HDMa5 1 HEVC-d3g/The X-Files S08 br 10bit dts hevc-d3g/The.X-Files.S08E07.Via.Negativa.1080p.BluRay.10Bit.Dts-HDMa5.1.HEVC-d3g.mkv190,1080,1920,0,413,262,51,413,54662,0.026,"[[[0.02745098 0.03137255 0.04313726]  [0.03921569 0.03921569 0.05098039]  [0.05882353 0.05098039 0.06666667]  ...  [0.04313726 0.00784314 0.01960784]  [0.03921569 0.00392157 0.01568628]  [0.04313726 0.00392157 0.01176471]] [[0.03921569 0.04705882 0.05490196]  [0.05882353 0.05490196 0.06666667]  [0.07058824 0.0627451  0.07843138]  ...  [0.04705882 0.01176471 0.02352941]  [0.04705882 0.00784314 0.01960784]  [0.04705882 0.00784314 0.01568628]] [[0.03137255 0.03529412 0.04313726]  [0.05098039 0.04705882 0.05882353]  [0.0627451  0.05490196 0.07058824]  ...  [0.05490196 0.01960784 0.03137255]  [0.04705882 0.01176471 0.02352941]  [0.04705882 0.00784314 0.01568628]] ... [[0.21568628 0.19215687 0.23137255]  [0.21960784 0.19607843 0.23529412]  [0.22352941 0.2        0.23921569]  ...  [0.02745098 0.00392157 0.01568628]  [0.03137255 0.00784314 0.01960784]  [0.03921569 0.01960784 0.02745098]] [[0.21568628 0.19215687 0.23137255]  [0.22745098 0.20392157 0.24313726]  [0.22352941 0.2        0.23921569]  ...  [0.02745098 0.00392157 0.01568628]  [0.02745098 0.00392157 0.01568628]  [0.03921569 0.01568628 0.02745098]] [[0.21568628 0.2        0.23529412]  [0.21960784 0.20784314 0.24313726]  [0.22745098 0.21176471 0.2509804 ]  ...  [0.03137255 0.00784314 0.01960784]  [0.04705882 0.02352941 0.03529412]  [0.03529412 0.01176471 0.02352941]]]",2.4269280424923636,17304,/home/amos/media/tv/The X-Files S01-S11 BluRay 10Bit 1080p Dts-HDMa5 1 HEVC-d3g/The X-Files S08 br 10bit dts hevc-d3g/The.X-Files.S08E07.Via.Negativa.1080p.BluRay.10Bit.Dts-HDMa5.1.HEVC-d3g.mkv191,1080,1920,1,188,830,214,188,16692,0.008,"[[[0.2784314  0.25490198 0.3254902 ]  [0.27058825 0.24705882 0.31764707]  [0.27058825 0.24705882 0.31764707]  ...  [0.05882353 0.02745098 0.02745098]  [0.05882353 0.02745098 0.02352941]  [0.05490196 0.02352941 0.01960784]] [[0.2784314  0.25490198 0.32941177]  [0.27450982 0.2509804  0.3254902 ]  [0.27058825 0.24705882 0.32156864]  ...  [0.05882353 0.02745098 0.02745098]  [0.0627451  0.03137255 0.02745098]  [0.05882353 0.02745098 0.02352941]] [[0.28235295 0.25490198 0.33333334]  [0.2784314  0.25490198 0.32941177]  [0.27450982 0.2509804  0.3254902 ]  ...  [0.0627451  0.03137255 0.02745098]  [0.0627451  0.03137255 0.02745098]  [0.05882353 0.02745098 0.02352941]] ... [[0.30588236 0.2784314  0.35686275]  [0.30980393 0.2784314  0.36078432]  [0.3137255  0.28627452 0.3647059 ]  ...  [0.01568628 0.01176471 0.02745098]  [0.01568628 0.01176471 0.02745098]  [0.01568628 0.01176471 0.02745098]] [[0.30588236 0.2784314  0.35686275]  [0.30980393 0.28235295 0.36078432]  [0.30588236 0.28235295 0.36078432]  ...  [0.01568628 0.01176471 0.02745098]  [0.01568628 0.01176471 0.02745098]  [0.01568628 0.01176471 0.02745098]] [[0.3019608  0.27450982 0.3529412 ]  [0.29411766 0.26666668 0.34509805]  [0.2901961  0.2627451  0.34117648]  ...  [0.01568628 0.01176471 0.02745098]  [0.01568628 0.01176471 0.02745098]  [0.01568628 0.01176471 0.02745098]]]",1.4030460770591162,17304,/home/amos/media/tv/The X-Files S01-S11 BluRay 10Bit 1080p Dts-HDMa5 1 HEVC-d3g/The X-Files S08 br 10bit dts hevc-d3g/The.X-Files.S08E07.Via.Negativa.1080p.BluRay.10Bit.Dts-HDMa5.1.HEVC-d3g.mkv192,1080,1920,0,202,435,281,202,18407,0.009,"[[[0.25882354 0.21960784 0.28627452]  [0.25882354 0.21960784 0.28627452]  [0.25882354 0.21960784 0.28627452]  ...  [0.2509804  0.20784314 0.2784314 ]  [0.2509804  0.20784314 0.2784314 ]  [0.2509804  0.20784314 0.2784314 ]] [[0.2627451  0.22352941 0.2901961 ]  [0.2627451  0.22352941 0.2901961 ]  [0.25882354 0.21960784 0.28627452]  ...  [0.2509804  0.21176471 0.2784314 ]  [0.2509804  0.20784314 0.2784314 ]  [0.2509804  0.20784314 0.2784314 ]] [[0.2627451  0.22352941 0.2901961 ]  [0.2627451  0.22352941 0.2901961 ]  [0.2627451  0.22352941 0.2901961 ]  ...  [0.2509804  0.20784314 0.2784314 ]  [0.24705882 0.20392157 0.27450982]  [0.24313726 0.2        0.27058825]] ... [[0.29803923 0.25882354 0.33333334]  [0.29803923 0.25882354 0.33333334]  [0.29411766 0.25490198 0.32941177]  ...  [0.02352941 0.00392157 0.01960784]  [0.02745098 0.00784314 0.02352941]  [0.03137255 0.01176471 0.02352941]] [[0.28627452 0.24705882 0.32156864]  [0.28627452 0.24705882 0.32156864]  [0.2901961  0.2509804  0.3254902 ]  ...  [0.02745098 0.00784314 0.02352941]  [0.02745098 0.00784314 0.02352941]  [0.03137255 0.01176471 0.02352941]] [[0.27450982 0.23529412 0.30980393]  [0.27450982 0.23529412 0.30980393]  [0.28235295 0.24313726 0.31764707]  ...  [0.02745098 0.00784314 0.02352941]  [0.02745098 0.00784314 0.02352941]  [0.02745098 0.00784314 0.01960784]]]",2.3247700231149793,17328,/home/amos/media/tv/The X-Files S01-S11 BluRay 10Bit 1080p Dts-HDMa5 1 HEVC-d3g/The X-Files S08 br 10bit dts hevc-d3g/The.X-Files.S08E07.Via.Negativa.1080p.BluRay.10Bit.Dts-HDMa5.1.HEVC-d3g.mkv193,1080,1920,0,204,429,237,204,7425,0.004,"[[[0.23529412 0.21568628 0.2784314 ]  [0.23921569 0.21568628 0.28235295]  [0.24313726 0.21568628 0.28235295]  ...  [0.03921569 0.00784314 0.03137255]  [0.03529412 0.00392157 0.02745098]  [0.03529412 0.00392157 0.02745098]] [[0.23921569 0.21568628 0.28235295]  [0.24705882 0.21960784 0.28627452]  [0.24705882 0.21960784 0.28627452]  ...  [0.03921569 0.00784314 0.03137255]  [0.03529412 0.00392157 0.02352941]  [0.03529412 0.00392157 0.02352941]] [[0.24313726 0.22352941 0.28627452]  [0.24705882 0.22352941 0.2901961 ]  [0.2509804  0.22352941 0.2901961 ]  ...  [0.04313726 0.01176471 0.03137255]  [0.03921569 0.00784314 0.02745098]  [0.03921569 0.00784314 0.02745098]] ... [[0.3019608  0.25882354 0.32941177]  [0.29803923 0.25490198 0.3254902 ]  [0.29411766 0.2509804  0.32156864]  ...  [0.02745098 0.01568628 0.03137255]  [0.02352941 0.01176471 0.02745098]  [0.02352941 0.01176471 0.02745098]] [[0.29803923 0.25490198 0.3254902 ]  [0.29803923 0.25490198 0.3254902 ]  [0.29803923 0.25490198 0.3254902 ]  ...  [0.02352941 0.01176471 0.03137255]  [0.01960784 0.00784314 0.02352941]  [0.01960784 0.00784314 0.02352941]] [[0.29803923 0.25490198 0.3254902 ]  [0.29803923 0.25490198 0.3254902 ]  [0.29803923 0.25490198 0.3254902 ]  ...  [0.02745098 0.01176471 0.02745098]  [0.01960784 0.00784314 0.02352941]  [0.01960784 0.00784314 0.02352941]]]",2.7059450271190144,17352,/home/amos/media/tv/The X-Files S01-S11 BluRay 10Bit 1080p Dts-HDMa5 1 HEVC-d3g/The X-Files S08 br 10bit dts hevc-d3g/The.X-Files.S08E07.Via.Negativa.1080p.BluRay.10Bit.Dts-HDMa5.1.HEVC-d3g.mkv194,1080,1920,0,531,168,871,531,123420,0.06,"[[[0.10588235 0.03529412 0.00784314]  [0.10196079 0.03137255 0.        ]  [0.12156863 0.05098039 0.01568628]  ...  [0.01176471 0.         0.00784314]  [0.01176471 0.         0.00784314]  [0.01176471 0.         0.00784314]] [[0.10588235 0.03529412 0.00784314]  [0.10980392 0.03921569 0.00784314]  [0.11764706 0.04705882 0.01176471]  ...  [0.01176471 0.         0.00784314]  [0.01176471 0.         0.00784314]  [0.01176471 0.         0.00784314]] [[0.11372549 0.04313726 0.01568628]  [0.12156863 0.05098039 0.01960784]  [0.11372549 0.04313726 0.01176471]  ...  [0.01176471 0.         0.00784314]  [0.01176471 0.         0.00784314]  [0.01176471 0.         0.00784314]] ... [[0.09803922 0.02745098 0.01568628]  [0.09803922 0.02352941 0.01176471]  [0.10588235 0.03137255 0.01960784]  ...  [0.01960784 0.         0.00784314]  [0.01960784 0.         0.00784314]  [0.01960784 0.         0.00784314]] [[0.09411765 0.01960784 0.00784314]  [0.11372549 0.03921569 0.02745098]  [0.10588235 0.03137255 0.02352941]  ...  [0.01960784 0.         0.00784314]  [0.01960784 0.         0.00784314]  [0.01960784 0.         0.00784314]] [[0.08235294 0.01568628 0.01176471]  [0.09019608 0.01568628 0.01176471]  [0.08235294 0.01176471 0.00784314]  ...  [0.01960784 0.         0.00784314]  [0.02352941 0.         0.01176471]  [0.01960784 0.         0.00784314]]]",5.196415039128624,17664,/home/amos/media/tv/The X-Files S01-S11 BluRay 10Bit 1080p Dts-HDMa5 1 HEVC-d3g/The X-Files S08 br 10bit dts hevc-d3g/The.X-Files.S08E07.Via.Negativa.1080p.BluRay.10Bit.Dts-HDMa5.1.HEVC-d3g.mkv195,1080,1920,0,533,158,887,533,132750,0.064,"[[[0.10588235 0.03921569 0.01568628]  [0.10588235 0.03921569 0.01568628]  [0.10196079 0.03529412 0.01176471]  ...  [0.01176471 0.         0.01176471]  [0.01176471 0.         0.01176471]  [0.01176471 0.         0.01176471]] [[0.09411765 0.03137255 0.00392157]  [0.10196079 0.03529412 0.00784314]  [0.11372549 0.04705882 0.01960784]  ...  [0.01176471 0.         0.01176471]  [0.01176471 0.         0.01176471]  [0.01176471 0.         0.01176471]] [[0.09803922 0.03529412 0.00784314]  [0.09411765 0.02745098 0.        ]  [0.10196079 0.03529412 0.00784314]  ...  [0.01176471 0.         0.01568628]  [0.01176471 0.         0.01568628]  [0.01176471 0.         0.01568628]] ... [[0.08627451 0.02352941 0.01176471]  [0.08235294 0.01960784 0.01176471]  [0.08627451 0.02352941 0.01960784]  ...  [0.02352941 0.         0.01176471]  [0.02352941 0.         0.01176471]  [0.01568628 0.         0.00392157]] [[0.06666667 0.00392157 0.        ]  [0.08627451 0.02352941 0.01568628]  [0.09019608 0.02745098 0.01960784]  ...  [0.01568628 0.         0.00392157]  [0.02745098 0.00392157 0.01568628]  [0.01960784 0.         0.00784314]] [[0.08627451 0.02352941 0.01568628]  [0.09019608 0.02745098 0.01960784]  [0.08235294 0.01960784 0.01176471]  ...  [0.01568628 0.         0.00392157]  [0.01568628 0.         0.00784314]  [0.01960784 0.         0.00784314]]]",5.9345959721831605,17688,/home/amos/media/tv/The X-Files S01-S11 BluRay 10Bit 1080p Dts-HDMa5 1 HEVC-d3g/The X-Files S08 br 10bit dts hevc-d3g/The.X-Files.S08E07.Via.Negativa.1080p.BluRay.10Bit.Dts-HDMa5.1.HEVC-d3g.mkv196,1080,1920,0,69,82,489,69,5460,0.003,"[[[0.18039216 0.16862746 0.14901961]  [0.18039216 0.16862746 0.14901961]  [0.18039216 0.16862746 0.14509805]  ...  [0.1882353  0.15686275 0.14509805]  [0.19607843 0.16470589 0.15294118]  [0.19607843 0.16470589 0.15294118]] [[0.18039216 0.16862746 0.14901961]  [0.18039216 0.16862746 0.14901961]  [0.1764706  0.16862746 0.14509805]  ...  [0.1882353  0.15686275 0.14509805]  [0.19607843 0.16470589 0.15294118]  [0.19607843 0.16470589 0.15294118]] [[0.18039216 0.16862746 0.14509805]  [0.18039216 0.16862746 0.14509805]  [0.1764706  0.16470589 0.14509805]  ...  [0.19215687 0.15686275 0.14509805]  [0.19607843 0.16470589 0.15294118]  [0.19607843 0.16470589 0.15294118]] ... [[0.13725491 0.1254902  0.1254902 ]  [0.13725491 0.1254902  0.1254902 ]  [0.13725491 0.1254902  0.1254902 ]  ...  [0.20392157 0.18431373 0.18431373]  [0.20392157 0.18431373 0.18039216]  [0.20392157 0.18431373 0.18039216]] [[0.13725491 0.1254902  0.1254902 ]  [0.13725491 0.1254902  0.1254902 ]  [0.13725491 0.1254902  0.1254902 ]  ...  [0.20784314 0.1882353  0.18431373]  [0.20784314 0.1882353  0.18431373]  [0.20784314 0.1882353  0.18431373]] [[0.13725491 0.1254902  0.1254902 ]  [0.13725491 0.1254902  0.1254902 ]  [0.13725491 0.12156863 0.12156863]  ...  [0.20784314 0.1882353  0.18431373]  [0.20784314 0.1882353  0.18431373]  [0.20784314 0.1882353  0.18431373]]]",3.0365880503086373,18000,/home/amos/media/tv/The X-Files S01-S11 BluRay 10Bit 1080p Dts-HDMa5 1 HEVC-d3g/The X-Files S08 br 10bit dts hevc-d3g/The.X-Files.S08E07.Via.Negativa.1080p.BluRay.10Bit.Dts-HDMa5.1.HEVC-d3g.mkv197,1080,1920,0,54,163,183,54,14061,0.007,"[[[0.21568628 0.22352941 0.24313726]  [0.21568628 0.22352941 0.24313726]  [0.21568628 0.22352941 0.24313726]  ...  [0.12941177 0.1254902  0.11372549]  [0.12941177 0.1254902  0.11372549]  [0.12941177 0.1254902  0.11372549]] [[0.21568628 0.22352941 0.24313726]  [0.21568628 0.22352941 0.24313726]  [0.21568628 0.22352941 0.24313726]  ...  [0.12941177 0.1254902  0.11372549]  [0.12941177 0.1254902  0.11372549]  [0.12941177 0.1254902  0.11372549]] [[0.21568628 0.22352941 0.23921569]  [0.21568628 0.22352941 0.23921569]  [0.21568628 0.22352941 0.23921569]  ...  [0.12941177 0.12156863 0.11372549]  [0.12941177 0.12156863 0.11372549]  [0.12941177 0.12156863 0.11372549]] ... [[0.25882354 0.24313726 0.23137255]  [0.25882354 0.24313726 0.23137255]  [0.25882354 0.24313726 0.23137255]  ...  [0.07450981 0.05882353 0.05098039]  [0.07450981 0.05882353 0.05098039]  [0.07450981 0.05882353 0.05098039]] [[0.25882354 0.24313726 0.23137255]  [0.25882354 0.24313726 0.23137255]  [0.25882354 0.24313726 0.23137255]  ...  [0.07450981 0.05882353 0.05098039]  [0.07450981 0.05882353 0.05098039]  [0.07450981 0.05882353 0.05098039]] [[0.25882354 0.24313726 0.23137255]  [0.25882354 0.24313726 0.23137255]  [0.25882354 0.24313726 0.23137255]  ...  [0.07450981 0.05882353 0.05098039]  [0.07450981 0.05882353 0.05098039]  [0.07450981 0.05882353 0.05098039]]]",3.775808017293457,18048,/home/amos/media/tv/The X-Files S01-S11 BluRay 10Bit 1080p Dts-HDMa5 1 HEVC-d3g/The X-Files S08 br 10bit dts hevc-d3g/The.X-Files.S08E07.Via.Negativa.1080p.BluRay.10Bit.Dts-HDMa5.1.HEVC-d3g.mkv198,1080,1920,0,46,148,161,46,11730,0.006,"[[[0.16078432 0.17254902 0.18431373]  [0.16078432 0.17254902 0.18431373]  [0.16078432 0.17254902 0.18431373]  ...  [0.15686275 0.14117648 0.13333334]  [0.15686275 0.14117648 0.13333334]  [0.15686275 0.14117648 0.13333334]] [[0.16078432 0.17254902 0.18431373]  [0.16078432 0.17254902 0.18431373]  [0.16078432 0.17254902 0.18431373]  ...  [0.15686275 0.14117648 0.13333334]  [0.15686275 0.14117648 0.13333334]  [0.15686275 0.14117648 0.13333334]] [[0.16078432 0.17254902 0.18431373]  [0.16078432 0.17254902 0.18431373]  [0.16078432 0.17254902 0.18431373]  ...  [0.15686275 0.14117648 0.13333334]  [0.15686275 0.14117648 0.13333334]  [0.15686275 0.14117648 0.13333334]] ... [[0.25882354 0.2627451  0.24705882]  [0.25882354 0.2627451  0.24705882]  [0.25882354 0.2627451  0.24705882]  ...  [0.13333334 0.11764706 0.10588235]  [0.13333334 0.11764706 0.10588235]  [0.13333334 0.11764706 0.10588235]] [[0.25882354 0.2627451  0.24705882]  [0.25882354 0.2627451  0.24705882]  [0.25882354 0.2627451  0.24705882]  ...  [0.13333334 0.11764706 0.10588235]  [0.13333334 0.11764706 0.10588235]  [0.13333334 0.11764706 0.10588235]] [[0.25882354 0.2627451  0.24705882]  [0.25882354 0.2627451  0.24705882]  [0.25882354 0.2627451  0.24705882]  ...  [0.13333334 0.11764706 0.10588235]  [0.13333334 0.11764706 0.10588235]  [0.13333334 0.11764706 0.10588235]]]",1.8575130333774723,18072,/home/amos/media/tv/The X-Files S01-S11 BluRay 10Bit 1080p Dts-HDMa5 1 HEVC-d3g/The X-Files S08 br 10bit dts hevc-d3g/The.X-Files.S08E07.Via.Negativa.1080p.BluRay.10Bit.Dts-HDMa5.1.HEVC-d3g.mkv199,1080,1920,0,52,134,150,52,8036,0.004,"[[[0.14117648 0.14509805 0.16470589]  [0.14117648 0.14509805 0.16470589]  [0.14117648 0.14509805 0.16470589]  ...  [0.13725491 0.1254902  0.11764706]  [0.13725491 0.1254902  0.11764706]  [0.13725491 0.1254902  0.11764706]] [[0.14117648 0.14509805 0.16470589]  [0.14117648 0.14509805 0.16470589]  [0.14117648 0.14509805 0.16470589]  ...  [0.13725491 0.1254902  0.11764706]  [0.13725491 0.1254902  0.11764706]  [0.13725491 0.1254902  0.11764706]] [[0.14117648 0.14509805 0.16470589]  [0.14117648 0.14509805 0.16470589]  [0.14117648 0.14509805 0.16470589]  ...  [0.13725491 0.1254902  0.11764706]  [0.13333334 0.1254902  0.11764706]  [0.13333334 0.1254902  0.11764706]] ... [[0.22745098 0.21568628 0.21568628]  [0.22745098 0.21568628 0.21568628]  [0.22745098 0.21568628 0.21568628]  ...  [0.08235294 0.07058824 0.05098039]  [0.08235294 0.07058824 0.05098039]  [0.08235294 0.07058824 0.05098039]] [[0.22745098 0.21568628 0.21568628]  [0.22745098 0.21568628 0.21568628]  [0.22745098 0.21568628 0.21568628]  ...  [0.08235294 0.07058824 0.05098039]  [0.08235294 0.07058824 0.05098039]  [0.08235294 0.07058824 0.05098039]] [[0.22745098 0.21568628 0.21568628]  [0.22745098 0.21568628 0.21568628]  [0.22745098 0.21568628 0.21568628]  ...  [0.08235294 0.07058824 0.05098039]  [0.08235294 0.07058824 0.05098039]  [0.08235294 0.07058824 0.05098039]]]",3.1935440409579314,18096,/home/amos/media/tv/The X-Files S01-S11 BluRay 10Bit 1080p Dts-HDMa5 1 HEVC-d3g/The X-Files S08 br 10bit dts hevc-d3g/The.X-Files.S08E07.Via.Negativa.1080p.BluRay.10Bit.Dts-HDMa5.1.HEVC-d3g.mkv200,1080,1920,0,47,124,136,47,6853,0.003,"[[[0.23137255 0.23921569 0.23529412]  [0.23137255 0.23921569 0.23529412]  [0.23137255 0.23921569 0.23529412]  ...  [0.14117648 0.13333334 0.12156863]  [0.14117648 0.13333334 0.12156863]  [0.14117648 0.13333334 0.12156863]] [[0.23137255 0.23921569 0.23529412]  [0.23137255 0.23921569 0.23529412]  [0.23137255 0.23921569 0.23529412]  ...  [0.14117648 0.13333334 0.12156863]  [0.14117648 0.13333334 0.12156863]  [0.14117648 0.13333334 0.12156863]] [[0.23137255 0.23921569 0.23529412]  [0.23137255 0.23921569 0.23529412]  [0.23137255 0.23921569 0.23529412]  ...  [0.14117648 0.13333334 0.12156863]  [0.14117648 0.13333334 0.12156863]  [0.14117648 0.13333334 0.12156863]] ... [[0.23529412 0.23921569 0.22352941]  [0.23529412 0.23921569 0.22352941]  [0.23529412 0.23921569 0.22352941]  ...  [0.12941177 0.11372549 0.10980392]  [0.12941177 0.11372549 0.10980392]  [0.12941177 0.11372549 0.10980392]] [[0.23529412 0.23921569 0.22352941]  [0.23529412 0.23921569 0.22352941]  [0.23529412 0.23921569 0.22352941]  ...  [0.12941177 0.11372549 0.10980392]  [0.12941177 0.11372549 0.10980392]  [0.12941177 0.11372549 0.10980392]] [[0.23529412 0.23921569 0.22352941]  [0.23529412 0.23921569 0.22352941]  [0.23529412 0.23921569 0.22352941]  ...  [0.12941177 0.11372549 0.10980392]  [0.12941177 0.11372549 0.10980392]  [0.12941177 0.11372549 0.10980392]]]",1.3796339729451574,18120,/home/amos/media/tv/The X-Files S01-S11 BluRay 10Bit 1080p Dts-HDMa5 1 HEVC-d3g/The X-Files S08 br 10bit dts hevc-d3g/The.X-Files.S08E07.Via.Negativa.1080p.BluRay.10Bit.Dts-HDMa5.1.HEVC-d3g.mkv201,1080,1920,0,54,95,106,54,2132,0.001,"[[[0.21176471 0.21176471 0.22352941]  [0.21176471 0.21176471 0.22352941]  [0.21176471 0.21176471 0.22352941]  ...  [0.13333334 0.13333334 0.11372549]  [0.13333334 0.13333334 0.11372549]  [0.13333334 0.13333334 0.11372549]] [[0.21176471 0.21176471 0.22352941]  [0.21176471 0.21176471 0.22352941]  [0.21176471 0.21176471 0.22352941]  ...  [0.13333334 0.13333334 0.11372549]  [0.13333334 0.13333334 0.11372549]  [0.13333334 0.13333334 0.11372549]] [[0.21176471 0.21176471 0.22352941]  [0.21176471 0.21176471 0.22352941]  [0.21176471 0.21176471 0.22352941]  ...  [0.13333334 0.13333334 0.11372549]  [0.13333334 0.13333334 0.11372549]  [0.13333334 0.13333334 0.11372549]] ... [[0.21568628 0.22352941 0.22352941]  [0.21568628 0.22352941 0.22352941]  [0.21568628 0.22352941 0.22352941]  ...  [0.0627451  0.04705882 0.03529412]  [0.0627451  0.04705882 0.03529412]  [0.0627451  0.04705882 0.03529412]] [[0.21568628 0.22352941 0.22352941]  [0.21568628 0.22352941 0.22352941]  [0.21568628 0.22352941 0.22352941]  ...  [0.0627451  0.04705882 0.03529412]  [0.0627451  0.04705882 0.03529412]  [0.0627451  0.04705882 0.03529412]] [[0.21568628 0.22352941 0.22352941]  [0.21568628 0.22352941 0.22352941]  [0.21568628 0.22352941 0.22352941]  ...  [0.0627451  0.04705882 0.03529412]  [0.0627451  0.04705882 0.03529412]  [0.0627451  0.04705882 0.03529412]]]",2.5307471105479635,18168,/home/amos/media/tv/The X-Files S01-S11 BluRay 10Bit 1080p Dts-HDMa5 1 HEVC-d3g/The X-Files S08 br 10bit dts hevc-d3g/The.X-Files.S08E07.Via.Negativa.1080p.BluRay.10Bit.Dts-HDMa5.1.HEVC-d3g.mkv202,1080,1920,0,551,68,610,551,28497,0.014,"[[[0.02745098 0.01960784 0.02745098]  [0.03137255 0.02352941 0.03137255]  [0.02352941 0.01568628 0.02352941]  ...  [0.01176471 0.00392157 0.01176471]  [0.01568628 0.00784314 0.01568628]  [0.01176471 0.00392157 0.01176471]] [[0.02352941 0.01568628 0.02352941]  [0.02352941 0.01568628 0.02352941]  [0.01960784 0.01176471 0.01960784]  ...  [0.01176471 0.00392157 0.01176471]  [0.01568628 0.00784314 0.01568628]  [0.01176471 0.00392157 0.01176471]] [[0.03137255 0.02352941 0.03137255]  [0.03137255 0.02352941 0.03137255]  [0.02745098 0.01960784 0.02745098]  ...  [0.01176471 0.00392157 0.01176471]  [0.01568628 0.00784314 0.01568628]  [0.01568628 0.00784314 0.01568628]] ... [[0.22745098 0.23529412 0.26666668]  [0.22352941 0.23137255 0.2627451 ]  [0.21960784 0.22745098 0.25882354]  ...  [0.38039216 0.33333334 0.3254902 ]  [0.36078432 0.3137255  0.30588236]  [0.36862746 0.31764707 0.31764707]] [[0.21176471 0.21960784 0.2509804 ]  [0.21176471 0.21960784 0.2509804 ]  [0.21176471 0.21960784 0.2509804 ]  ...  [0.3764706  0.33333334 0.3254902 ]  [0.36078432 0.30980393 0.30588236]  [0.38431373 0.3372549  0.3372549 ]] [[0.21960784 0.22745098 0.25882354]  [0.22745098 0.23529412 0.26666668]  [0.21960784 0.22745098 0.25882354]  ...  [0.3882353  0.34509805 0.34509805]  [0.3529412  0.30588236 0.3137255 ]  [0.3764706  0.3254902  0.33333334]]]",4.400514154869597,18600,/home/amos/media/tv/The X-Files S01-S11 BluRay 10Bit 1080p Dts-HDMa5 1 HEVC-d3g/The X-Files S08 br 10bit dts hevc-d3g/The.X-Files.S08E07.Via.Negativa.1080p.BluRay.10Bit.Dts-HDMa5.1.HEVC-d3g.mkv203,1080,1920,0,638,52,634,638,2344,0.001,"[[[0.03921569 0.02745098 0.05098039]  [0.04313726 0.03137255 0.05490196]  [0.04705882 0.03529412 0.05098039]  ...  [0.01176471 0.00392157 0.01176471]  [0.01176471 0.00392157 0.01176471]  [0.01176471 0.00392157 0.01176471]] [[0.03529412 0.02352941 0.04705882]  [0.03529412 0.02745098 0.05098039]  [0.03137255 0.03137255 0.04313726]  ...  [0.01176471 0.00392157 0.01176471]  [0.01176471 0.00392157 0.01176471]  [0.01176471 0.00392157 0.01176471]] [[0.04313726 0.02745098 0.05098039]  [0.03921569 0.03137255 0.05490196]  [0.03529412 0.03529412 0.04705882]  ...  [0.01176471 0.00392157 0.01176471]  [0.01176471 0.00392157 0.01176471]  [0.01176471 0.00392157 0.01176471]] ... [[0.2901961  0.2509804  0.2509804 ]  [0.2901961  0.25490198 0.25490198]  [0.28235295 0.2509804  0.2509804 ]  ...  [0.36078432 0.32941177 0.3372549 ]  [0.37254903 0.34117648 0.34509805]  [0.35686275 0.3254902  0.32941177]] [[0.29803923 0.25882354 0.25882354]  [0.2901961  0.25490198 0.25882354]  [0.2784314  0.24313726 0.24313726]  ...  [0.38039216 0.34901962 0.3529412 ]  [0.35686275 0.3254902  0.32941177]  [0.35686275 0.3254902  0.32941177]] [[0.29411766 0.25490198 0.25490198]  [0.29803923 0.25882354 0.25882354]  [0.2784314  0.24313726 0.24705882]  ...  [0.36078432 0.31764707 0.31764707]  [0.3529412  0.3137255  0.31764707]  [0.38039216 0.34117648 0.34509805]]]",3.1685088961967267,18648,/home/amos/media/tv/The X-Files S01-S11 BluRay 10Bit 1080p Dts-HDMa5 1 HEVC-d3g/The X-Files S08 br 10bit dts hevc-d3g/The.X-Files.S08E07.Via.Negativa.1080p.BluRay.10Bit.Dts-HDMa5.1.HEVC-d3g.mkv204,1080,1920,0,666,32,623,666,27262,0.013,"[[[0.05098039 0.04313726 0.05882353]  [0.04705882 0.04705882 0.05882353]  [0.03921569 0.03921569 0.05098039]  ...  [0.00784314 0.         0.00784314]  [0.00784314 0.         0.00784314]  [0.01176471 0.00392157 0.01176471]] [[0.03529412 0.03137255 0.04313726]  [0.04705882 0.04705882 0.05882353]  [0.03921569 0.03921569 0.05098039]  ...  [0.01176471 0.00392157 0.01176471]  [0.01568628 0.00784314 0.01568628]  [0.01176471 0.00392157 0.01176471]] [[0.03921569 0.03529412 0.04705882]  [0.04705882 0.04705882 0.05882353]  [0.03921569 0.03921569 0.05098039]  ...  [0.01176471 0.00392157 0.01176471]  [0.01176471 0.00392157 0.01176471]  [0.01176471 0.00392157 0.01176471]] ... [[0.3254902  0.2784314  0.2627451 ]  [0.32941177 0.28235295 0.26666668]  [0.33333334 0.28627452 0.27058825]  ...  [0.3137255  0.29411766 0.31764707]  [0.3137255  0.29411766 0.31764707]  [0.29411766 0.27450982 0.29803923]] [[0.3254902  0.2784314  0.2627451 ]  [0.32941177 0.28235295 0.26666668]  [0.33333334 0.28627452 0.27058825]  ...  [0.31764707 0.29803923 0.32156864]  [0.29803923 0.2784314  0.3019608 ]  [0.30980393 0.2901961  0.3137255 ]] [[0.34117648 0.29411766 0.2784314 ]  [0.34509805 0.29803923 0.28235295]  [0.33333334 0.28627452 0.27058825]  ...  [0.29411766 0.27450982 0.29803923]  [0.3137255  0.29411766 0.31764707]  [0.3019608  0.28235295 0.30588236]]]",3.046219053620007,18672,/home/amos/media/tv/The X-Files S01-S11 BluRay 10Bit 1080p Dts-HDMa5 1 HEVC-d3g/The X-Files S08 br 10bit dts hevc-d3g/The.X-Files.S08E07.Via.Negativa.1080p.BluRay.10Bit.Dts-HDMa5.1.HEVC-d3g.mkv205,1080,1920,0,63,269,685,63,128132,0.062,"[[[0.05882353 0.02745098 0.02745098]  [0.05882353 0.02745098 0.02745098]  [0.05882353 0.02745098 0.02745098]  ...  [0.1764706  0.05882353 0.07058824]  [0.1764706  0.05882353 0.07058824]  [0.1764706  0.05882353 0.07058824]] [[0.05882353 0.02745098 0.02745098]  [0.05882353 0.02745098 0.02745098]  [0.05882353 0.02745098 0.02745098]  ...  [0.1764706  0.05882353 0.07058824]  [0.1764706  0.05882353 0.07058824]  [0.1764706  0.05882353 0.07058824]] [[0.05882353 0.02745098 0.02745098]  [0.05882353 0.02745098 0.02745098]  [0.05882353 0.02745098 0.02745098]  ...  [0.1764706  0.05882353 0.07058824]  [0.1764706  0.05882353 0.07058824]  [0.1764706  0.05882353 0.07058824]] ... [[0.10980392 0.05098039 0.03921569]  [0.10980392 0.05098039 0.03921569]  [0.10980392 0.05098039 0.03921569]  ...  [0.14509805 0.04313726 0.04313726]  [0.14117648 0.03921569 0.04313726]  [0.14117648 0.03921569 0.04313726]] [[0.10980392 0.05098039 0.03921569]  [0.10980392 0.05098039 0.03921569]  [0.10980392 0.05098039 0.03921569]  ...  [0.14117648 0.03921569 0.04313726]  [0.14117648 0.03921569 0.04313726]  [0.14117648 0.03921569 0.04313726]] [[0.10980392 0.05098039 0.03921569]  [0.10980392 0.05098039 0.03921569]  [0.10980392 0.05098039 0.03921569]  ...  [0.14117648 0.03921569 0.04313726]  [0.14117648 0.03921569 0.04313726]  [0.14117648 0.03921569 0.04313726]]]",1.4319911603233777,18840,/home/amos/media/tv/The X-Files S01-S11 BluRay 10Bit 1080p Dts-HDMa5 1 HEVC-d3g/The X-Files S08 br 10bit dts hevc-d3g/The.X-Files.S08E07.Via.Negativa.1080p.BluRay.10Bit.Dts-HDMa5.1.HEVC-d3g.mkv206,1080,1920,0,53,698,1638,53,1022325,0.493,"[[[0.3882353  0.43137255 0.45882353]  [0.3882353  0.43137255 0.45882353]  [0.3882353  0.43137255 0.45882353]  ...  [0.38039216 0.41960785 0.45882353]  [0.38039216 0.41960785 0.45882353]  [0.38039216 0.41960785 0.45882353]] [[0.3882353  0.43137255 0.45882353]  [0.3882353  0.43137255 0.45882353]  [0.3882353  0.43137255 0.45882353]  ...  [0.38039216 0.41960785 0.45882353]  [0.38039216 0.41960785 0.45882353]  [0.38039216 0.41960785 0.45882353]] [[0.3882353  0.43137255 0.45882353]  [0.3882353  0.43137255 0.45882353]  [0.3882353  0.43137255 0.45882353]  ...  [0.38039216 0.41960785 0.45882353]  [0.38039216 0.41960785 0.45882353]  [0.38039216 0.41960785 0.45882353]] ... [[0.39607844 0.39215687 0.4       ]  [0.39607844 0.39215687 0.4       ]  [0.39607844 0.39215687 0.4       ]  ...  [0.39607844 0.40392157 0.43137255]  [0.39607844 0.40392157 0.43137255]  [0.39607844 0.40392157 0.43137255]] [[0.39607844 0.39215687 0.4       ]  [0.39607844 0.39215687 0.4       ]  [0.39607844 0.39215687 0.4       ]  ...  [0.39607844 0.40392157 0.43137255]  [0.39607844 0.40392157 0.43137255]  [0.39607844 0.40392157 0.43137255]] [[0.39607844 0.39215687 0.4       ]  [0.39607844 0.39215687 0.4       ]  [0.39607844 0.39215687 0.4       ]  ...  [0.39607844 0.40392157 0.43137255]  [0.39607844 0.40392157 0.43137255]  [0.39607844 0.40392157 0.43137255]]]",-1.0178490180405788,19296,/home/amos/media/tv/The X-Files S01-S11 BluRay 10Bit 1080p Dts-HDMa5 1 HEVC-d3g/The X-Files S08 br 10bit dts hevc-d3g/The.X-Files.S08E07.Via.Negativa.1080p.BluRay.10Bit.Dts-HDMa5.1.HEVC-d3g.mkv207,1080,1920,0,64,493,726,64,283998,0.137,"[[[0.22745098 0.12941177 0.10196079]  [0.22745098 0.12941177 0.10196079]  [0.22745098 0.12941177 0.10196079]  ...  [0.14117648 0.05490196 0.05098039]  [0.14117648 0.05490196 0.05098039]  [0.14117648 0.05490196 0.05098039]] [[0.22745098 0.12941177 0.10196079]  [0.22745098 0.12941177 0.10196079]  [0.22745098 0.12941177 0.10196079]  ...  [0.14117648 0.05490196 0.05098039]  [0.14117648 0.05490196 0.05098039]  [0.14117648 0.05490196 0.05098039]] [[0.22745098 0.12941177 0.10196079]  [0.22745098 0.12941177 0.10196079]  [0.23137255 0.13333334 0.10588235]  ...  [0.14117648 0.05490196 0.05098039]  [0.14117648 0.05490196 0.05098039]  [0.14117648 0.05490196 0.05098039]] ... [[0.21176471 0.11372549 0.10588235]  [0.21176471 0.11372549 0.10588235]  [0.21176471 0.11372549 0.10588235]  ...  [0.15294118 0.08235294 0.07450981]  [0.14901961 0.07843138 0.07058824]  [0.14901961 0.07843138 0.07058824]] [[0.21176471 0.11372549 0.10588235]  [0.21176471 0.11372549 0.10588235]  [0.21176471 0.11372549 0.10588235]  ...  [0.15294118 0.08235294 0.07450981]  [0.15294118 0.08235294 0.07450981]  [0.15294118 0.08235294 0.07450981]] [[0.21176471 0.11372549 0.10588235]  [0.21176471 0.11372549 0.10588235]  [0.21176471 0.11372549 0.10588235]  ...  [0.15294118 0.08235294 0.07450981]  [0.15294118 0.08235294 0.07450981]  [0.15294118 0.08235294 0.07450981]]]",1.9101110833580606,19464,/home/amos/media/tv/The X-Files S01-S11 BluRay 10Bit 1080p Dts-HDMa5 1 HEVC-d3g/The X-Files S08 br 10bit dts hevc-d3g/The.X-Files.S08E07.Via.Negativa.1080p.BluRay.10Bit.Dts-HDMa5.1.HEVC-d3g.mkv208,1080,1920,0,60,387,102,60,13734,0.007,"[[[0.08235294 0.03529412 0.01960784]  [0.08235294 0.03529412 0.01960784]  [0.08235294 0.03529412 0.01960784]  ...  [0.11764706 0.07058824 0.05098039]  [0.11764706 0.07058824 0.05098039]  [0.11764706 0.07058824 0.05098039]] [[0.08235294 0.03529412 0.01960784]  [0.08235294 0.03529412 0.01960784]  [0.08235294 0.03529412 0.01960784]  ...  [0.11764706 0.07058824 0.05098039]  [0.11764706 0.07058824 0.05098039]  [0.11764706 0.07058824 0.05098039]] [[0.08235294 0.03529412 0.01960784]  [0.08235294 0.03529412 0.01960784]  [0.08235294 0.03529412 0.01960784]  ...  [0.11764706 0.07058824 0.05098039]  [0.11764706 0.07058824 0.05098039]  [0.11764706 0.07058824 0.05098039]] ... [[0.16862746 0.07843138 0.0627451 ]  [0.16862746 0.07843138 0.0627451 ]  [0.16862746 0.07843138 0.0627451 ]  ...  [0.11764706 0.06666667 0.05098039]  [0.11764706 0.06666667 0.05490196]  [0.11764706 0.06666667 0.05490196]] [[0.16862746 0.07843138 0.0627451 ]  [0.16862746 0.07843138 0.0627451 ]  [0.16862746 0.07843138 0.0627451 ]  ...  [0.11764706 0.07058824 0.05490196]  [0.11764706 0.07058824 0.05490196]  [0.11764706 0.07058824 0.05490196]] [[0.16862746 0.07843138 0.0627451 ]  [0.16862746 0.07843138 0.0627451 ]  [0.16862746 0.07843138 0.0627451 ]  ...  [0.11764706 0.07058824 0.05490196]  [0.11764706 0.07058824 0.05490196]  [0.11764706 0.07058824 0.05490196]]]",9.399966035445686,19704,/home/amos/media/tv/The X-Files S01-S11 BluRay 10Bit 1080p Dts-HDMa5 1 HEVC-d3g/The X-Files S08 br 10bit dts hevc-d3g/The.X-Files.S08E07.Via.Negativa.1080p.BluRay.10Bit.Dts-HDMa5.1.HEVC-d3g.mkv209,1080,1920,0,53,535,1138,53,522970,0.252,"[[[0.24313726 0.10980392 0.10588235]  [0.24313726 0.10980392 0.10588235]  [0.24313726 0.10980392 0.10588235]  ...  [0.14117648 0.09411765 0.08235294]  [0.14117648 0.09411765 0.08235294]  [0.14117648 0.09411765 0.08235294]] [[0.24313726 0.10980392 0.10588235]  [0.24313726 0.10980392 0.10588235]  [0.24313726 0.10980392 0.10588235]  ...  [0.14117648 0.09411765 0.08235294]  [0.14117648 0.09411765 0.08235294]  [0.14117648 0.09411765 0.08235294]] [[0.24313726 0.10980392 0.10588235]  [0.24313726 0.10980392 0.10588235]  [0.24313726 0.10980392 0.10588235]  ...  [0.14117648 0.09411765 0.08235294]  [0.14117648 0.09411765 0.08235294]  [0.14117648 0.09411765 0.08235294]] ... [[0.09411765 0.01960784 0.02745098]  [0.09411765 0.01960784 0.02745098]  [0.09411765 0.01960784 0.02745098]  ...  [0.17254902 0.09019608 0.08627451]  [0.17254902 0.09019608 0.08627451]  [0.17254902 0.09019608 0.08627451]] [[0.09411765 0.01960784 0.02745098]  [0.09411765 0.01960784 0.02745098]  [0.09411765 0.01960784 0.02745098]  ...  [0.1764706  0.09019608 0.08627451]  [0.1764706  0.09019608 0.08627451]  [0.1764706  0.09019608 0.08627451]] [[0.09411765 0.01960784 0.02745098]  [0.09411765 0.01960784 0.02745098]  [0.09411765 0.01960784 0.02745098]  ...  [0.1764706  0.09019608 0.08627451]  [0.1764706  0.09019608 0.08627451]  [0.1764706  0.09019608 0.08627451]]]",1.7736240871599875,19752,/home/amos/media/tv/The X-Files S01-S11 BluRay 10Bit 1080p Dts-HDMa5 1 HEVC-d3g/The X-Files S08 br 10bit dts hevc-d3g/The.X-Files.S08E07.Via.Negativa.1080p.BluRay.10Bit.Dts-HDMa5.1.HEVC-d3g.mkv210,1080,1920,0,64,445,1414,64,514350,0.248,"[[[0.41960785 0.3372549  0.29411766]  [0.41960785 0.3372549  0.29411766]  [0.42352942 0.34117648 0.29803923]  ...  [0.39215687 0.3137255  0.27058825]  [0.39215687 0.3137255  0.27058825]  [0.39215687 0.3137255  0.27058825]] [[0.41960785 0.3372549  0.29411766]  [0.41960785 0.3372549  0.29411766]  [0.42352942 0.34117648 0.29803923]  ...  [0.39215687 0.3137255  0.27058825]  [0.39215687 0.3137255  0.27058825]  [0.39215687 0.3137255  0.27058825]] [[0.41960785 0.3372549  0.29411766]  [0.41960785 0.3372549  0.29411766]  [0.42352942 0.34117648 0.29803923]  ...  [0.39215687 0.3137255  0.27058825]  [0.39215687 0.3137255  0.27058825]  [0.39215687 0.3137255  0.27058825]] ... [[0.40784314 0.3372549  0.29411766]  [0.40784314 0.3372549  0.29411766]  [0.40784314 0.33333334 0.2901961 ]  ...  [0.3882353  0.31764707 0.27058825]  [0.3882353  0.3137255  0.26666668]  [0.3882353  0.3137255  0.26666668]] [[0.40784314 0.33333334 0.2901961 ]  [0.40784314 0.33333334 0.2901961 ]  [0.40392157 0.32941177 0.28627452]  ...  [0.39215687 0.31764707 0.27058825]  [0.3882353  0.3137255  0.26666668]  [0.3882353  0.3137255  0.26666668]] [[0.40784314 0.33333334 0.2901961 ]  [0.40784314 0.33333334 0.2901961 ]  [0.40392157 0.32941177 0.28627452]  ...  [0.39215687 0.31764707 0.27058825]  [0.3882353  0.3137255  0.26666668]  [0.3882353  0.3137255  0.26666668]]]",0.8578030806384049,20256,/home/amos/media/tv/The X-Files S01-S11 BluRay 10Bit 1080p Dts-HDMa5 1 HEVC-d3g/The X-Files S08 br 10bit dts hevc-d3g/The.X-Files.S08E07.Via.Negativa.1080p.BluRay.10Bit.Dts-HDMa5.1.HEVC-d3g.mkv211,1080,1920,0,70,447,1436,70,514982,0.248,"[[[0.3529412  0.2901961  0.23137255]  [0.3529412  0.2901961  0.23137255]  [0.35686275 0.29411766 0.23529412]  ...  [0.36078432 0.29411766 0.23529412]  [0.3647059  0.29803923 0.23921569]  [0.3647059  0.29803923 0.23921569]] [[0.3529412  0.2901961  0.23137255]  [0.3529412  0.2901961  0.23137255]  [0.35686275 0.29411766 0.23529412]  ...  [0.36078432 0.29411766 0.23529412]  [0.3647059  0.29803923 0.23921569]  [0.3647059  0.29803923 0.23921569]] [[0.3529412  0.2901961  0.23137255]  [0.3529412  0.2901961  0.23137255]  [0.35686275 0.29411766 0.23529412]  ...  [0.35686275 0.2901961  0.23529412]  [0.36078432 0.29411766 0.23529412]  [0.36078432 0.29411766 0.23529412]] ... [[0.35686275 0.3019608  0.23921569]  [0.35686275 0.3019608  0.23921569]  [0.3529412  0.29803923 0.23529412]  ...  [0.34901962 0.28627452 0.23137255]  [0.34509805 0.28235295 0.22352941]  [0.34509805 0.28235295 0.22352941]] [[0.35686275 0.3019608  0.23921569]  [0.35686275 0.3019608  0.23921569]  [0.3529412  0.29803923 0.23529412]  ...  [0.34509805 0.28235295 0.22745098]  [0.34117648 0.2784314  0.22352941]  [0.34117648 0.2784314  0.22352941]] [[0.35686275 0.3019608  0.23921569]  [0.35686275 0.3019608  0.23921569]  [0.3529412  0.29803923 0.23529412]  ...  [0.34509805 0.28235295 0.22745098]  [0.34117648 0.2784314  0.22352941]  [0.34117648 0.2784314  0.22352941]]]",0.800830157881137,20280,/home/amos/media/tv/The X-Files S01-S11 BluRay 10Bit 1080p Dts-HDMa5 1 HEVC-d3g/The X-Files S08 br 10bit dts hevc-d3g/The.X-Files.S08E07.Via.Negativa.1080p.BluRay.10Bit.Dts-HDMa5.1.HEVC-d3g.mkv212,1080,1920,0,69,446,1392,69,498771,0.241,"[[[0.1882353  0.11764706 0.10196079]  [0.1882353  0.11764706 0.10196079]  [0.1882353  0.11764706 0.10196079]  ...  [0.37254903 0.30588236 0.23921569]  [0.3647059  0.3019608  0.23529412]  [0.3647059  0.3019608  0.23529412]] [[0.1882353  0.11764706 0.10196079]  [0.1882353  0.11764706 0.10196079]  [0.1882353  0.11764706 0.10588235]  ...  [0.37254903 0.30588236 0.23921569]  [0.3647059  0.3019608  0.23529412]  [0.3647059  0.3019608  0.23529412]] [[0.1882353  0.11764706 0.10196079]  [0.1882353  0.11764706 0.10196079]  [0.19215687 0.12156863 0.10588235]  ...  [0.36862746 0.30588236 0.23921569]  [0.3647059  0.3019608  0.23529412]  [0.3647059  0.3019608  0.23529412]] ... [[0.34117648 0.27058825 0.24313726]  [0.34117648 0.27058825 0.24313726]  [0.34117648 0.27058825 0.23921569]  ...  [0.37254903 0.30980393 0.2627451 ]  [0.3764706  0.3137255  0.26666668]  [0.3764706  0.3137255  0.26666668]] [[0.3372549  0.27058825 0.23921569]  [0.3372549  0.27058825 0.23921569]  [0.3372549  0.27058825 0.23921569]  ...  [0.3764706  0.30980393 0.2627451 ]  [0.3764706  0.3137255  0.26666668]  [0.3764706  0.3137255  0.26666668]] [[0.3372549  0.27058825 0.23921569]  [0.3372549  0.27058825 0.23921569]  [0.3372549  0.27058825 0.23921569]  ...  [0.3764706  0.30980393 0.2627451 ]  [0.3764706  0.3137255  0.26666668]  [0.3764706  0.3137255  0.26666668]]]",1.3784430012456141,20328,/home/amos/media/tv/The X-Files S01-S11 BluRay 10Bit 1080p Dts-HDMa5 1 HEVC-d3g/The X-Files S08 br 10bit dts hevc-d3g/The.X-Files.S08E07.Via.Negativa.1080p.BluRay.10Bit.Dts-HDMa5.1.HEVC-d3g.mkv213,1080,1920,0,68,451,1424,68,519348,0.25,"[[[0.3372549  0.26666668 0.23529412]  [0.3372549  0.26666668 0.23529412]  [0.34901962 0.2784314  0.24705882]  ...  [0.3647059  0.3019608  0.2509804 ]  [0.36078432 0.29803923 0.24705882]  [0.36078432 0.29803923 0.24705882]] [[0.3372549  0.26666668 0.23529412]  [0.3372549  0.26666668 0.23529412]  [0.34901962 0.2784314  0.24705882]  ...  [0.3647059  0.3019608  0.2509804 ]  [0.36078432 0.29803923 0.24705882]  [0.36078432 0.29803923 0.24705882]] [[0.3372549  0.26666668 0.23529412]  [0.3372549  0.26666668 0.23529412]  [0.34901962 0.2784314  0.24705882]  ...  [0.3647059  0.3019608  0.2509804 ]  [0.36078432 0.29803923 0.24705882]  [0.36078432 0.29803923 0.24705882]] ... [[0.36862746 0.29411766 0.24705882]  [0.36862746 0.29411766 0.24705882]  [0.37254903 0.29803923 0.2509804 ]  ...  [0.3647059  0.29411766 0.24313726]  [0.3647059  0.29411766 0.24313726]  [0.3647059  0.29411766 0.24313726]] [[0.36862746 0.29411766 0.24705882]  [0.36862746 0.29411766 0.24705882]  [0.37254903 0.29803923 0.2509804 ]  ...  [0.3647059  0.29411766 0.24313726]  [0.3647059  0.29411766 0.24313726]  [0.3647059  0.29411766 0.24313726]] [[0.36862746 0.29411766 0.24705882]  [0.36862746 0.29411766 0.24705882]  [0.37254903 0.29803923 0.2509804 ]  ...  [0.3647059  0.29411766 0.24705882]  [0.3647059  0.29411766 0.24313726]  [0.3647059  0.29411766 0.24313726]]]",2.2385790463886224,20448,/home/amos/media/tv/The X-Files S01-S11 BluRay 10Bit 1080p Dts-HDMa5 1 HEVC-d3g/The X-Files S08 br 10bit dts hevc-d3g/The.X-Files.S08E07.Via.Negativa.1080p.BluRay.10Bit.Dts-HDMa5.1.HEVC-d3g.mkv214,1080,1920,0,134,163,725,134,17139,0.008,"[[[0.11764706 0.06666667 0.03137255]  [0.11764706 0.06666667 0.03137255]  [0.11764706 0.07058824 0.03529412]  ...  [0.09411765 0.04313726 0.03137255]  [0.09019608 0.03921569 0.02745098]  [0.09019608 0.03921569 0.02745098]] [[0.11764706 0.06666667 0.03137255]  [0.11764706 0.06666667 0.03137255]  [0.11764706 0.07058824 0.03137255]  ...  [0.09803922 0.04705882 0.03529412]  [0.09411765 0.04313726 0.03137255]  [0.09411765 0.04313726 0.03137255]] [[0.12156863 0.06666667 0.03137255]  [0.11764706 0.06666667 0.03137255]  [0.11764706 0.06666667 0.03137255]  ...  [0.10196079 0.05098039 0.03921569]  [0.09803922 0.04705882 0.03529412]  [0.09803922 0.04705882 0.03529412]] ... [[0.14117648 0.08235294 0.04313726]  [0.14117648 0.08235294 0.04313726]  [0.14117648 0.08235294 0.04313726]  ...  [0.16470589 0.08627451 0.0627451 ]  [0.17254902 0.09411765 0.07058824]  [0.1764706  0.09803922 0.07450981]] [[0.14509805 0.08627451 0.04313726]  [0.14509805 0.08627451 0.04313726]  [0.14509805 0.08627451 0.04313726]  ...  [0.16078432 0.08235294 0.05882353]  [0.15686275 0.07843138 0.05882353]  [0.15686275 0.07843138 0.05490196]] [[0.14509805 0.08627451 0.04705882]  [0.14509805 0.08627451 0.04705882]  [0.14509805 0.08627451 0.04705882]  ...  [0.16078432 0.08235294 0.05882353]  [0.14901961 0.07058824 0.05098039]  [0.14509805 0.06666667 0.04313726]]]",4.385063014982734,20496,/home/amos/media/tv/The X-Files S01-S11 BluRay 10Bit 1080p Dts-HDMa5 1 HEVC-d3g/The X-Files S08 br 10bit dts hevc-d3g/The.X-Files.S08E07.Via.Negativa.1080p.BluRay.10Bit.Dts-HDMa5.1.HEVC-d3g.mkv215,1080,1920,0,61,483,1453,61,587424,0.283,"[[[0.39607844 0.34117648 0.28235295]  [0.39607844 0.34117648 0.28235295]  [0.4        0.34117648 0.28627452]  ...  [0.40392157 0.34117648 0.28627452]  [0.40392157 0.34117648 0.28627452]  [0.40392157 0.34117648 0.28627452]] [[0.39607844 0.34117648 0.28235295]  [0.39607844 0.34117648 0.28235295]  [0.4        0.34117648 0.28627452]  ...  [0.40392157 0.34117648 0.28627452]  [0.40392157 0.34117648 0.28627452]  [0.40392157 0.34117648 0.28627452]] [[0.39607844 0.34117648 0.28235295]  [0.39607844 0.34117648 0.28235295]  [0.4        0.34117648 0.28235295]  ...  [0.40392157 0.34117648 0.28627452]  [0.40392157 0.34117648 0.28627452]  [0.40392157 0.34117648 0.28627452]] ... [[0.41568628 0.34901962 0.29411766]  [0.41568628 0.34901962 0.29411766]  [0.41568628 0.34901962 0.29411766]  ...  [0.4745098  0.38431373 0.33333334]  [0.4745098  0.38431373 0.33333334]  [0.4745098  0.38431373 0.33333334]] [[0.41568628 0.34901962 0.29411766]  [0.41568628 0.34901962 0.29411766]  [0.41568628 0.34901962 0.29411766]  ...  [0.4745098  0.38431373 0.33333334]  [0.4745098  0.38431373 0.33333334]  [0.4745098  0.38431373 0.33333334]] [[0.41568628 0.34901962 0.29411766]  [0.41568628 0.34901962 0.29411766]  [0.41960785 0.34901962 0.29411766]  ...  [0.4745098  0.38431373 0.33333334]  [0.4745098  0.38431373 0.33333334]  [0.4745098  0.38431373 0.33333334]]]",0.6352319889119826,20688,/home/amos/media/tv/The X-Files S01-S11 BluRay 10Bit 1080p Dts-HDMa5 1 HEVC-d3g/The X-Files S08 br 10bit dts hevc-d3g/The.X-Files.S08E07.Via.Negativa.1080p.BluRay.10Bit.Dts-HDMa5.1.HEVC-d3g.mkv216,1080,1920,0,115,305,514,115,75810,0.037,"[[[0.12941177 0.03529412 0.02745098]  [0.12941177 0.03529412 0.02745098]  [0.12941177 0.03529412 0.02745098]  ...  [0.16078432 0.08235294 0.0627451 ]  [0.15686275 0.07843138 0.05882353]  [0.15686275 0.07843138 0.05490196]] [[0.1254902  0.03529412 0.02745098]  [0.1254902  0.03529412 0.02745098]  [0.1254902  0.03529412 0.02745098]  ...  [0.16470589 0.08235294 0.05882353]  [0.16078432 0.07843138 0.05882353]  [0.15686275 0.07843138 0.05490196]] [[0.12156863 0.03137255 0.02745098]  [0.12156863 0.03137255 0.02745098]  [0.12156863 0.03137255 0.02745098]  ...  [0.16470589 0.08235294 0.05882353]  [0.16470589 0.08235294 0.05882353]  [0.16078432 0.08235294 0.05882353]] ... [[0.39607844 0.28627452 0.26666668]  [0.4        0.2901961  0.26666668]  [0.40392157 0.29411766 0.27450982]  ...  [0.43137255 0.34117648 0.32156864]  [0.43137255 0.34117648 0.32156864]  [0.43137255 0.34117648 0.3254902 ]] [[0.39215687 0.28627452 0.2627451 ]  [0.39607844 0.2901961  0.26666668]  [0.40392157 0.29803923 0.27450982]  ...  [0.44313726 0.3529412  0.33333334]  [0.4392157  0.34901962 0.32941177]  [0.4392157  0.34901962 0.32941177]] [[0.39215687 0.28627452 0.2627451 ]  [0.39607844 0.2901961  0.26666668]  [0.40392157 0.29803923 0.27450982]  ...  [0.44705883 0.36078432 0.34117648]  [0.44313726 0.35686275 0.33333334]  [0.44313726 0.3529412  0.33333334]]]",2.8977419722941704,20760,/home/amos/media/tv/The X-Files S01-S11 BluRay 10Bit 1080p Dts-HDMa5 1 HEVC-d3g/The X-Files S08 br 10bit dts hevc-d3g/The.X-Files.S08E07.Via.Negativa.1080p.BluRay.10Bit.Dts-HDMa5.1.HEVC-d3g.mkv217,1080,1920,0,101,404,911,101,245430,0.118,"[[[0.11764706 0.03137255 0.03137255]  [0.11764706 0.03137255 0.03137255]  [0.1254902  0.03529412 0.03529412]  ...  [0.1254902  0.07843138 0.03921569]  [0.12156863 0.07450981 0.03529412]  [0.12156863 0.07450981 0.03529412]] [[0.11764706 0.03137255 0.03137255]  [0.12156863 0.03137255 0.03137255]  [0.1254902  0.03529412 0.03529412]  ...  [0.1254902  0.07843138 0.03921569]  [0.12156863 0.07450981 0.03529412]  [0.12156863 0.07450981 0.03529412]] [[0.11764706 0.03137255 0.03137255]  [0.12156863 0.03529412 0.03529412]  [0.1254902  0.03529412 0.03529412]  ...  [0.1254902  0.07843138 0.03921569]  [0.12156863 0.07450981 0.03529412]  [0.12156863 0.07450981 0.03529412]] ... [[0.14901961 0.05490196 0.05490196]  [0.14901961 0.05098039 0.05490196]  [0.15294118 0.05098039 0.05490196]  ...  [0.12156863 0.07843138 0.04313726]  [0.12156863 0.07843138 0.04313726]  [0.11764706 0.07843138 0.03921569]] [[0.14509805 0.05098039 0.05098039]  [0.14901961 0.05098039 0.05098039]  [0.14901961 0.04705882 0.05098039]  ...  [0.11764706 0.07450981 0.03921569]  [0.11764706 0.07450981 0.03921569]  [0.11764706 0.07450981 0.03921569]] [[0.14509805 0.05098039 0.05098039]  [0.14509805 0.05098039 0.05098039]  [0.14901961 0.04705882 0.05098039]  ...  [0.11764706 0.07450981 0.03921569]  [0.11764706 0.07450981 0.03921569]  [0.11764706 0.07450981 0.03921569]]]",1.6794090326293372,20784,/home/amos/media/tv/The X-Files S01-S11 BluRay 10Bit 1080p Dts-HDMa5 1 HEVC-d3g/The X-Files S08 br 10bit dts hevc-d3g/The.X-Files.S08E07.Via.Negativa.1080p.BluRay.10Bit.Dts-HDMa5.1.HEVC-d3g.mkv218,1080,1920,0,128,273,864,128,106720,0.051,"[[[0.2901961  0.16862746 0.13333334]  [0.2901961  0.16862746 0.13333334]  [0.2901961  0.16862746 0.13333334]  ...  [0.10196079 0.05490196 0.03137255]  [0.10196079 0.05882353 0.03529412]  [0.10588235 0.05882353 0.03529412]] [[0.2901961  0.16470589 0.13333334]  [0.2901961  0.16862746 0.13333334]  [0.2901961  0.16862746 0.13333334]  ...  [0.10588235 0.05490196 0.03137255]  [0.10588235 0.05882353 0.03529412]  [0.10980392 0.05882353 0.03529412]] [[0.28627452 0.16470589 0.12941177]  [0.2901961  0.16862746 0.13333334]  [0.29411766 0.17254902 0.13725491]  ...  [0.10980392 0.05882353 0.03529412]  [0.10980392 0.0627451  0.03529412]  [0.11372549 0.0627451  0.03921569]] ... [[0.09411765 0.01960784 0.02745098]  [0.09411765 0.01960784 0.02745098]  [0.09411765 0.01960784 0.02745098]  ...  [0.11372549 0.07843138 0.05490196]  [0.11764706 0.08235294 0.05882353]  [0.11764706 0.08235294 0.05882353]] [[0.09803922 0.02352941 0.02745098]  [0.09411765 0.01960784 0.02745098]  [0.09411765 0.01960784 0.02352941]  ...  [0.10980392 0.08235294 0.05490196]  [0.11372549 0.08235294 0.05490196]  [0.11372549 0.08235294 0.05882353]] [[0.09803922 0.02352941 0.02745098]  [0.09803922 0.01960784 0.02352941]  [0.09411765 0.01960784 0.02352941]  ...  [0.10980392 0.08235294 0.05490196]  [0.11372549 0.08627451 0.05882353]  [0.11372549 0.08627451 0.05882353]]]",6.071635998960119,20880,/home/amos/media/tv/The X-Files S01-S11 BluRay 10Bit 1080p Dts-HDMa5 1 HEVC-d3g/The X-Files S08 br 10bit dts hevc-d3g/The.X-Files.S08E07.Via.Negativa.1080p.BluRay.10Bit.Dts-HDMa5.1.HEVC-d3g.mkv219,1080,1920,0,114,278,853,114,121196,0.058,"[[[0.27058825 0.16078432 0.11764706]  [0.27058825 0.16078432 0.11372549]  [0.27058825 0.16470589 0.10980392]  ...  [0.10980392 0.0627451  0.03921569]  [0.10588235 0.05882353 0.03529412]  [0.10588235 0.05882353 0.03529412]] [[0.26666668 0.16078432 0.11764706]  [0.26666668 0.16078432 0.11372549]  [0.27058825 0.16078432 0.10980392]  ...  [0.10980392 0.0627451  0.03921569]  [0.10980392 0.05882353 0.03921569]  [0.10588235 0.05882353 0.03529412]] [[0.25882354 0.15686275 0.11764706]  [0.2627451  0.15686275 0.11372549]  [0.26666668 0.15686275 0.10980392]  ...  [0.11372549 0.06666667 0.04313726]  [0.10980392 0.0627451  0.03921569]  [0.10980392 0.0627451  0.03921569]] ... [[0.09019608 0.01568628 0.02745098]  [0.09019608 0.01568628 0.02745098]  [0.08627451 0.01176471 0.02352941]  ...  [0.11764706 0.07843138 0.04705882]  [0.11764706 0.07843138 0.04705882]  [0.11764706 0.07843138 0.04705882]] [[0.09019608 0.01568628 0.02745098]  [0.09019608 0.01568628 0.02745098]  [0.09019608 0.01568628 0.02745098]  ...  [0.11764706 0.07843138 0.05098039]  [0.11764706 0.07843138 0.05098039]  [0.11764706 0.07843138 0.05098039]] [[0.09019608 0.01568628 0.02745098]  [0.09019608 0.01568628 0.02745098]  [0.09019608 0.01568628 0.02745098]  ...  [0.11764706 0.07843138 0.05098039]  [0.11764706 0.07843138 0.05098039]  [0.11764706 0.07843138 0.05098039]]]",1.7341311510535888,20904,/home/amos/media/tv/The X-Files S01-S11 BluRay 10Bit 1080p Dts-HDMa5 1 HEVC-d3g/The X-Files S08 br 10bit dts hevc-d3g/The.X-Files.S08E07.Via.Negativa.1080p.BluRay.10Bit.Dts-HDMa5.1.HEVC-d3g.mkv220,1080,1920,0,123,293,823,123,119000,0.057,"[[[0.23921569 0.14117648 0.09019608]  [0.23137255 0.13725491 0.08627451]  [0.22352941 0.1254902  0.07843138]  ...  [0.09411765 0.04705882 0.02352941]  [0.09019608 0.03921569 0.01960784]  [0.08627451 0.03921569 0.01568628]] [[0.24313726 0.14509805 0.09411765]  [0.23921569 0.14117648 0.09019608]  [0.23137255 0.13333334 0.08235294]  ...  [0.09411765 0.04705882 0.02352941]  [0.09019608 0.04313726 0.01960784]  [0.09019608 0.04313726 0.01568628]] [[0.2509804  0.15294118 0.10196079]  [0.24705882 0.14901961 0.09803922]  [0.23921569 0.14117648 0.09019608]  ...  [0.09803922 0.04705882 0.02352941]  [0.09411765 0.04705882 0.02352941]  [0.09411765 0.04705882 0.02352941]] ... [[0.08235294 0.02352941 0.03137255]  [0.08235294 0.02352941 0.03137255]  [0.08235294 0.02352941 0.03137255]  ...  [0.09019608 0.07058824 0.05098039]  [0.09411765 0.07450981 0.05490196]  [0.09803922 0.07843138 0.05882353]] [[0.08627451 0.02352941 0.03529412]  [0.08235294 0.02352941 0.03137255]  [0.08235294 0.02352941 0.03137255]  ...  [0.08627451 0.07058824 0.04705882]  [0.09019608 0.07450981 0.05098039]  [0.09411765 0.07450981 0.05490196]] [[0.08627451 0.02745098 0.03529412]  [0.08627451 0.02745098 0.03137255]  [0.08235294 0.02352941 0.03137255]  ...  [0.08627451 0.07058824 0.04705882]  [0.09019608 0.07058824 0.05098039]  [0.09019608 0.07450981 0.05098039]]]",2.162107008683961,21000,/home/amos/media/tv/The X-Files S01-S11 BluRay 10Bit 1080p Dts-HDMa5 1 HEVC-d3g/The X-Files S08 br 10bit dts hevc-d3g/The.X-Files.S08E07.Via.Negativa.1080p.BluRay.10Bit.Dts-HDMa5.1.HEVC-d3g.mkv221,1080,1920,0,110,311,874,110,153564,0.074,"[[[0.21176471 0.11372549 0.07450981]  [0.21568628 0.11764706 0.07843138]  [0.22745098 0.12941177 0.09019608]  ...  [0.13725491 0.07058824 0.04705882]  [0.13725491 0.07058824 0.04705882]  [0.         0.         0.        ]] [[0.21176471 0.10980392 0.07450981]  [0.21568628 0.11372549 0.07843138]  [0.22745098 0.1254902  0.09019608]  ...  [0.13725491 0.07058824 0.04705882]  [0.13725491 0.07058824 0.04705882]  [0.         0.         0.        ]] [[0.21176471 0.10588235 0.07058824]  [0.21568628 0.10980392 0.07450981]  [0.22352941 0.11764706 0.08235294]  ...  [0.14117648 0.07450981 0.04705882]  [0.14117648 0.07450981 0.04705882]  [0.         0.         0.        ]] ... [[0.07450981 0.01960784 0.02352941]  [0.07450981 0.01960784 0.02352941]  [0.07450981 0.01960784 0.02352941]  ...  [0.12941177 0.07058824 0.03921569]  [0.12941177 0.07058824 0.03921569]  [0.         0.         0.        ]] [[0.07450981 0.01960784 0.02352941]  [0.07450981 0.01960784 0.02352941]  [0.07450981 0.01960784 0.02352941]  ...  [0.12941177 0.07058824 0.03921569]  [0.12941177 0.07058824 0.03921569]  [0.         0.         0.        ]] [[0.         0.         0.        ]  [0.         0.         0.        ]  [0.         0.         0.        ]  ...  [0.         0.         0.        ]  [0.         0.         0.        ]  [0.         0.         0.        ]]]",4.293295022682287,21072,/home/amos/media/tv/The X-Files S01-S11 BluRay 10Bit 1080p Dts-HDMa5 1 HEVC-d3g/The X-Files S08 br 10bit dts hevc-d3g/The.X-Files.S08E07.Via.Negativa.1080p.BluRay.10Bit.Dts-HDMa5.1.HEVC-d3g.mkv222,1080,1920,0,114,325,906,114,167112,0.081,"[[[0.23137255 0.12156863 0.08235294]  [0.24313726 0.13333334 0.09411765]  [0.27058825 0.16078432 0.12156863]  ...  [0.10588235 0.05882353 0.02745098]  [0.10588235 0.05882353 0.02745098]  [0.10588235 0.05882353 0.02745098]] [[0.22745098 0.11764706 0.08235294]  [0.23921569 0.12941177 0.09411765]  [0.26666668 0.15686275 0.11764706]  ...  [0.10588235 0.05882353 0.02745098]  [0.10588235 0.05882353 0.02745098]  [0.10588235 0.05882353 0.02745098]] [[0.22352941 0.11372549 0.07843138]  [0.23529412 0.1254902  0.09019608]  [0.25882354 0.14901961 0.11764706]  ...  [0.10980392 0.0627451  0.03137255]  [0.10980392 0.0627451  0.03137255]  [0.10980392 0.0627451  0.03137255]] ... [[0.09411765 0.02352941 0.03529412]  [0.09411765 0.02352941 0.03529412]  [0.09411765 0.02352941 0.03529412]  ...  [0.08627451 0.06666667 0.05098039]  [0.08627451 0.06666667 0.05098039]  [0.08627451 0.06666667 0.05098039]] [[0.09411765 0.02352941 0.03529412]  [0.09411765 0.02352941 0.03529412]  [0.09019608 0.01960784 0.03137255]  ...  [0.09411765 0.07058824 0.05490196]  [0.09411765 0.07058824 0.05490196]  [0.09411765 0.07058824 0.05490196]] [[0.09411765 0.02352941 0.03529412]  [0.09411765 0.02352941 0.03529412]  [0.09019608 0.01960784 0.03137255]  ...  [0.09803922 0.07450981 0.05882353]  [0.09803922 0.07450981 0.05882353]  [0.09803922 0.07450981 0.05882353]]]",6.085589093330782,21096,/home/amos/media/tv/The X-Files S01-S11 BluRay 10Bit 1080p Dts-HDMa5 1 HEVC-d3g/The X-Files S08 br 10bit dts hevc-d3g/The.X-Files.S08E07.Via.Negativa.1080p.BluRay.10Bit.Dts-HDMa5.1.HEVC-d3g.mkv223,1080,1920,0,56,475,1833,56,744563,0.359,"[[[0.5803922  0.4862745  0.41960785]  [0.5803922  0.4862745  0.41960785]  [0.58431375 0.49019608 0.42352942]  ...  [0.48235294 0.39215687 0.3254902 ]  [0.47843137 0.3882353  0.32156864]  [0.47843137 0.3882353  0.32156864]] [[0.5803922  0.4862745  0.41960785]  [0.5803922  0.4862745  0.41960785]  [0.58431375 0.49019608 0.42352942]  ...  [0.48235294 0.39215687 0.3254902 ]  [0.47843137 0.3882353  0.32156864]  [0.47843137 0.3882353  0.32156864]] [[0.5803922  0.4862745  0.41960785]  [0.5803922  0.4862745  0.41960785]  [0.5882353  0.49019608 0.42352942]  ...  [0.48235294 0.39215687 0.3254902 ]  [0.47843137 0.3882353  0.32156864]  [0.47843137 0.3882353  0.32156864]] ... [[0.60784316 0.5137255  0.4509804 ]  [0.60784316 0.5137255  0.4509804 ]  [0.60784316 0.5137255  0.4509804 ]  ...  [0.5058824  0.40392157 0.33333334]  [0.5019608  0.4        0.32941177]  [0.5019608  0.4        0.32941177]] [[0.60784316 0.5137255  0.4509804 ]  [0.60784316 0.5137255  0.4509804 ]  [0.60784316 0.5137255  0.4509804 ]  ...  [0.5058824  0.40392157 0.33333334]  [0.5019608  0.4        0.32941177]  [0.5019608  0.4        0.32941177]] [[0.60784316 0.5137255  0.4509804 ]  [0.60784316 0.5137255  0.4509804 ]  [0.60784316 0.5137255  0.4509804 ]  ...  [0.5058824  0.40392157 0.33333334]  [0.5019608  0.4        0.32941177]  [0.5019608  0.4        0.32941177]]]",2.175337132473942,21120,/home/amos/media/tv/The X-Files S01-S11 BluRay 10Bit 1080p Dts-HDMa5 1 HEVC-d3g/The X-Files S08 br 10bit dts hevc-d3g/The.X-Files.S08E07.Via.Negativa.1080p.BluRay.10Bit.Dts-HDMa5.1.HEVC-d3g.mkv224,1080,1920,0,134,166,1415,134,40992,0.02,"[[[0.08627451 0.05098039 0.03529412]  [0.09019608 0.05490196 0.03921569]  [0.09803922 0.05882353 0.04313726]  ...  [0.20392157 0.11372549 0.08627451]  [0.2        0.10980392 0.08235294]  [0.2        0.10980392 0.08235294]] [[0.08627451 0.05098039 0.03529412]  [0.09019608 0.05490196 0.03529412]  [0.09803922 0.05882353 0.03921569]  ...  [0.20392157 0.11372549 0.08627451]  [0.2        0.11372549 0.08235294]  [0.2        0.10980392 0.08235294]] [[0.08627451 0.05098039 0.03529412]  [0.09019608 0.05098039 0.03529412]  [0.09411765 0.05490196 0.03921569]  ...  [0.20392157 0.11372549 0.08627451]  [0.20392157 0.11372549 0.08627451]  [0.20392157 0.11372549 0.08627451]] ... [[0.1254902  0.07843138 0.04313726]  [0.1254902  0.07843138 0.04313726]  [0.12941177 0.08235294 0.04705882]  ...  [0.34509805 0.25882354 0.24705882]  [0.3372549  0.2509804  0.23921569]  [0.33333334 0.24705882 0.23529412]] [[0.1254902  0.07843138 0.04313726]  [0.1254902  0.07843138 0.04313726]  [0.1254902  0.07843138 0.04313726]  ...  [0.34117648 0.25490198 0.24313726]  [0.34117648 0.25490198 0.24313726]  [0.3372549  0.2509804  0.23921569]] [[0.1254902  0.07843138 0.04313726]  [0.1254902  0.07843138 0.04313726]  [0.1254902  0.07843138 0.04313726]  ...  [0.34117648 0.25490198 0.24313726]  [0.34117648 0.25490198 0.24313726]  [0.34117648 0.25490198 0.24313726]]]",3.0002181496820413,21216,/home/amos/media/tv/The X-Files S01-S11 BluRay 10Bit 1080p Dts-HDMa5 1 HEVC-d3g/The X-Files S08 br 10bit dts hevc-d3g/The.X-Files.S08E07.Via.Negativa.1080p.BluRay.10Bit.Dts-HDMa5.1.HEVC-d3g.mkv225,1080,1920,0,96,244,805,96,104932,0.051,"[[[0.02745098 0.01176471 0.03137255]  [0.02745098 0.01176471 0.03137255]  [0.02745098 0.01176471 0.03137255]  ...  [0.09019608 0.08235294 0.09803922]  [0.08235294 0.07450981 0.09019608]  [0.08235294 0.07450981 0.09019608]] [[0.02745098 0.01176471 0.03137255]  [0.02745098 0.01176471 0.03137255]  [0.02745098 0.01176471 0.03137255]  ...  [0.09019608 0.08235294 0.09803922]  [0.08235294 0.07843138 0.09019608]  [0.08235294 0.07450981 0.09019608]] [[0.02352941 0.00784314 0.02745098]  [0.02745098 0.00784314 0.02745098]  [0.02745098 0.01176471 0.03137255]  ...  [0.09019608 0.08235294 0.09803922]  [0.08235294 0.07450981 0.09019608]  [0.08235294 0.07450981 0.09019608]] ... [[0.11764706 0.10196079 0.11764706]  [0.10980392 0.09411765 0.10980392]  [0.09411765 0.07843138 0.09411765]  ...  [0.14509805 0.12941177 0.1254902 ]  [0.14117648 0.12941177 0.12156863]  [0.14117648 0.12941177 0.12156863]] [[0.10980392 0.09411765 0.10980392]  [0.10196079 0.08627451 0.10196079]  [0.08235294 0.06666667 0.08235294]  ...  [0.14901961 0.13333334 0.12941177]  [0.14509805 0.13333334 0.1254902 ]  [0.14509805 0.13333334 0.1254902 ]] [[0.10588235 0.09019608 0.10588235]  [0.09803922 0.08235294 0.09803922]  [0.07843138 0.0627451  0.07843138]  ...  [0.14901961 0.13333334 0.12941177]  [0.14509805 0.13333334 0.1254902 ]  [0.14509805 0.13333334 0.1254902 ]]]",3.3677630745223723,21480,/home/amos/media/tv/The X-Files S01-S11 BluRay 10Bit 1080p Dts-HDMa5 1 HEVC-d3g/The X-Files S08 br 10bit dts hevc-d3g/The.X-Files.S08E07.Via.Negativa.1080p.BluRay.10Bit.Dts-HDMa5.1.HEVC-d3g.mkv226,1080,1920,0,222,539,849,222,198759,0.096,"[[[0.01568628 0.         0.01960784]  [0.01960784 0.00392157 0.02352941]  [0.02352941 0.00784314 0.02745098]  ...  [0.01960784 0.00392157 0.02745098]  [0.01960784 0.00392157 0.02352941]  [0.         0.         0.        ]] [[0.02352941 0.00392157 0.02352941]  [0.02745098 0.00784314 0.02745098]  [0.02745098 0.00784314 0.02745098]  ...  [0.01960784 0.00392157 0.02352941]  [0.01960784 0.00392157 0.02352941]  [0.         0.         0.        ]] [[0.02745098 0.01568628 0.03137255]  [0.02745098 0.01568628 0.03137255]  [0.02352941 0.01176471 0.02745098]  ...  [0.01960784 0.00392157 0.02745098]  [0.01960784 0.00392157 0.02352941]  [0.         0.         0.        ]] ... [[0.02352941 0.01568628 0.02352941]  [0.02745098 0.01960784 0.02745098]  [0.03137255 0.02352941 0.03137255]  ...  [0.02745098 0.01176471 0.02352941]  [0.02745098 0.01176471 0.02745098]  [0.         0.         0.        ]] [[0.03137255 0.02352941 0.03137255]  [0.03137255 0.02352941 0.03137255]  [0.03137255 0.02352941 0.03137255]  ...  [0.02745098 0.01176471 0.02352941]  [0.02745098 0.01176471 0.02745098]  [0.         0.         0.        ]] [[0.         0.         0.        ]  [0.         0.         0.        ]  [0.         0.         0.        ]  ...  [0.         0.         0.        ]  [0.         0.         0.        ]  [0.         0.         0.        ]]]",1.2676479678484611,21792,/home/amos/media/tv/The X-Files S01-S11 BluRay 10Bit 1080p Dts-HDMa5 1 HEVC-d3g/The X-Files S08 br 10bit dts hevc-d3g/The.X-Files.S08E07.Via.Negativa.1080p.BluRay.10Bit.Dts-HDMa5.1.HEVC-d3g.mkv227,1080,1920,0,154,901,806,154,487044,0.235,"[[[0.01960784 0.00392157 0.03137255]  [0.01960784 0.00392157 0.03137255]  [0.01960784 0.00392157 0.02745098]  ...  [0.00784314 0.         0.01568628]  [0.00784314 0.         0.01568628]  [0.00784314 0.         0.01568628]] [[0.02745098 0.00784314 0.03921569]  [0.02745098 0.00784314 0.03921569]  [0.02352941 0.01176471 0.03529412]  ...  [0.00784314 0.         0.01568628]  [0.00784314 0.         0.01568628]  [0.00784314 0.         0.01568628]] [[0.03529412 0.01960784 0.04705882]  [0.03529412 0.01960784 0.04705882]  [0.03137255 0.01568628 0.03921569]  ...  [0.01176471 0.         0.01960784]  [0.01176471 0.         0.01960784]  [0.01176471 0.         0.01960784]] ... [[0.         0.00784314 0.03529412]  [0.         0.00392157 0.03137255]  [0.         0.         0.02745098]  ...  [0.13725491 0.05882353 0.05098039]  [0.14117648 0.0627451  0.05098039]  [0.14117648 0.06666667 0.05098039]] [[0.         0.00784314 0.03921569]  [0.         0.00392157 0.03529412]  [0.         0.00392157 0.03137255]  ...  [0.14509805 0.06666667 0.05882353]  [0.14509805 0.06666667 0.05882353]  [0.14901961 0.07058824 0.05882353]] [[0.00392157 0.01176471 0.04705882]  [0.         0.00784314 0.04313726]  [0.         0.00392157 0.03921569]  ...  [0.14901961 0.07058824 0.0627451 ]  [0.14901961 0.07058824 0.0627451 ]  [0.15294118 0.07450981 0.06666667]]]",3.0183880470576696,21960,/home/amos/media/tv/The X-Files S01-S11 BluRay 10Bit 1080p Dts-HDMa5 1 HEVC-d3g/The X-Files S08 br 10bit dts hevc-d3g/The.X-Files.S08E07.Via.Negativa.1080p.BluRay.10Bit.Dts-HDMa5.1.HEVC-d3g.mkv228,1080,1920,0,63,360,789,63,215622,0.104,"[[[0.03529412 0.02745098 0.04313726]  [0.03529412 0.02745098 0.04313726]  [0.03529412 0.02745098 0.04313726]  ...  [0.18039216 0.18431373 0.19607843]  [0.18039216 0.18431373 0.19607843]  [0.18039216 0.18431373 0.19607843]] [[0.03529412 0.02745098 0.04313726]  [0.03529412 0.02745098 0.04313726]  [0.03529412 0.02745098 0.04313726]  ...  [0.18039216 0.18431373 0.19607843]  [0.18039216 0.18431373 0.19607843]  [0.18039216 0.18431373 0.19607843]] [[0.03529412 0.02745098 0.04313726]  [0.03529412 0.02745098 0.04313726]  [0.03529412 0.02745098 0.04313726]  ...  [0.17254902 0.18039216 0.19215687]  [0.17254902 0.1764706  0.1882353 ]  [0.17254902 0.1764706  0.1882353 ]] ... [[0.02745098 0.01960784 0.03529412]  [0.02745098 0.01960784 0.03529412]  [0.02745098 0.01960784 0.03529412]  ...  [0.5529412  0.5411765  0.5529412 ]  [0.6        0.5882353  0.6       ]  [0.6        0.5882353  0.6       ]] [[0.02745098 0.01960784 0.03529412]  [0.02745098 0.01960784 0.03529412]  [0.02745098 0.01960784 0.03529412]  ...  [0.54509807 0.53333336 0.54509807]  [0.59607846 0.58431375 0.59607846]  [0.59607846 0.58431375 0.59607846]] [[0.02745098 0.01960784 0.03529412]  [0.02745098 0.01960784 0.03529412]  [0.02745098 0.01960784 0.03529412]  ...  [0.54509807 0.53333336 0.54509807]  [0.59607846 0.58431375 0.59607846]  [0.59607846 0.58431375 0.59607846]]]",2.5384240279672667,22440,/home/amos/media/tv/The X-Files S01-S11 BluRay 10Bit 1080p Dts-HDMa5 1 HEVC-d3g/The X-Files S08 br 10bit dts hevc-d3g/The.X-Files.S08E07.Via.Negativa.1080p.BluRay.10Bit.Dts-HDMa5.1.HEVC-d3g.mkv229,1080,1920,0,64,346,789,64,204450,0.099,"[[[0.02745098 0.01960784 0.03529412]  [0.02745098 0.01960784 0.03529412]  [0.02745098 0.01960784 0.03529412]  ...  [0.17254902 0.16470589 0.18039216]  [0.16470589 0.15294118 0.16862746]  [0.16470589 0.15294118 0.16862746]] [[0.02745098 0.01960784 0.03529412]  [0.02745098 0.01960784 0.03529412]  [0.02745098 0.01960784 0.03529412]  ...  [0.17254902 0.16470589 0.18039216]  [0.16470589 0.15294118 0.16862746]  [0.16470589 0.15294118 0.16862746]] [[0.02745098 0.01960784 0.03529412]  [0.02745098 0.01960784 0.03529412]  [0.02745098 0.01960784 0.03137255]  ...  [0.1764706  0.16470589 0.18039216]  [0.16862746 0.15686275 0.17254902]  [0.16862746 0.15686275 0.17254902]] ... [[0.02745098 0.01960784 0.03529412]  [0.02745098 0.01960784 0.03529412]  [0.02745098 0.01960784 0.03529412]  ...  [0.52156866 0.5019608  0.5176471 ]  [0.54901963 0.5254902  0.54509807]  [0.54901963 0.5254902  0.54509807]] [[0.02745098 0.01960784 0.03529412]  [0.02745098 0.01960784 0.03529412]  [0.02745098 0.01960784 0.03529412]  ...  [0.50980395 0.4862745  0.5019608 ]  [0.5411765  0.5176471  0.53333336]  [0.5411765  0.5176471  0.53333336]] [[0.02745098 0.01960784 0.03529412]  [0.02745098 0.01960784 0.03529412]  [0.02745098 0.01960784 0.03529412]  ...  [0.50980395 0.4862745  0.5019608 ]  [0.5411765  0.5176471  0.53333336]  [0.5411765  0.5176471  0.53333336]]]",1.9939381153089926,22464,/home/amos/media/tv/The X-Files S01-S11 BluRay 10Bit 1080p Dts-HDMa5 1 HEVC-d3g/The X-Files S08 br 10bit dts hevc-d3g/The.X-Files.S08E07.Via.Negativa.1080p.BluRay.10Bit.Dts-HDMa5.1.HEVC-d3g.mkv230,1080,1920,0,195,466,544,195,94579,0.046,"[[[0.03921569 0.02745098 0.04313726]  [0.03921569 0.02745098 0.04313726]  [0.04313726 0.02745098 0.04313726]  ...  [0.14509805 0.1254902  0.14509805]  [0.20392157 0.18039216 0.2       ]  [0.         0.         0.        ]] [[0.03921569 0.02745098 0.04313726]  [0.03921569 0.02745098 0.04313726]  [0.04313726 0.02745098 0.04313726]  ...  [0.13725491 0.11764706 0.13725491]  [0.19607843 0.17254902 0.19215687]  [0.         0.         0.        ]] [[0.03529412 0.02352941 0.03921569]  [0.03921569 0.02745098 0.04313726]  [0.04313726 0.03137255 0.04705882]  ...  [0.12941177 0.10980392 0.12941177]  [0.1882353  0.16862746 0.18431373]  [0.         0.         0.        ]] ... [[0.32156864 0.30980393 0.3254902 ]  [0.31764707 0.30588236 0.32156864]  [0.31764707 0.30588236 0.32156864]  ...  [0.22352941 0.20392157 0.22352941]  [0.22352941 0.20392157 0.22352941]  [0.         0.         0.        ]] [[0.30980393 0.29803923 0.31764707]  [0.30588236 0.29411766 0.3137255 ]  [0.3137255  0.3019608  0.32156864]  ...  [0.21960784 0.2        0.21960784]  [0.21960784 0.2        0.21960784]  [0.         0.         0.        ]] [[0.         0.         0.        ]  [0.         0.         0.        ]  [0.         0.         0.        ]  ...  [0.         0.         0.        ]  [0.         0.         0.        ]  [0.         0.         0.        ]]]",6.870346914802212,22920,/home/amos/media/tv/The X-Files S01-S11 BluRay 10Bit 1080p Dts-HDMa5 1 HEVC-d3g/The X-Files S08 br 10bit dts hevc-d3g/The.X-Files.S08E07.Via.Negativa.1080p.BluRay.10Bit.Dts-HDMa5.1.HEVC-d3g.mkv231,1080,1920,0,186,401,881,186,149425,0.072,"[[[0.04705882 0.03529412 0.05098039]  [0.04705882 0.03529412 0.05098039]  [0.04705882 0.03529412 0.05098039]  ...  [0.08627451 0.07058824 0.09019608]  [0.09803922 0.08235294 0.10196079]  [0.11372549 0.09411765 0.11372549]] [[0.05098039 0.03921569 0.05490196]  [0.05098039 0.03921569 0.05490196]  [0.05098039 0.03921569 0.05490196]  ...  [0.09019608 0.07450981 0.09411765]  [0.10588235 0.08627451 0.10588235]  [0.11764706 0.09803922 0.11764706]] [[0.05490196 0.03921569 0.05490196]  [0.05490196 0.03921569 0.05490196]  [0.05490196 0.04313726 0.05882353]  ...  [0.08627451 0.07058824 0.09019608]  [0.10196079 0.08627451 0.10588235]  [0.11764706 0.09803922 0.11764706]] ... [[0.3137255  0.29803923 0.3137255 ]  [0.30980393 0.2901961  0.30980393]  [0.30588236 0.28627452 0.30588236]  ...  [0.14509805 0.12156863 0.14509805]  [0.14901961 0.1254902  0.14509805]  [0.14901961 0.1254902  0.14509805]] [[0.32941177 0.30980393 0.32941177]  [0.32156864 0.3019608  0.32156864]  [0.3137255  0.29411766 0.3137255 ]  ...  [0.14509805 0.12156863 0.14117648]  [0.14901961 0.1254902  0.14509805]  [0.15294118 0.12941177 0.14901961]] [[0.32941177 0.30980393 0.32941177]  [0.32941177 0.30980393 0.32941177]  [0.32156864 0.3019608  0.32156864]  ...  [0.14901961 0.1254902  0.14901961]  [0.15294118 0.12941177 0.15294118]  [0.16078432 0.13725491 0.16078432]]]",8.080131986702327,22944,/home/amos/media/tv/The X-Files S01-S11 BluRay 10Bit 1080p Dts-HDMa5 1 HEVC-d3g/The X-Files S08 br 10bit dts hevc-d3g/The.X-Files.S08E07.Via.Negativa.1080p.BluRay.10Bit.Dts-HDMa5.1.HEVC-d3g.mkv232,1080,1920,0,197,292,1396,197,113905,0.055,"[[[0.03529412 0.01568628 0.03137255]  [0.03921569 0.01960784 0.03529412]  [0.03921569 0.01960784 0.03529412]  ...  [0.13333334 0.11372549 0.13725491]  [0.13333334 0.11372549 0.13333334]  [0.12941177 0.10980392 0.1254902 ]] [[0.03137255 0.01176471 0.02745098]  [0.03137255 0.01176471 0.02745098]  [0.03529412 0.01568628 0.03137255]  ...  [0.09411765 0.07450981 0.09411765]  [0.09411765 0.07450981 0.09411765]  [0.09019608 0.07058824 0.08627451]] [[0.03137255 0.01176471 0.02745098]  [0.03137255 0.01176471 0.02745098]  [0.03529412 0.01568628 0.03137255]  ...  [0.0627451  0.04313726 0.0627451 ]  [0.06666667 0.04705882 0.06666667]  [0.06666667 0.04705882 0.0627451 ]] ... [[0.3254902  0.3019608  0.31764707]  [0.32941177 0.30588236 0.32156864]  [0.33333334 0.30980393 0.3254902 ]  ...  [0.18039216 0.16078432 0.18039216]  [0.19607843 0.1764706  0.19607843]  [0.19607843 0.1764706  0.19607843]] [[0.30588236 0.28627452 0.3019608 ]  [0.3019608  0.2784314  0.29411766]  [0.29803923 0.27450982 0.2901961 ]  ...  [0.1882353  0.16862746 0.1882353 ]  [0.2        0.18039216 0.2       ]  [0.2        0.1764706  0.2       ]] [[0.24705882 0.22352941 0.23921569]  [0.23529412 0.21568628 0.23137255]  [0.23137255 0.20784314 0.22352941]  ...  [0.2        0.1764706  0.2       ]  [0.19607843 0.1764706  0.19607843]  [0.19215687 0.17254902 0.19215687]]]",9.26169394684257,22968,/home/amos/media/tv/The X-Files S01-S11 BluRay 10Bit 1080p Dts-HDMa5 1 HEVC-d3g/The X-Files S08 br 10bit dts hevc-d3g/The.X-Files.S08E07.Via.Negativa.1080p.BluRay.10Bit.Dts-HDMa5.1.HEVC-d3g.mkv233,1080,1920,0,479,203,736,479,70932,0.034,"[[[0.28627452 0.23921569 0.22745098]  [0.2901961  0.24313726 0.23137255]  [0.2901961  0.24313726 0.23137255]  ...  [0.20392157 0.10196079 0.06666667]  [0.18431373 0.08627451 0.05882353]  [0.16078432 0.07058824 0.04313726]] [[0.28627452 0.23921569 0.22352941]  [0.28627452 0.23921569 0.22745098]  [0.2901961  0.24313726 0.23137255]  ...  [0.20392157 0.10196079 0.06666667]  [0.18431373 0.08627451 0.05882353]  [0.16078432 0.07058824 0.04313726]] [[0.28627452 0.23921569 0.22352941]  [0.28235295 0.23921569 0.21960784]  [0.28627452 0.23921569 0.21960784]  ...  [0.2        0.09803922 0.06666667]  [0.18039216 0.08235294 0.05490196]  [0.15686275 0.06666667 0.03921569]] ... [[0.3254902  0.28235295 0.24313726]  [0.32941177 0.28627452 0.24313726]  [0.3254902  0.28235295 0.23921569]  ...  [0.4117647  0.2509804  0.19607843]  [0.40784314 0.24705882 0.19215687]  [0.43529412 0.27450982 0.22352941]] [[0.3372549  0.29411766 0.25490198]  [0.34901962 0.3019608  0.25882354]  [0.33333334 0.2901961  0.24705882]  ...  [0.40784314 0.24705882 0.19607843]  [0.39215687 0.23137255 0.18039216]  [0.41568628 0.25490198 0.20392157]] [[0.34117648 0.29803923 0.2627451 ]  [0.36078432 0.31764707 0.2784314 ]  [0.3137255  0.27058825 0.23137255]  ...  [0.40784314 0.24705882 0.19607843]  [0.39215687 0.23137255 0.18039216]  [0.41568628 0.25490198 0.20392157]]]",4.741784088895656,23304,/home/amos/media/tv/The X-Files S01-S11 BluRay 10Bit 1080p Dts-HDMa5 1 HEVC-d3g/The X-Files S08 br 10bit dts hevc-d3g/The.X-Files.S08E07.Via.Negativa.1080p.BluRay.10Bit.Dts-HDMa5.1.HEVC-d3g.mkv234,1080,1920,1,256,535,861,256,168795,0.081,"[[[0.10588235 0.03529412 0.03137255]  [0.11372549 0.04313726 0.03921569]  [0.11764706 0.04705882 0.04313726]  ...  [0.22352941 0.09803922 0.08235294]  [0.21568628 0.09019608 0.07450981]  [0.21176471 0.08627451 0.07058824]] [[0.10588235 0.03529412 0.03137255]  [0.11372549 0.04313726 0.03921569]  [0.11764706 0.04705882 0.04313726]  ...  [0.22352941 0.09803922 0.08235294]  [0.21568628 0.09019608 0.07450981]  [0.21176471 0.08627451 0.07058824]] [[0.10980392 0.03921569 0.03529412]  [0.11372549 0.04313726 0.03921569]  [0.11372549 0.04313726 0.03921569]  ...  [0.21176471 0.08627451 0.07058824]  [0.21176471 0.08627451 0.07058824]  [0.21960784 0.09019608 0.07450981]] ... [[0.3647059  0.3137255  0.28627452]  [0.36078432 0.30588236 0.28627452]  [0.36078432 0.30980393 0.28627452]  ...  [0.2509804  0.12941177 0.09803922]  [0.23529412 0.11372549 0.08235294]  [0.21176471 0.09019608 0.05882353]] [[0.34901962 0.29803923 0.27450982]  [0.3529412  0.3019608  0.2784314 ]  [0.3647059  0.3137255  0.2901961 ]  ...  [0.22352941 0.10588235 0.07843138]  [0.20392157 0.08235294 0.05490196]  [0.18039216 0.05882353 0.03529412]] [[0.33333334 0.28235295 0.25882354]  [0.34509805 0.29411766 0.27058825]  [0.36078432 0.30980393 0.28627452]  ...  [0.19215687 0.07450981 0.05098039]  [0.17254902 0.05490196 0.03137255]  [0.15294118 0.03529412 0.01568628]]]",1.473707040247973,23304,/home/amos/media/tv/The X-Files S01-S11 BluRay 10Bit 1080p Dts-HDMa5 1 HEVC-d3g/The X-Files S08 br 10bit dts hevc-d3g/The.X-Files.S08E07.Via.Negativa.1080p.BluRay.10Bit.Dts-HDMa5.1.HEVC-d3g.mkv235,1080,1920,0,235,167,678,235,30124,0.015,"[[[0.10196079 0.02745098 0.02352941]  [0.10196079 0.02745098 0.02352941]  [0.09411765 0.01960784 0.01568628]  ...  [0.10196079 0.02745098 0.01176471]  [0.09019608 0.01568628 0.        ]  [0.09803922 0.02352941 0.00784314]] [[0.09803922 0.02352941 0.01960784]  [0.09803922 0.02352941 0.01960784]  [0.09411765 0.01960784 0.01568628]  ...  [0.09803922 0.02352941 0.01176471]  [0.09803922 0.02352941 0.01176471]  [0.09803922 0.02352941 0.00784314]] [[0.09803922 0.01960784 0.01568628]  [0.10196079 0.02352941 0.01960784]  [0.10196079 0.02745098 0.02352941]  ...  [0.10196079 0.02745098 0.01568628]  [0.09803922 0.02352941 0.01176471]  [0.09803922 0.02352941 0.01176471]] ... [[0.02745098 0.00392157 0.01960784]  [0.01568628 0.         0.00784314]  [0.00784314 0.         0.01176471]  ...  [0.07450981 0.02745098 0.01568628]  [0.06666667 0.01960784 0.00784314]  [0.0627451  0.01568628 0.        ]] [[0.02352941 0.00392157 0.02352941]  [0.01568628 0.         0.01568628]  [0.00784314 0.         0.01176471]  ...  [0.07450981 0.02745098 0.01568628]  [0.06666667 0.01960784 0.00784314]  [0.06666667 0.01960784 0.00392157]] [[0.01960784 0.         0.01960784]  [0.01960784 0.         0.01960784]  [0.01176471 0.         0.01568628]  ...  [0.07450981 0.02745098 0.01568628]  [0.07058824 0.02352941 0.01176471]  [0.07058824 0.02352941 0.00784314]]]",6.048097989929374,23424,/home/amos/media/tv/The X-Files S01-S11 BluRay 10Bit 1080p Dts-HDMa5 1 HEVC-d3g/The X-Files S08 br 10bit dts hevc-d3g/The.X-Files.S08E07.Via.Negativa.1080p.BluRay.10Bit.Dts-HDMa5.1.HEVC-d3g.mkv236,1080,1920,0,139,270,651,139,67072,0.032,"[[[0.19215687 0.13333334 0.10196079]  [0.19607843 0.13725491 0.10588235]  [0.2        0.14117648 0.10980392]  ...  [0.0627451  0.         0.00784314]  [0.0627451  0.         0.00784314]  [0.06666667 0.00392157 0.01176471]] [[0.1882353  0.12941177 0.10196079]  [0.19607843 0.13725491 0.10588235]  [0.2        0.14117648 0.10980392]  ...  [0.0627451  0.         0.00784314]  [0.0627451  0.         0.00784314]  [0.06666667 0.00392157 0.01176471]] [[0.1882353  0.12941177 0.09803922]  [0.19215687 0.13333334 0.10588235]  [0.20392157 0.14509805 0.11372549]  ...  [0.0627451  0.         0.00784314]  [0.0627451  0.00392157 0.00784314]  [0.06666667 0.00392157 0.01176471]] ... [[0.14117648 0.09411765 0.05882353]  [0.14117648 0.09411765 0.05882353]  [0.14509805 0.09803922 0.0627451 ]  ...  [0.19607843 0.06666667 0.05490196]  [0.1882353  0.05882353 0.04705882]  [0.18431373 0.05490196 0.04313726]] [[0.14117648 0.09411765 0.05882353]  [0.14117648 0.09411765 0.05882353]  [0.14509805 0.09803922 0.0627451 ]  ...  [0.2        0.07058824 0.05882353]  [0.19215687 0.0627451  0.05098039]  [0.18431373 0.05882353 0.04705882]] [[0.14117648 0.09411765 0.05882353]  [0.14117648 0.09411765 0.05882353]  [0.14509805 0.09803922 0.0627451 ]  ...  [0.2        0.07450981 0.0627451 ]  [0.19215687 0.06666667 0.05490196]  [0.1882353  0.0627451  0.05098039]]]",5.560156153922435,23448,/home/amos/media/tv/The X-Files S01-S11 BluRay 10Bit 1080p Dts-HDMa5 1 HEVC-d3g/The X-Files S08 br 10bit dts hevc-d3g/The.X-Files.S08E07.Via.Negativa.1080p.BluRay.10Bit.Dts-HDMa5.1.HEVC-d3g.mkv237,1080,1920,1,483,398,1346,483,73355,0.035,"[[[0.15294118 0.06666667 0.03921569]  [0.15294118 0.06666667 0.03921569]  [0.15294118 0.06666667 0.03921569]  ...  [0.07843138 0.00784314 0.00392157]  [0.07843138 0.01176471 0.00784314]  [0.07843138 0.00784314 0.00784314]] [[0.15294118 0.07450981 0.04313726]  [0.16078432 0.07843138 0.04705882]  [0.17254902 0.09019608 0.05882353]  ...  [0.08235294 0.01176471 0.00784314]  [0.08235294 0.01176471 0.00784314]  [0.07843138 0.00784314 0.00784314]] [[0.15294118 0.08235294 0.04705882]  [0.16862746 0.09019608 0.05882353]  [0.1882353  0.10980392 0.08235294]  ...  [0.08235294 0.01176471 0.00784314]  [0.08627451 0.01568628 0.01176471]  [0.08235294 0.01176471 0.01176471]] ... [[0.04313726 0.00392157 0.01176471]  [0.04313726 0.00392157 0.01176471]  [0.03921569 0.         0.00784314]  ...  [0.04705882 0.00392157 0.00784314]  [0.04705882 0.00392157 0.00784314]  [0.04705882 0.00392157 0.01176471]] [[0.04313726 0.00392157 0.01176471]  [0.04313726 0.00392157 0.01176471]  [0.03921569 0.         0.00784314]  ...  [0.04705882 0.00392157 0.00784314]  [0.04705882 0.00392157 0.00784314]  [0.04705882 0.00392157 0.01176471]] [[0.04705882 0.00784314 0.01568628]  [0.04313726 0.00392157 0.01176471]  [0.03921569 0.         0.00784314]  ...  [0.04705882 0.00392157 0.00784314]  [0.04705882 0.00392157 0.00784314]  [0.04705882 0.00392157 0.01176471]]]",8.51133785751881,23448,/home/amos/media/tv/The X-Files S01-S11 BluRay 10Bit 1080p Dts-HDMa5 1 HEVC-d3g/The X-Files S08 br 10bit dts hevc-d3g/The.X-Files.S08E07.Via.Negativa.1080p.BluRay.10Bit.Dts-HDMa5.1.HEVC-d3g.mkv238,1080,1920,0,150,311,1140,150,159390,0.077,"[[[0.16470589 0.09803922 0.07058824]  [0.16470589 0.09803922 0.07058824]  [0.16862746 0.09803922 0.07450981]  ...  [0.02352941 0.00392157 0.00392157]  [0.01960784 0.         0.        ]  [0.01960784 0.         0.        ]] [[0.16470589 0.09803922 0.07058824]  [0.16470589 0.09803922 0.07058824]  [0.16470589 0.09803922 0.07058824]  ...  [0.02352941 0.00392157 0.00392157]  [0.01960784 0.         0.        ]  [0.01960784 0.         0.        ]] [[0.16470589 0.09803922 0.07058824]  [0.16470589 0.09803922 0.07058824]  [0.16470589 0.09803922 0.07058824]  ...  [0.02352941 0.00392157 0.00392157]  [0.01960784 0.         0.        ]  [0.01960784 0.         0.        ]] ... [[0.16470589 0.09803922 0.07058824]  [0.16470589 0.09803922 0.07058824]  [0.16862746 0.10196079 0.07450981]  ...  [0.04313726 0.00392157 0.00784314]  [0.04313726 0.00392157 0.00784314]  [0.04313726 0.00392157 0.00784314]] [[0.16470589 0.09803922 0.07058824]  [0.16470589 0.09803922 0.07058824]  [0.16862746 0.10196079 0.07450981]  ...  [0.04313726 0.00392157 0.00784314]  [0.04313726 0.00392157 0.00784314]  [0.04313726 0.00392157 0.00784314]] [[0.16470589 0.09803922 0.07058824]  [0.16470589 0.09803922 0.07058824]  [0.16862746 0.10196079 0.07450981]  ...  [0.04313726 0.00392157 0.00784314]  [0.04313726 0.00392157 0.00784314]  [0.04313726 0.00392157 0.00784314]]]",5.47662700136425,23472,/home/amos/media/tv/The X-Files S01-S11 BluRay 10Bit 1080p Dts-HDMa5 1 HEVC-d3g/The X-Files S08 br 10bit dts hevc-d3g/The.X-Files.S08E07.Via.Negativa.1080p.BluRay.10Bit.Dts-HDMa5.1.HEVC-d3g.mkv239,1080,1920,1,338,417,1404,338,84214,0.041,"[[[0.1882353  0.08627451 0.04705882]  [0.19215687 0.09019608 0.05098039]  [0.18039216 0.08235294 0.03921569]  ...  [0.07843138 0.01568628 0.01176471]  [0.08235294 0.01960784 0.01568628]  [0.07843138 0.01568628 0.01176471]] [[0.19215687 0.09019608 0.05098039]  [0.1882353  0.09019608 0.04705882]  [0.1764706  0.07843138 0.03529412]  ...  [0.08235294 0.01960784 0.01568628]  [0.08235294 0.01960784 0.01568628]  [0.08235294 0.01960784 0.01568628]] [[0.19215687 0.09019608 0.05098039]  [0.19215687 0.09019608 0.05098039]  [0.18431373 0.08627451 0.04313726]  ...  [0.08235294 0.01960784 0.01568628]  [0.08235294 0.01960784 0.01568628]  [0.08235294 0.01960784 0.01568628]] ... [[0.07843138 0.03921569 0.03921569]  [0.07058824 0.03137255 0.03137255]  [0.0627451  0.02745098 0.02745098]  ...  [0.07058824 0.00784314 0.00784314]  [0.07058824 0.00784314 0.00784314]  [0.07058824 0.00784314 0.00784314]] [[0.07843138 0.03921569 0.03921569]  [0.07450981 0.03529412 0.03529412]  [0.06666667 0.02745098 0.02745098]  ...  [0.07058824 0.00784314 0.01176471]  [0.07058824 0.00784314 0.01176471]  [0.07058824 0.00784314 0.01176471]] [[0.07058824 0.03137255 0.03137255]  [0.07058824 0.03137255 0.03137255]  [0.06666667 0.03137255 0.03137255]  ...  [0.07058824 0.00784314 0.01176471]  [0.07058824 0.00784314 0.01176471]  [0.07058824 0.00784314 0.01176471]]]",5.049575915851165,23472,/home/amos/media/tv/The X-Files S01-S11 BluRay 10Bit 1080p Dts-HDMa5 1 HEVC-d3g/The X-Files S08 br 10bit dts hevc-d3g/The.X-Files.S08E07.Via.Negativa.1080p.BluRay.10Bit.Dts-HDMa5.1.HEVC-d3g.mkv240,1080,1920,0,317,364,1531,317,57058,0.028,"[[[0.14901961 0.0627451  0.03137255]  [0.14901961 0.05882353 0.02745098]  [0.14117648 0.05098039 0.01960784]  ...  [0.07843138 0.01568628 0.01176471]  [0.08627451 0.02352941 0.01960784]  [0.08627451 0.02352941 0.01960784]] [[0.13333334 0.04705882 0.01960784]  [0.13333334 0.05098039 0.01960784]  [0.14117648 0.05098039 0.01568628]  ...  [0.08235294 0.01568628 0.01176471]  [0.09019608 0.02745098 0.02352941]  [0.09019608 0.02745098 0.01960784]] [[0.12156863 0.04313726 0.01960784]  [0.12941177 0.05098039 0.01960784]  [0.15294118 0.06666667 0.03137255]  ...  [0.08235294 0.01960784 0.01568628]  [0.09019608 0.02745098 0.02352941]  [0.09019608 0.02745098 0.02352941]] ... [[0.06666667 0.03921569 0.02352941]  [0.07058824 0.04313726 0.02745098]  [0.07058824 0.04313726 0.02745098]  ...  [0.06666667 0.01568628 0.00784314]  [0.0627451  0.01176471 0.00784314]  [0.05490196 0.00392157 0.00392157]] [[0.07058824 0.04313726 0.02745098]  [0.07058824 0.04313726 0.02745098]  [0.07058824 0.04313726 0.02745098]  ...  [0.06666667 0.01568628 0.00784314]  [0.0627451  0.01176471 0.00784314]  [0.05490196 0.00392157 0.00392157]] [[0.07058824 0.04313726 0.02745098]  [0.07058824 0.04313726 0.02745098]  [0.07058824 0.04313726 0.02745098]  ...  [0.06666667 0.01568628 0.00784314]  [0.06666667 0.01568628 0.01176471]  [0.05882353 0.00784314 0.00784314]]]",5.370805980113801,23496,/home/amos/media/tv/The X-Files S01-S11 BluRay 10Bit 1080p Dts-HDMa5 1 HEVC-d3g/The X-Files S08 br 10bit dts hevc-d3g/The.X-Files.S08E07.Via.Negativa.1080p.BluRay.10Bit.Dts-HDMa5.1.HEVC-d3g.mkv241,1080,1920,0,103,426,665,103,181526,0.088,"[[[0.20784314 0.11764706 0.09803922]  [0.21176471 0.12156863 0.10196079]  [0.21960784 0.12941177 0.10588235]  ...  [0.21568628 0.10980392 0.10980392]  [0.21568628 0.10980392 0.10980392]  [0.21568628 0.10980392 0.10980392]] [[0.20784314 0.11764706 0.09803922]  [0.21176471 0.12156863 0.10196079]  [0.21960784 0.12941177 0.10980392]  ...  [0.21568628 0.10980392 0.10980392]  [0.21568628 0.10980392 0.10980392]  [0.21568628 0.10980392 0.10980392]] [[0.21176471 0.12156863 0.10196079]  [0.21568628 0.1254902  0.10588235]  [0.21960784 0.12941177 0.10980392]  ...  [0.21176471 0.10980392 0.11372549]  [0.21176471 0.10588235 0.11372549]  [0.21176471 0.10588235 0.11372549]] ... [[0.10196079 0.07450981 0.09411765]  [0.10196079 0.07843138 0.09803922]  [0.10196079 0.08235294 0.10196079]  ...  [0.10196079 0.08235294 0.09803922]  [0.09803922 0.07450981 0.09411765]  [0.09411765 0.07450981 0.09411765]] [[0.09803922 0.07450981 0.09411765]  [0.09803922 0.07450981 0.09411765]  [0.10196079 0.07843138 0.09803922]  ...  [0.09803922 0.07843138 0.09411765]  [0.09411765 0.07450981 0.09019608]  [0.09411765 0.07450981 0.09019608]] [[0.09803922 0.07450981 0.09411765]  [0.09803922 0.07450981 0.09411765]  [0.09803922 0.07843138 0.09803922]  ...  [0.09803922 0.07843138 0.09411765]  [0.09411765 0.07450981 0.09019608]  [0.09411765 0.07450981 0.09019608]]]",3.1388010451337323,23592,/home/amos/media/tv/The X-Files S01-S11 BluRay 10Bit 1080p Dts-HDMa5 1 HEVC-d3g/The X-Files S08 br 10bit dts hevc-d3g/The.X-Files.S08E07.Via.Negativa.1080p.BluRay.10Bit.Dts-HDMa5.1.HEVC-d3g.mkv242,1080,1920,0,90,468,706,90,232848,0.112,"[[[0.22352941 0.1254902  0.08627451]  [0.22352941 0.1254902  0.08627451]  [0.23137255 0.13333334 0.09411765]  ...  [0.12941177 0.05098039 0.04313726]  [0.12941177 0.05098039 0.04313726]  [0.12941177 0.05098039 0.04313726]] [[0.22352941 0.12156863 0.08235294]  [0.22352941 0.1254902  0.08627451]  [0.23137255 0.13333334 0.09411765]  ...  [0.12941177 0.05098039 0.04313726]  [0.12941177 0.05098039 0.04313726]  [0.12941177 0.05098039 0.04313726]] [[0.21568628 0.11764706 0.07843138]  [0.21960784 0.12156863 0.08235294]  [0.22745098 0.12941177 0.09019608]  ...  [0.13333334 0.05490196 0.04705882]  [0.12941177 0.05098039 0.04313726]  [0.12941177 0.05098039 0.04313726]] ... [[0.08627451 0.06666667 0.07843138]  [0.08627451 0.06666667 0.07843138]  [0.08627451 0.06666667 0.07843138]  ...  [0.11764706 0.08627451 0.10980392]  [0.11764706 0.08627451 0.10980392]  [0.11764706 0.08627451 0.10980392]] [[0.08627451 0.06666667 0.07843138]  [0.08627451 0.06666667 0.07843138]  [0.08627451 0.06666667 0.07843138]  ...  [0.11372549 0.08627451 0.10588235]  [0.11764706 0.08627451 0.10980392]  [0.11764706 0.08627451 0.10980392]] [[0.08627451 0.06666667 0.07843138]  [0.08627451 0.06666667 0.07843138]  [0.08627451 0.06666667 0.07843138]  ...  [0.11372549 0.08235294 0.10588235]  [0.11764706 0.08627451 0.10980392]  [0.11764706 0.08627451 0.10980392]]]",5.191937106545083,23616,/home/amos/media/tv/The X-Files S01-S11 BluRay 10Bit 1080p Dts-HDMa5 1 HEVC-d3g/The X-Files S08 br 10bit dts hevc-d3g/The.X-Files.S08E07.Via.Negativa.1080p.BluRay.10Bit.Dts-HDMa5.1.HEVC-d3g.mkv243,1080,1920,0,470,159,884,470,128754,0.062,"[[[0.10196079 0.07450981 0.04313726]  [0.09411765 0.06666667 0.03529412]  [0.09019608 0.0627451  0.03137255]  ...  [0.03921569 0.00784314 0.01176471]  [0.03921569 0.00784314 0.01176471]  [0.03921569 0.00784314 0.01176471]] [[0.09803922 0.07058824 0.03921569]  [0.09411765 0.06666667 0.03529412]  [0.08627451 0.05882353 0.02745098]  ...  [0.03921569 0.00784314 0.01176471]  [0.04705882 0.01568628 0.01960784]  [0.03921569 0.00784314 0.01176471]] [[0.10196079 0.07450981 0.04313726]  [0.09411765 0.06666667 0.03529412]  [0.08627451 0.05882353 0.02745098]  ...  [0.03529412 0.         0.00784314]  [0.04705882 0.01176471 0.01960784]  [0.03921569 0.00392157 0.01176471]] ... [[0.02745098 0.00784314 0.        ]  [0.03137255 0.01176471 0.00392157]  [0.03137255 0.01176471 0.00392157]  ...  [0.02352941 0.00392157 0.00392157]  [0.02352941 0.00392157 0.00392157]  [0.02352941 0.00392157 0.00392157]] [[0.02745098 0.00784314 0.        ]  [0.03137255 0.01176471 0.00392157]  [0.03137255 0.01176471 0.00392157]  ...  [0.02745098 0.00784314 0.00784314]  [0.02745098 0.00784314 0.00784314]  [0.02745098 0.00784314 0.00784314]] [[0.03137255 0.01176471 0.00392157]  [0.03529412 0.01568628 0.00784314]  [0.03137255 0.01176471 0.00392157]  ...  [0.02745098 0.00784314 0.00784314]  [0.02745098 0.00784314 0.00784314]  [0.02352941 0.00392157 0.00392157]]]",5.962307937268633,23760,/home/amos/media/tv/The X-Files S01-S11 BluRay 10Bit 1080p Dts-HDMa5 1 HEVC-d3g/The X-Files S08 br 10bit dts hevc-d3g/The.X-Files.S08E07.Via.Negativa.1080p.BluRay.10Bit.Dts-HDMa5.1.HEVC-d3g.mkv244,1080,1920,0,448,186,991,448,142266,0.069,"[[[0.03921569 0.01176471 0.01568628]  [0.04313726 0.01176471 0.01568628]  [0.03921569 0.00784314 0.01176471]  ...  [0.03921569 0.00784314 0.00784314]  [0.03921569 0.00784314 0.00784314]  [0.04313726 0.01176471 0.01176471]] [[0.03921569 0.01176471 0.01568628]  [0.04313726 0.01176471 0.01568628]  [0.03921569 0.00784314 0.01176471]  ...  [0.03529412 0.00392157 0.00392157]  [0.04313726 0.01176471 0.01176471]  [0.03921569 0.00784314 0.00784314]] [[0.03529412 0.00784314 0.01176471]  [0.03921569 0.00784314 0.01176471]  [0.03921569 0.00784314 0.01176471]  ...  [0.03921569 0.00784314 0.00784314]  [0.03921569 0.00784314 0.00784314]  [0.03921569 0.00784314 0.00784314]] ... [[0.04705882 0.00784314 0.        ]  [0.05098039 0.01960784 0.00784314]  [0.05490196 0.02352941 0.01176471]  ...  [0.03137255 0.00392157 0.00392157]  [0.03137255 0.00392157 0.00392157]  [0.03137255 0.00392157 0.00392157]] [[0.04313726 0.00392157 0.        ]  [0.03529412 0.00392157 0.        ]  [0.03529412 0.00784314 0.        ]  ...  [0.02745098 0.00784314 0.00392157]  [0.02745098 0.00784314 0.00392157]  [0.03137255 0.00392157 0.00392157]] [[0.05098039 0.01176471 0.00392157]  [0.03921569 0.00784314 0.        ]  [0.03921569 0.00784314 0.        ]  ...  [0.02745098 0.00784314 0.00392157]  [0.02745098 0.00784314 0.00392157]  [0.03137255 0.00784314 0.00392157]]]",3.7296170814079233,23832,/home/amos/media/tv/The X-Files S01-S11 BluRay 10Bit 1080p Dts-HDMa5 1 HEVC-d3g/The X-Files S08 br 10bit dts hevc-d3g/The.X-Files.S08E07.Via.Negativa.1080p.BluRay.10Bit.Dts-HDMa5.1.HEVC-d3g.mkv245,1080,1920,0,449,221,918,449,106932,0.052,"[[[0.02745098 0.00784314 0.00784314]  [0.02745098 0.00784314 0.00784314]  [0.02745098 0.00784314 0.00784314]  ...  [0.03529412 0.00392157 0.00392157]  [0.03921569 0.00784314 0.01176471]  [0.03921569 0.00784314 0.01176471]] [[0.02352941 0.00784314 0.00784314]  [0.02352941 0.00784314 0.00784314]  [0.02352941 0.00784314 0.00784314]  ...  [0.03529412 0.00392157 0.00784314]  [0.03529412 0.00392157 0.00784314]  [0.03921569 0.00784314 0.01176471]] [[0.01960784 0.00784314 0.00784314]  [0.01568628 0.00392157 0.00392157]  [0.01960784 0.00784314 0.00392157]  ...  [0.03529412 0.00392157 0.00784314]  [0.03529412 0.00392157 0.00784314]  [0.03529412 0.00392157 0.00784314]] ... [[0.03137255 0.01176471 0.01176471]  [0.02745098 0.00784314 0.00784314]  [0.02745098 0.00784314 0.00784314]  ...  [0.03529412 0.00392157 0.00784314]  [0.03921569 0.00784314 0.01176471]  [0.03921569 0.00784314 0.01176471]] [[0.03137255 0.01176471 0.01176471]  [0.02352941 0.00392157 0.00392157]  [0.02745098 0.00784314 0.00784314]  ...  [0.03529412 0.00392157 0.00784314]  [0.03137255 0.         0.00392157]  [0.03529412 0.00392157 0.00784314]] [[0.02352941 0.00392157 0.00392157]  [0.02352941 0.00392157 0.00392157]  [0.02745098 0.00784314 0.00784314]  ...  [0.03921569 0.00784314 0.01176471]  [0.04313726 0.01176471 0.01568628]  [0.03921569 0.00784314 0.01176471]]]",3.199887098686304,23856,/home/amos/media/tv/The X-Files S01-S11 BluRay 10Bit 1080p Dts-HDMa5 1 HEVC-d3g/The X-Files S08 br 10bit dts hevc-d3g/The.X-Files.S08E07.Via.Negativa.1080p.BluRay.10Bit.Dts-HDMa5.1.HEVC-d3g.mkv246,1080,1920,0,209,457,788,209,143592,0.069,"[[[0.03529412 0.00392157 0.00392157]  [0.03921569 0.00784314 0.00784314]  [0.03921569 0.00784314 0.00784314]  ...  [0.4745098  0.26666668 0.21960784]  [0.47843137 0.27058825 0.22352941]  [0.4745098  0.26666668 0.21960784]] [[0.03921569 0.00784314 0.00784314]  [0.03921569 0.00784314 0.00784314]  [0.03921569 0.00784314 0.00784314]  ...  [0.46666667 0.2627451  0.21568628]  [0.47843137 0.27058825 0.22352941]  [0.47058824 0.2627451  0.21568628]] [[0.03921569 0.00784314 0.00784314]  [0.03921569 0.00784314 0.00784314]  [0.03529412 0.00392157 0.00392157]  ...  [0.4745098  0.26666668 0.21960784]  [0.46666667 0.25882354 0.21176471]  [0.4627451  0.25490198 0.20784314]] ... [[0.09019608 0.03137255 0.02745098]  [0.09019608 0.03137255 0.02745098]  [0.09019608 0.02745098 0.02352941]  ...  [0.64705884 0.5882353  0.5764706 ]  [0.64705884 0.5882353  0.5764706 ]  [0.6431373  0.58431375 0.57254905]] [[0.09803922 0.03921569 0.03529412]  [0.09411765 0.03529412 0.03137255]  [0.09411765 0.03137255 0.02745098]  ...  [0.6431373  0.58431375 0.5764706 ]  [0.6431373  0.58431375 0.5764706 ]  [0.6392157  0.5882353  0.5764706 ]] [[0.10196079 0.04313726 0.03921569]  [0.10196079 0.04313726 0.03921569]  [0.10196079 0.03921569 0.03529412]  ...  [0.6392157  0.5882353  0.5764706 ]  [0.6392157  0.5882353  0.5764706 ]  [0.63529414 0.5882353  0.5803922 ]]]",1.600043052516412,23880,/home/amos/media/tv/The X-Files S01-S11 BluRay 10Bit 1080p Dts-HDMa5 1 HEVC-d3g/The X-Files S08 br 10bit dts hevc-d3g/The.X-Files.S08E07.Via.Negativa.1080p.BluRay.10Bit.Dts-HDMa5.1.HEVC-d3g.mkv247,1080,1920,0,171,23,1010,171,124172,0.06,"[[[0.26666668 0.13333334 0.10196079]  [0.27058825 0.13725491 0.10196079]  [0.2784314  0.14509805 0.10980392]  ...  [0.08235294 0.05882353 0.03921569]  [0.08235294 0.05882353 0.03921569]  [0.08235294 0.05882353 0.03921569]] [[0.27058825 0.12941177 0.09803922]  [0.27058825 0.13333334 0.10196079]  [0.2784314  0.14117648 0.10980392]  ...  [0.08235294 0.05882353 0.03921569]  [0.08235294 0.05882353 0.03921569]  [0.08235294 0.05882353 0.03921569]] [[0.2784314  0.13725491 0.10196079]  [0.2784314  0.13725491 0.10196079]  [0.28235295 0.13725491 0.10588235]  ...  [0.08235294 0.05882353 0.03921569]  [0.08235294 0.05882353 0.03921569]  [0.08235294 0.05882353 0.03921569]] ... [[0.19607843 0.07843138 0.05098039]  [0.19607843 0.07843138 0.05098039]  [0.19607843 0.08235294 0.05098039]  ...  [0.24313726 0.16862746 0.14117648]  [0.25490198 0.18039216 0.15294118]  [0.2627451  0.18039216 0.15686275]] [[0.2        0.08627451 0.05490196]  [0.2        0.08627451 0.05490196]  [0.2        0.08627451 0.05490196]  ...  [0.24313726 0.17254902 0.14117648]  [0.24705882 0.1764706  0.14901961]  [0.25490198 0.1764706  0.15294118]] [[0.20392157 0.09019608 0.05882353]  [0.20392157 0.09019608 0.05882353]  [0.2        0.08627451 0.05490196]  ...  [0.23921569 0.17254902 0.14117648]  [0.23921569 0.17254902 0.14117648]  [0.24313726 0.17254902 0.14509805]]]",0.9857511114678346,23928,/home/amos/media/tv/The X-Files S01-S11 BluRay 10Bit 1080p Dts-HDMa5 1 HEVC-d3g/The X-Files S08 br 10bit dts hevc-d3g/The.X-Files.S08E07.Via.Negativa.1080p.BluRay.10Bit.Dts-HDMa5.1.HEVC-d3g.mkv248,1080,1920,1,104,465,973,104,313709,0.151,"[[[0.05490196 0.00392157 0.01176471]  [0.05490196 0.00392157 0.01176471]  [0.05490196 0.00392157 0.00784314]  ...  [0.38039216 0.19215687 0.16470589]  [0.38039216 0.19607843 0.16862746]  [0.38431373 0.19607843 0.17254902]] [[0.05490196 0.00392157 0.01176471]  [0.05490196 0.00392157 0.01176471]  [0.05490196 0.00392157 0.00784314]  ...  [0.3764706  0.19215687 0.16862746]  [0.38039216 0.19607843 0.16862746]  [0.38431373 0.19607843 0.17254902]] [[0.05490196 0.00392157 0.01176471]  [0.05490196 0.00392157 0.01176471]  [0.05490196 0.00392157 0.00784314]  ...  [0.3764706  0.19215687 0.16470589]  [0.38039216 0.19607843 0.16862746]  [0.38039216 0.19607843 0.16862746]] ... [[0.21568628 0.11764706 0.09803922]  [0.21960784 0.11764706 0.09803922]  [0.22745098 0.11764706 0.09803922]  ...  [0.45882353 0.28235295 0.2509804 ]  [0.45882353 0.28235295 0.2509804 ]  [0.45882353 0.28235295 0.2509804 ]] [[0.21568628 0.11372549 0.09803922]  [0.21960784 0.11372549 0.09803922]  [0.22745098 0.11764706 0.09803922]  ...  [0.45882353 0.28235295 0.2509804 ]  [0.45490196 0.2784314  0.24705882]  [0.45490196 0.2784314  0.24705882]] [[0.21568628 0.11372549 0.09803922]  [0.21960784 0.11372549 0.09803922]  [0.22745098 0.11372549 0.09803922]  ...  [0.45882353 0.2784314  0.2509804 ]  [0.45490196 0.2784314  0.24705882]  [0.45490196 0.2784314  0.24705882]]]",3.2791260510566644,23928,/home/amos/media/tv/The X-Files S01-S11 BluRay 10Bit 1080p Dts-HDMa5 1 HEVC-d3g/The X-Files S08 br 10bit dts hevc-d3g/The.X-Files.S08E07.Via.Negativa.1080p.BluRay.10Bit.Dts-HDMa5.1.HEVC-d3g.mkv249,1080,1920,0,581,140,934,581,155673,0.075,"[[[0.04705882 0.02745098 0.01568628]  [0.03921569 0.01960784 0.01176471]  [0.04705882 0.02745098 0.01568628]  ...  [0.01176471 0.00392157 0.        ]  [0.01568628 0.00784314 0.00392157]  [0.01960784 0.01176471 0.00784314]] [[0.04705882 0.02745098 0.01960784]  [0.05098039 0.03137255 0.02352941]  [0.04705882 0.02745098 0.01960784]  ...  [0.01960784 0.01176471 0.00784314]  [0.01960784 0.01176471 0.00784314]  [0.01568628 0.00784314 0.00392157]] [[0.03529412 0.01568628 0.00784314]  [0.03529412 0.01960784 0.01176471]  [0.03529412 0.01568628 0.00784314]  ...  [0.01176471 0.00392157 0.        ]  [0.01960784 0.01176471 0.00784314]  [0.01960784 0.01176471 0.00784314]] ... [[0.02745098 0.01960784 0.02352941]  [0.03921569 0.02745098 0.03137255]  [0.03137255 0.01960784 0.02352941]  ...  [0.02352941 0.00392157 0.00392157]  [0.02352941 0.00392157 0.00392157]  [0.03529412 0.01960784 0.01960784]] [[0.01960784 0.01176471 0.01568628]  [0.02352941 0.01568628 0.01568628]  [0.03137255 0.02352941 0.02352941]  ...  [0.02745098 0.00784314 0.00784314]  [0.02745098 0.00784314 0.00784314]  [0.03529412 0.01568628 0.01568628]] [[0.01960784 0.01176471 0.01176471]  [0.03137255 0.01960784 0.01568628]  [0.05490196 0.03921569 0.03921569]  ...  [0.01960784 0.         0.        ]  [0.04705882 0.02745098 0.02352941]  [0.04313726 0.02352941 0.01960784]]]",4.206919987278525,24120,/home/amos/media/tv/The X-Files S01-S11 BluRay 10Bit 1080p Dts-HDMa5 1 HEVC-d3g/The X-Files S08 br 10bit dts hevc-d3g/The.X-Files.S08E07.Via.Negativa.1080p.BluRay.10Bit.Dts-HDMa5.1.HEVC-d3g.mkv250,1080,1920,0,547,219,951,547,132512,0.064,"[[[0.03921569 0.01960784 0.01176471]  [0.03921569 0.01960784 0.01176471]  [0.04313726 0.02352941 0.01568628]  ...  [0.01176471 0.00392157 0.01176471]  [0.01176471 0.00392157 0.01176471]  [0.01176471 0.00392157 0.01176471]] [[0.04705882 0.02745098 0.01960784]  [0.04313726 0.02352941 0.01568628]  [0.04705882 0.02745098 0.01960784]  ...  [0.01568628 0.00784314 0.01568628]  [0.01176471 0.00392157 0.01176471]  [0.01176471 0.00392157 0.01176471]] [[0.04313726 0.02352941 0.01176471]  [0.04705882 0.02745098 0.01568628]  [0.04705882 0.02352941 0.01176471]  ...  [0.01960784 0.01176471 0.01568628]  [0.01176471 0.00392157 0.00784314]  [0.01568628 0.00392157 0.01176471]] ... [[0.05882353 0.03921569 0.03529412]  [0.08235294 0.05882353 0.05490196]  [0.05882353 0.03137255 0.03137255]  ...  [0.02352941 0.00392157 0.00392157]  [0.02352941 0.00392157 0.00392157]  [0.02352941 0.00392157 0.00392157]] [[0.06666667 0.04705882 0.04313726]  [0.08627451 0.06666667 0.05882353]  [0.10196079 0.07843138 0.07450981]  ...  [0.02352941 0.00392157 0.00392157]  [0.02352941 0.00392157 0.00392157]  [0.02352941 0.00392157 0.00392157]] [[0.07843138 0.05882353 0.05490196]  [0.09411765 0.07450981 0.06666667]  [0.10588235 0.08627451 0.07843138]  ...  [0.02352941 0.00392157 0.00392157]  [0.02352941 0.00392157 0.00392157]  [0.02352941 0.00392157 0.00392157]]]",4.068984071316663,24144,/home/amos/media/tv/The X-Files S01-S11 BluRay 10Bit 1080p Dts-HDMa5 1 HEVC-d3g/The X-Files S08 br 10bit dts hevc-d3g/The.X-Files.S08E07.Via.Negativa.1080p.BluRay.10Bit.Dts-HDMa5.1.HEVC-d3g.mkv251,1080,1920,0,539,219,918,539,121280,0.058,"[[[0.04313726 0.02352941 0.01568628]  [0.05098039 0.03137255 0.02352941]  [0.03921569 0.01960784 0.01176471]  ...  [0.01568628 0.00784314 0.00392157]  [0.01176471 0.00392157 0.        ]  [0.01568628 0.00784314 0.00392157]] [[0.04705882 0.02745098 0.01960784]  [0.04313726 0.02352941 0.01568628]  [0.04313726 0.02352941 0.01568628]  ...  [0.01960784 0.01176471 0.00784314]  [0.01176471 0.00392157 0.        ]  [0.01960784 0.01176471 0.00784314]] [[0.03529412 0.01568628 0.00392157]  [0.03137255 0.01568628 0.00392157]  [0.04313726 0.02352941 0.01568628]  ...  [0.02352941 0.01568628 0.01176471]  [0.01960784 0.01176471 0.00784314]  [0.01960784 0.01176471 0.00784314]] ... [[0.00784314 0.00784314 0.00784314]  [0.0627451  0.04313726 0.04705882]  [0.09411765 0.07450981 0.07843138]  ...  [0.01568628 0.00392157 0.00392157]  [0.01568628 0.00392157 0.00392157]  [0.01568628 0.00392157 0.00392157]] [[0.00392157 0.00392157 0.00392157]  [0.07843138 0.05882353 0.0627451 ]  [0.10588235 0.08627451 0.09019608]  ...  [0.01568628 0.00392157 0.00392157]  [0.01568628 0.00392157 0.00392157]  [0.01568628 0.00392157 0.00392157]] [[0.00392157 0.00392157 0.00392157]  [0.07450981 0.05490196 0.05882353]  [0.11372549 0.09411765 0.09803922]  ...  [0.01176471 0.         0.        ]  [0.01568628 0.00392157 0.00392157]  [0.01568628 0.00392157 0.00392157]]]",5.087684048165102,24192,/home/amos/media/tv/The X-Files S01-S11 BluRay 10Bit 1080p Dts-HDMa5 1 HEVC-d3g/The X-Files S08 br 10bit dts hevc-d3g/The.X-Files.S08E07.Via.Negativa.1080p.BluRay.10Bit.Dts-HDMa5.1.HEVC-d3g.mkv252,1080,1920,0,70,624,865,70,440430,0.212,"[[[0.05882353 0.01568628 0.01568628]  [0.05882353 0.01568628 0.01568628]  [0.05882353 0.01568628 0.01568628]  ...  [0.21176471 0.11764706 0.09019608]  [0.20784314 0.11372549 0.08627451]  [0.20784314 0.11372549 0.08627451]] [[0.05882353 0.01568628 0.01568628]  [0.05882353 0.01568628 0.01568628]  [0.05882353 0.01568628 0.01568628]  ...  [0.21176471 0.11764706 0.09019608]  [0.20784314 0.11372549 0.08627451]  [0.20784314 0.11372549 0.08627451]] [[0.05882353 0.01568628 0.01568628]  [0.05882353 0.01568628 0.01568628]  [0.05882353 0.01568628 0.01568628]  ...  [0.20784314 0.11372549 0.09019608]  [0.20392157 0.10980392 0.08235294]  [0.20392157 0.10980392 0.08235294]] ... [[0.05490196 0.00392157 0.00392157]  [0.05490196 0.00392157 0.00392157]  [0.05490196 0.00392157 0.00392157]  ...  [0.05882353 0.00784314 0.        ]  [0.05882353 0.00784314 0.        ]  [0.05882353 0.00784314 0.        ]] [[0.05490196 0.00392157 0.00392157]  [0.05490196 0.00392157 0.00392157]  [0.05490196 0.00392157 0.00392157]  ...  [0.05882353 0.00784314 0.        ]  [0.0627451  0.01176471 0.        ]  [0.0627451  0.01176471 0.        ]] [[0.05490196 0.00392157 0.00392157]  [0.05490196 0.00392157 0.00392157]  [0.05490196 0.00392157 0.        ]  ...  [0.05882353 0.00784314 0.        ]  [0.0627451  0.01176471 0.        ]  [0.0627451  0.01176471 0.        ]]]",3.6889900073292665,24696,/home/amos/media/tv/The X-Files S01-S11 BluRay 10Bit 1080p Dts-HDMa5 1 HEVC-d3g/The X-Files S08 br 10bit dts hevc-d3g/The.X-Files.S08E07.Via.Negativa.1080p.BluRay.10Bit.Dts-HDMa5.1.HEVC-d3g.mkv253,1080,1920,0,32,543,936,32,461944,0.223,"[[[0.11372549 0.09411765 0.10588235]  [0.11372549 0.09411765 0.10588235]  [0.11372549 0.09411765 0.10588235]  ...  [0.13725491 0.11764706 0.11372549]  [0.13725491 0.11764706 0.11372549]  [0.13725491 0.11764706 0.11372549]] [[0.11372549 0.09411765 0.10588235]  [0.11372549 0.09411765 0.10588235]  [0.11372549 0.09411765 0.10588235]  ...  [0.13725491 0.11764706 0.11372549]  [0.13725491 0.11764706 0.11372549]  [0.13725491 0.11764706 0.11372549]] [[0.11372549 0.09411765 0.10588235]  [0.11372549 0.09411765 0.10588235]  [0.11372549 0.09411765 0.10588235]  ...  [0.13725491 0.11764706 0.11372549]  [0.13725491 0.11764706 0.11372549]  [0.13725491 0.11764706 0.11372549]] ... [[0.2        0.18039216 0.19215687]  [0.2        0.18039216 0.19215687]  [0.2        0.18039216 0.19215687]  ...  [0.1254902  0.10980392 0.11372549]  [0.1254902  0.10980392 0.11372549]  [0.1254902  0.10980392 0.11372549]] [[0.2        0.18039216 0.19215687]  [0.2        0.18039216 0.19215687]  [0.2        0.18039216 0.19215687]  ...  [0.1254902  0.10980392 0.11372549]  [0.1254902  0.10980392 0.11372549]  [0.1254902  0.10980392 0.11372549]] [[0.2        0.18039216 0.19215687]  [0.2        0.18039216 0.19215687]  [0.2        0.18039216 0.19215687]  ...  [0.1254902  0.10980392 0.11372549]  [0.1254902  0.10980392 0.11372549]  [0.1254902  0.10980392 0.11372549]]]",5.473830074944999,24936,/home/amos/media/tv/The X-Files S01-S11 BluRay 10Bit 1080p Dts-HDMa5 1 HEVC-d3g/The X-Files S08 br 10bit dts hevc-d3g/The.X-Files.S08E07.Via.Negativa.1080p.BluRay.10Bit.Dts-HDMa5.1.HEVC-d3g.mkv254,1080,1920,0,73,111,881,73,30704,0.015,"[[[0.54901963 0.38039216 0.36078432]  [0.54901963 0.38039216 0.36078432]  [0.5568628  0.3882353  0.36862746]  ...  [0.35686275 0.2        0.17254902]  [0.35686275 0.2        0.17254902]  [0.35686275 0.2        0.17254902]] [[0.54901963 0.38039216 0.36078432]  [0.54901963 0.38039216 0.36078432]  [0.5568628  0.3882353  0.36862746]  ...  [0.35686275 0.2        0.17254902]  [0.35686275 0.2        0.17254902]  [0.35686275 0.2        0.17254902]] [[0.5647059  0.39607844 0.3764706 ]  [0.5647059  0.39607844 0.3764706 ]  [0.57254905 0.4        0.38039216]  ...  [0.36078432 0.20392157 0.1764706 ]  [0.36078432 0.20392157 0.1764706 ]  [0.36078432 0.20392157 0.1764706 ]] ... [[0.59607846 0.42352942 0.3647059 ]  [0.59607846 0.42352942 0.3647059 ]  [0.5921569  0.42352942 0.3647059 ]  ...  [0.3137255  0.16862746 0.14901961]  [0.3137255  0.17254902 0.14901961]  [0.3137255  0.17254902 0.14901961]] [[0.60784316 0.43529412 0.3764706 ]  [0.60784316 0.43529412 0.3764706 ]  [0.6        0.43137255 0.37254903]  ...  [0.3137255  0.16862746 0.14901961]  [0.3137255  0.17254902 0.14901961]  [0.3137255  0.17254902 0.14901961]] [[0.60784316 0.43529412 0.3764706 ]  [0.60784316 0.43529412 0.3764706 ]  [0.6        0.43137255 0.37254903]  ...  [0.3137255  0.16862746 0.14509805]  [0.3137255  0.17254902 0.14901961]  [0.3137255  0.17254902 0.14901961]]]",3.6329761806991883,25080,/home/amos/media/tv/The X-Files S01-S11 BluRay 10Bit 1080p Dts-HDMa5 1 HEVC-d3g/The X-Files S08 br 10bit dts hevc-d3g/The.X-Files.S08E07.Via.Negativa.1080p.BluRay.10Bit.Dts-HDMa5.1.HEVC-d3g.mkv255,1080,1920,0,53,303,650,53,149250,0.072,"[[[0.24313726 0.15686275 0.19215687]  [0.24313726 0.15686275 0.19215687]  [0.2509804  0.16078432 0.2       ]  ...  [0.15294118 0.07058824 0.06666667]  [0.15294118 0.07058824 0.06666667]  [0.15294118 0.07058824 0.06666667]] [[0.24313726 0.15686275 0.19215687]  [0.24313726 0.15686275 0.19215687]  [0.24705882 0.16470589 0.2       ]  ...  [0.15294118 0.07058824 0.06666667]  [0.15294118 0.07058824 0.06666667]  [0.15294118 0.07058824 0.06666667]] [[0.24313726 0.15686275 0.19215687]  [0.24313726 0.15686275 0.19215687]  [0.2509804  0.16470589 0.2       ]  ...  [0.15294118 0.07058824 0.06666667]  [0.15294118 0.07058824 0.06666667]  [0.15294118 0.07058824 0.06666667]] ... [[0.0627451  0.07450981 0.09019608]  [0.0627451  0.07450981 0.09019608]  [0.0627451  0.07450981 0.09019608]  ...  [0.28235295 0.1882353  0.16470589]  [0.2784314  0.18431373 0.16078432]  [0.2784314  0.18431373 0.16078432]] [[0.0627451  0.07450981 0.09019608]  [0.0627451  0.07450981 0.09019608]  [0.0627451  0.07450981 0.09019608]  ...  [0.28235295 0.1882353  0.16470589]  [0.2784314  0.18431373 0.16078432]  [0.2784314  0.18431373 0.16078432]] [[0.0627451  0.07450981 0.09019608]  [0.0627451  0.07450981 0.09019608]  [0.0627451  0.07450981 0.09019608]  ...  [0.28235295 0.1882353  0.16470589]  [0.2784314  0.18431373 0.16078432]  [0.2784314  0.18431373 0.16078432]]]",1.2970210178173147,25560,/home/amos/media/tv/The X-Files S01-S11 BluRay 10Bit 1080p Dts-HDMa5 1 HEVC-d3g/The X-Files S08 br 10bit dts hevc-d3g/The.X-Files.S08E07.Via.Negativa.1080p.BluRay.10Bit.Dts-HDMa5.1.HEVC-d3g.mkv256,1080,1920,1,50,340,658,50,176320,0.085,"[[[0.25490198 0.14117648 0.14509805]  [0.25490198 0.14117648 0.14509805]  [0.25490198 0.14117648 0.14509805]  ...  [0.05882353 0.00392157 0.01960784]  [0.05882353 0.00392157 0.01960784]  [0.05882353 0.00392157 0.01960784]] [[0.25490198 0.14117648 0.14509805]  [0.25490198 0.14117648 0.14509805]  [0.25490198 0.14117648 0.14509805]  ...  [0.05882353 0.00392157 0.01960784]  [0.05882353 0.00392157 0.01960784]  [0.05882353 0.00392157 0.01960784]] [[0.2509804  0.13725491 0.14117648]  [0.2509804  0.13725491 0.14117648]  [0.2509804  0.14117648 0.14509805]  ...  [0.05882353 0.00392157 0.01960784]  [0.05882353 0.00392157 0.01960784]  [0.05882353 0.00392157 0.01960784]] ... [[0.13725491 0.09803922 0.09411765]  [0.13725491 0.09803922 0.09411765]  [0.13725491 0.09803922 0.09411765]  ...  [0.49019608 0.35686275 0.27450982]  [0.49019608 0.35686275 0.27450982]  [0.49019608 0.35686275 0.27450982]] [[0.13725491 0.09803922 0.09411765]  [0.13725491 0.09803922 0.09411765]  [0.13725491 0.09803922 0.09411765]  ...  [0.49019608 0.35686275 0.27450982]  [0.49019608 0.35686275 0.27450982]  [0.49019608 0.35686275 0.27450982]] [[0.13725491 0.09803922 0.09411765]  [0.13725491 0.09803922 0.09411765]  [0.13725491 0.09803922 0.09411765]  ...  [0.49019608 0.35686275 0.27450982]  [0.49019608 0.35686275 0.27450982]  [0.49019608 0.35686275 0.27450982]]]",2.662963029171806,25560,/home/amos/media/tv/The X-Files S01-S11 BluRay 10Bit 1080p Dts-HDMa5 1 HEVC-d3g/The X-Files S08 br 10bit dts hevc-d3g/The.X-Files.S08E07.Via.Negativa.1080p.BluRay.10Bit.Dts-HDMa5.1.HEVC-d3g.mkv257,1080,1920,0,52,339,654,52,172774,0.083,"[[[0.3372549  0.23529412 0.21176471]  [0.3372549  0.23529412 0.21176471]  [0.3372549  0.23529412 0.21176471]  ...  [0.07843138 0.         0.02352941]  [0.07843138 0.         0.02352941]  [0.07843138 0.         0.02352941]] [[0.3372549  0.23529412 0.21176471]  [0.3372549  0.23529412 0.21176471]  [0.3372549  0.23529412 0.21568628]  ...  [0.07843138 0.         0.02352941]  [0.07843138 0.         0.02352941]  [0.07843138 0.         0.02352941]] [[0.32941177 0.23137255 0.20784314]  [0.32941177 0.23137255 0.20784314]  [0.33333334 0.23137255 0.21176471]  ...  [0.07843138 0.         0.02352941]  [0.07843138 0.         0.02352941]  [0.07843138 0.         0.02352941]] ... [[0.03921569 0.01568628 0.        ]  [0.03921569 0.01568628 0.        ]  [0.03921569 0.01568628 0.        ]  ...  [0.34509805 0.23137255 0.21568628]  [0.34509805 0.23137255 0.21176471]  [0.34509805 0.23137255 0.21176471]] [[0.03921569 0.01568628 0.        ]  [0.03921569 0.01568628 0.        ]  [0.03921569 0.01568628 0.        ]  ...  [0.34509805 0.23529412 0.21568628]  [0.34509805 0.23137255 0.21176471]  [0.34509805 0.23137255 0.21176471]] [[0.03921569 0.01568628 0.        ]  [0.03921569 0.01568628 0.        ]  [0.03921569 0.01568628 0.        ]  ...  [0.34901962 0.23529412 0.21568628]  [0.34509805 0.23137255 0.21176471]  [0.34509805 0.23137255 0.21176471]]]",3.445267010421958,25584,/home/amos/media/tv/The X-Files S01-S11 BluRay 10Bit 1080p Dts-HDMa5 1 HEVC-d3g/The X-Files S08 br 10bit dts hevc-d3g/The.X-Files.S08E07.Via.Negativa.1080p.BluRay.10Bit.Dts-HDMa5.1.HEVC-d3g.mkv258,1080,1920,0,300,251,966,300,32634,0.016,"[[[0.03921569 0.02745098 0.03137255]  [0.03921569 0.02745098 0.03529412]  [0.03921569 0.02745098 0.03529412]  ...  [0.04313726 0.01960784 0.03137255]  [0.02745098 0.00784314 0.01960784]  [0.02352941 0.00392157 0.01568628]] [[0.03137255 0.01960784 0.02745098]  [0.03921569 0.02745098 0.03529412]  [0.04313726 0.03137255 0.03921569]  ...  [0.03921569 0.01568628 0.03137255]  [0.02745098 0.00392157 0.01960784]  [0.02745098 0.00784314 0.01960784]] [[0.03921569 0.02745098 0.03529412]  [0.04705882 0.03529412 0.04313726]  [0.03921569 0.02745098 0.03529412]  ...  [0.03137255 0.00784314 0.02352941]  [0.02745098 0.00392157 0.01960784]  [0.02745098 0.00784314 0.01960784]] ... [[0.09019608 0.03921569 0.05098039]  [0.08235294 0.03529412 0.04313726]  [0.08235294 0.03529412 0.04705882]  ...  [0.00784314 0.         0.01176471]  [0.00784314 0.         0.01176471]  [0.00784314 0.         0.01176471]] [[0.08627451 0.03529412 0.04705882]  [0.07843138 0.03137255 0.04313726]  [0.07058824 0.02745098 0.03529412]  ...  [0.00784314 0.         0.01176471]  [0.00784314 0.         0.01176471]  [0.00784314 0.         0.01176471]] [[0.08235294 0.03137255 0.04313726]  [0.07058824 0.02352941 0.03529412]  [0.05882353 0.01568628 0.02352941]  ...  [0.00784314 0.         0.01176471]  [0.00784314 0.         0.01176471]  [0.00784314 0.         0.01176471]]]",4.480294221255463,25800,/home/amos/media/tv/The X-Files S01-S11 BluRay 10Bit 1080p Dts-HDMa5 1 HEVC-d3g/The X-Files S08 br 10bit dts hevc-d3g/The.X-Files.S08E07.Via.Negativa.1080p.BluRay.10Bit.Dts-HDMa5.1.HEVC-d3g.mkv259,1080,1920,0,74,84,493,74,4190,0.002,"[[[0.3254902  0.28235295 0.23921569]  [0.3254902  0.28235295 0.23921569]  [0.32156864 0.28235295 0.23921569]  ...  [0.44705883 0.38039216 0.29411766]  [0.43529412 0.36862746 0.28235295]  [0.43529412 0.36862746 0.28235295]] [[0.3254902  0.28235295 0.23921569]  [0.3254902  0.28235295 0.23921569]  [0.3254902  0.28235295 0.23921569]  ...  [0.44705883 0.38039216 0.29411766]  [0.43529412 0.36862746 0.28235295]  [0.43529412 0.36862746 0.28235295]] [[0.3137255  0.27058825 0.22745098]  [0.3137255  0.27058825 0.22745098]  [0.30980393 0.26666668 0.22745098]  ...  [0.44313726 0.3764706  0.2901961 ]  [0.43529412 0.36862746 0.28235295]  [0.43529412 0.36862746 0.28235295]] ... [[0.30980393 0.25882354 0.20392157]  [0.30980393 0.25882354 0.20392157]  [0.3137255  0.2627451  0.20784314]  ...  [0.44313726 0.4        0.36078432]  [0.44705883 0.40392157 0.3647059 ]  [0.44705883 0.40392157 0.3647059 ]] [[0.30980393 0.25882354 0.20392157]  [0.30980393 0.25882354 0.20392157]  [0.3137255  0.2627451  0.20392157]  ...  [0.44313726 0.4        0.35686275]  [0.44705883 0.40392157 0.3647059 ]  [0.44705883 0.40392157 0.3647059 ]] [[0.30980393 0.25882354 0.20392157]  [0.30980393 0.25882354 0.20392157]  [0.3137255  0.2627451  0.20392157]  ...  [0.44313726 0.4        0.35686275]  [0.44705883 0.40392157 0.3647059 ]  [0.44705883 0.40392157 0.3647059 ]]]",0.4316119597060606,25824,/home/amos/media/tv/The X-Files S01-S11 BluRay 10Bit 1080p Dts-HDMa5 1 HEVC-d3g/The X-Files S08 br 10bit dts hevc-d3g/The.X-Files.S08E07.Via.Negativa.1080p.BluRay.10Bit.Dts-HDMa5.1.HEVC-d3g.mkv260,1080,1920,0,183,561,1147,183,364392,0.176,"[[[0.03137255 0.03529412 0.03137255]  [0.03137255 0.03529412 0.03137255]  [0.03137255 0.03529412 0.03137255]  ...  [0.43137255 0.3647059  0.3019608 ]  [0.41960785 0.35686275 0.29411766]  [0.41568628 0.3529412  0.2901961 ]] [[0.03137255 0.03529412 0.03137255]  [0.03137255 0.03529412 0.03137255]  [0.03137255 0.03529412 0.03137255]  ...  [0.42352942 0.36078432 0.29803923]  [0.41568628 0.34901962 0.28627452]  [0.40784314 0.34509805 0.28235295]] [[0.03137255 0.03529412 0.03137255]  [0.03137255 0.03529412 0.03137255]  [0.03137255 0.03529412 0.03137255]  ...  [0.4117647  0.34509805 0.28235295]  [0.40392157 0.3372549  0.27450982]  [0.4        0.33333334 0.26666668]] ... [[0.04705882 0.04313726 0.03921569]  [0.03529412 0.03137255 0.02745098]  [0.02745098 0.02352941 0.01960784]  ...  [0.03921569 0.03529412 0.04313726]  [0.03921569 0.03137255 0.04313726]  [0.03921569 0.03137255 0.04313726]] [[0.03921569 0.03529412 0.03137255]  [0.03137255 0.02745098 0.02352941]  [0.03137255 0.02745098 0.02352941]  ...  [0.03921569 0.03921569 0.04313726]  [0.04313726 0.03529412 0.04313726]  [0.04313726 0.03921569 0.04313726]] [[0.03529412 0.03137255 0.02745098]  [0.02745098 0.02352941 0.02352941]  [0.03137255 0.02745098 0.02352941]  ...  [0.03921569 0.03921569 0.03921569]  [0.04313726 0.03529412 0.04313726]  [0.05098039 0.04313726 0.05098039]]]",1.451836971042212,25848,/home/amos/media/tv/The X-Files S01-S11 BluRay 10Bit 1080p Dts-HDMa5 1 HEVC-d3g/The X-Files S08 br 10bit dts hevc-d3g/The.X-Files.S08E07.Via.Negativa.1080p.BluRay.10Bit.Dts-HDMa5.1.HEVC-d3g.mkv261,1080,1920,0,267,247,1002,267,14700,0.007,"[[[0.01176471 0.00392157 0.01176471]  [0.01176471 0.00392157 0.01176471]  [0.01176471 0.00392157 0.01176471]  ...  [0.03137255 0.01176471 0.01960784]  [0.03529412 0.01176471 0.02352941]  [0.03529412 0.01176471 0.02352941]] [[0.01176471 0.00392157 0.01176471]  [0.01176471 0.00392157 0.01176471]  [0.01176471 0.00392157 0.01176471]  ...  [0.03529412 0.01176471 0.02352941]  [0.03529412 0.01176471 0.02352941]  [0.03529412 0.01176471 0.02352941]] [[0.01176471 0.00392157 0.01176471]  [0.00784314 0.         0.00784314]  [0.01176471 0.00392157 0.01176471]  ...  [0.03529412 0.01176471 0.02352941]  [0.03529412 0.01176471 0.02352941]  [0.03137255 0.01176471 0.01960784]] ... [[0.02352941 0.01176471 0.01960784]  [0.02352941 0.01176471 0.01960784]  [0.01960784 0.00784314 0.01568628]  ...  [0.00784314 0.         0.01568628]  [0.00784314 0.         0.01568628]  [0.00784314 0.         0.01568628]] [[0.01960784 0.00784314 0.01568628]  [0.02745098 0.01568628 0.02352941]  [0.01960784 0.00784314 0.01568628]  ...  [0.00784314 0.         0.01568628]  [0.00784314 0.         0.01568628]  [0.00784314 0.         0.01568628]] [[0.02352941 0.01176471 0.01960784]  [0.02352941 0.01176471 0.01960784]  [0.01960784 0.00784314 0.01568628]  ...  [0.00784314 0.         0.01568628]  [0.00784314 0.         0.01568628]  [0.00784314 0.         0.01568628]]]",4.094686102645937,25968,/home/amos/media/tv/The X-Files S01-S11 BluRay 10Bit 1080p Dts-HDMa5 1 HEVC-d3g/The X-Files S08 br 10bit dts hevc-d3g/The.X-Files.S08E07.Via.Negativa.1080p.BluRay.10Bit.Dts-HDMa5.1.HEVC-d3g.mkv262,1080,1920,1,54,350,470,54,123136,0.059,"[[[0.03137255 0.02352941 0.03137255]  [0.03137255 0.02352941 0.03137255]  [0.03137255 0.02352941 0.03137255]  ...  [0.15294118 0.03529412 0.02745098]  [0.15294118 0.03529412 0.02745098]  [0.15294118 0.03529412 0.02745098]] [[0.03137255 0.02352941 0.03137255]  [0.03137255 0.02352941 0.03137255]  [0.03137255 0.02352941 0.03137255]  ...  [0.15294118 0.03529412 0.02745098]  [0.15294118 0.03529412 0.02745098]  [0.15294118 0.03529412 0.02745098]] [[0.03137255 0.02352941 0.03137255]  [0.03137255 0.02352941 0.03137255]  [0.03137255 0.02352941 0.03137255]  ...  [0.15294118 0.03529412 0.02745098]  [0.15294118 0.03529412 0.02745098]  [0.15294118 0.03529412 0.02745098]] ... [[0.03137255 0.         0.01568628]  [0.03137255 0.         0.01568628]  [0.03529412 0.00392157 0.01960784]  ...  [0.3254902  0.2        0.19215687]  [0.3254902  0.2        0.1882353 ]  [0.3254902  0.2        0.1882353 ]] [[0.03137255 0.         0.01568628]  [0.03137255 0.         0.01568628]  [0.03529412 0.00392157 0.01960784]  ...  [0.3254902  0.2        0.1882353 ]  [0.3254902  0.2        0.1882353 ]  [0.3254902  0.2        0.1882353 ]] [[0.03137255 0.         0.01568628]  [0.03137255 0.         0.01568628]  [0.03529412 0.00392157 0.01960784]  ...  [0.3254902  0.2        0.1882353 ]  [0.3254902  0.2        0.1882353 ]  [0.3254902  0.2        0.1882353 ]]]",1.7948480715276673,25968,/home/amos/media/tv/The X-Files S01-S11 BluRay 10Bit 1080p Dts-HDMa5 1 HEVC-d3g/The X-Files S08 br 10bit dts hevc-d3g/The.X-Files.S08E07.Via.Negativa.1080p.BluRay.10Bit.Dts-HDMa5.1.HEVC-d3g.mkv263,1080,1920,0,74,71,494,74,1260,0.001,"[[[0.29803923 0.25490198 0.21568628]  [0.29803923 0.25490198 0.21568628]  [0.29411766 0.2509804  0.21176471]  ...  [0.42352942 0.35686275 0.27450982]  [0.41960785 0.3529412  0.27058825]  [0.41960785 0.3529412  0.27058825]] [[0.29803923 0.25490198 0.21568628]  [0.29803923 0.25490198 0.21568628]  [0.29411766 0.2509804  0.21176471]  ...  [0.42352942 0.35686275 0.27450982]  [0.41960785 0.3529412  0.27058825]  [0.41960785 0.3529412  0.27058825]] [[0.2901961  0.24705882 0.20784314]  [0.2901961  0.24705882 0.20784314]  [0.28627452 0.24313726 0.20392157]  ...  [0.43137255 0.3647059  0.28235295]  [0.42745098 0.36078432 0.2784314 ]  [0.42745098 0.36078432 0.2784314 ]] ... [[0.3137255  0.2627451  0.19607843]  [0.3137255  0.2627451  0.19607843]  [0.31764707 0.26666668 0.2       ]  ...  [0.41960785 0.37254903 0.32156864]  [0.41568628 0.36862746 0.31764707]  [0.41568628 0.36862746 0.31764707]] [[0.3137255  0.2627451  0.19607843]  [0.3137255  0.2627451  0.19607843]  [0.32156864 0.27058825 0.2       ]  ...  [0.42352942 0.3764706  0.3254902 ]  [0.41960785 0.37254903 0.32156864]  [0.41960785 0.37254903 0.32156864]] [[0.3137255  0.2627451  0.19607843]  [0.3137255  0.2627451  0.19607843]  [0.32156864 0.26666668 0.20392157]  ...  [0.42352942 0.3764706  0.3254902 ]  [0.41960785 0.37254903 0.32156864]  [0.41960785 0.37254903 0.32156864]]]",1.1286419712705538,26016,/home/amos/media/tv/The X-Files S01-S11 BluRay 10Bit 1080p Dts-HDMa5 1 HEVC-d3g/The X-Files S08 br 10bit dts hevc-d3g/The.X-Files.S08E07.Via.Negativa.1080p.BluRay.10Bit.Dts-HDMa5.1.HEVC-d3g.mkv264,1080,1920,0,72,71,493,72,421,0.0,"[[[0.27058825 0.22745098 0.19215687]  [0.27058825 0.22745098 0.19215687]  [0.27058825 0.22745098 0.19607843]  ...  [0.43137255 0.37254903 0.28235295]  [0.43137255 0.37254903 0.28235295]  [0.43137255 0.37254903 0.28235295]] [[0.27058825 0.22745098 0.19215687]  [0.27058825 0.22745098 0.19215687]  [0.27450982 0.23137255 0.19215687]  ...  [0.43137255 0.37254903 0.28235295]  [0.43137255 0.37254903 0.28235295]  [0.43137255 0.37254903 0.28235295]] [[0.25490198 0.21176471 0.1764706 ]  [0.25490198 0.21176471 0.1764706 ]  [0.25882354 0.21568628 0.18039216]  ...  [0.43529412 0.3764706  0.28235295]  [0.43529412 0.3764706  0.28235295]  [0.43529412 0.3764706  0.28235295]] ... [[0.30980393 0.25882354 0.2       ]  [0.30980393 0.25882354 0.2       ]  [0.31764707 0.2627451  0.20392157]  ...  [0.45490196 0.40392157 0.3254902 ]  [0.45490196 0.4        0.3254902 ]  [0.45490196 0.4        0.3254902 ]] [[0.30588236 0.25490198 0.19607843]  [0.30588236 0.25490198 0.19607843]  [0.3137255  0.2627451  0.2       ]  ...  [0.45490196 0.40392157 0.3254902 ]  [0.45490196 0.40392157 0.3254902 ]  [0.45490196 0.40392157 0.3254902 ]] [[0.30588236 0.25490198 0.19607843]  [0.30588236 0.25490198 0.19607843]  [0.3137255  0.2627451  0.2       ]  ...  [0.45490196 0.40392157 0.3254902 ]  [0.45490196 0.40392157 0.3254902 ]  [0.45490196 0.40392157 0.3254902 ]]]",1.6205479597556405,26040,/home/amos/media/tv/The X-Files S01-S11 BluRay 10Bit 1080p Dts-HDMa5 1 HEVC-d3g/The X-Files S08 br 10bit dts hevc-d3g/The.X-Files.S08E07.Via.Negativa.1080p.BluRay.10Bit.Dts-HDMa5.1.HEVC-d3g.mkv265,1080,1920,0,55,410,1091,55,367780,0.177,"[[[0.42352942 0.24313726 0.22352941]  [0.42352942 0.24313726 0.22352941]  [0.41960785 0.23921569 0.21960784]  ...  [0.3372549  0.14509805 0.13333334]  [0.3372549  0.14509805 0.13333334]  [0.         0.         0.        ]] [[0.42352942 0.24313726 0.22352941]  [0.42352942 0.24313726 0.22352941]  [0.41960785 0.23921569 0.21960784]  ...  [0.3372549  0.14509805 0.13333334]  [0.3372549  0.14509805 0.13333334]  [0.         0.         0.        ]] [[0.42352942 0.24313726 0.22352941]  [0.42352942 0.24313726 0.22352941]  [0.41960785 0.23921569 0.21960784]  ...  [0.3372549  0.14509805 0.13333334]  [0.3372549  0.14509805 0.13333334]  [0.         0.         0.        ]] ... [[0.02745098 0.00784314 0.01568628]  [0.02745098 0.00784314 0.01568628]  [0.02745098 0.00784314 0.01568628]  ...  [0.11372549 0.01960784 0.        ]  [0.11372549 0.01960784 0.        ]  [0.         0.         0.        ]] [[0.02745098 0.00784314 0.01568628]  [0.02745098 0.00784314 0.01568628]  [0.02745098 0.00784314 0.01568628]  ...  [0.11372549 0.01960784 0.        ]  [0.11372549 0.01960784 0.        ]  [0.         0.         0.        ]] [[0.         0.         0.        ]  [0.         0.         0.        ]  [0.         0.         0.        ]  ...  [0.         0.         0.        ]  [0.         0.         0.        ]  [0.         0.         0.        ]]]",1.64752994250739,26064,/home/amos/media/tv/The X-Files S01-S11 BluRay 10Bit 1080p Dts-HDMa5 1 HEVC-d3g/The X-Files S08 br 10bit dts hevc-d3g/The.X-Files.S08E07.Via.Negativa.1080p.BluRay.10Bit.Dts-HDMa5.1.HEVC-d3g.mkv266,1080,1920,0,49,367,1182,49,360294,0.174,"[[[0.02352941 0.01568628 0.01568628]  [0.02352941 0.01568628 0.01568628]  [0.02352941 0.01568628 0.01568628]  ...  [0.30588236 0.14901961 0.11764706]  [0.30588236 0.14901961 0.11764706]  [0.30588236 0.14901961 0.11764706]] [[0.02352941 0.01568628 0.01568628]  [0.02352941 0.01568628 0.01568628]  [0.02352941 0.01568628 0.01568628]  ...  [0.30588236 0.14901961 0.11764706]  [0.30588236 0.14901961 0.11764706]  [0.30588236 0.14901961 0.11764706]] [[0.02352941 0.01568628 0.01568628]  [0.02352941 0.01568628 0.01568628]  [0.02352941 0.01568628 0.01568628]  ...  [0.30588236 0.14509805 0.11372549]  [0.30588236 0.14509805 0.11372549]  [0.30588236 0.14509805 0.11372549]] ... [[0.01176471 0.00392157 0.01568628]  [0.01176471 0.00392157 0.01568628]  [0.01176471 0.00392157 0.01568628]  ...  [0.20784314 0.07058824 0.05098039]  [0.20784314 0.07058824 0.05098039]  [0.20784314 0.07058824 0.05098039]] [[0.01176471 0.00392157 0.01568628]  [0.01176471 0.00392157 0.01568628]  [0.01176471 0.00392157 0.01568628]  ...  [0.20784314 0.07058824 0.05098039]  [0.20784314 0.07058824 0.05098039]  [0.20784314 0.07058824 0.05098039]] [[0.01176471 0.00392157 0.01568628]  [0.01176471 0.00392157 0.01568628]  [0.01176471 0.00392157 0.01568628]  ...  [0.20784314 0.07058824 0.05098039]  [0.20784314 0.07058824 0.05098039]  [0.20784314 0.07058824 0.05098039]]]",3.2292599088395946,26088,/home/amos/media/tv/The X-Files S01-S11 BluRay 10Bit 1080p Dts-HDMa5 1 HEVC-d3g/The X-Files S08 br 10bit dts hevc-d3g/The.X-Files.S08E07.Via.Negativa.1080p.BluRay.10Bit.Dts-HDMa5.1.HEVC-d3g.mkv267,1080,1920,0,72,336,816,72,196416,0.095,"[[[0.27058825 0.17254902 0.15294118]  [0.27058825 0.17254902 0.15294118]  [0.27450982 0.1764706  0.15686275]  ...  [0.28235295 0.15294118 0.14117648]  [0.28627452 0.15686275 0.14509805]  [0.28627452 0.15686275 0.14509805]] [[0.27058825 0.17254902 0.15294118]  [0.27058825 0.17254902 0.15294118]  [0.27450982 0.1764706  0.15686275]  ...  [0.28235295 0.15294118 0.14117648]  [0.28627452 0.15686275 0.14509805]  [0.28627452 0.15686275 0.14509805]] [[0.25882354 0.16078432 0.14117648]  [0.25882354 0.16078432 0.14117648]  [0.2627451  0.16470589 0.14509805]  ...  [0.2784314  0.14901961 0.13725491]  [0.2784314  0.14901961 0.13725491]  [0.2784314  0.14901961 0.13725491]] ... [[0.44705883 0.27450982 0.24705882]  [0.44705883 0.27450982 0.24705882]  [0.44705883 0.27450982 0.24705882]  ...  [0.2784314  0.13333334 0.11372549]  [0.28627452 0.13725491 0.12156863]  [0.28627452 0.13725491 0.12156863]] [[0.45490196 0.28235295 0.2509804 ]  [0.45490196 0.28235295 0.2509804 ]  [0.45490196 0.28235295 0.2509804 ]  ...  [0.28235295 0.13333334 0.11764706]  [0.2901961  0.14117648 0.1254902 ]  [0.2901961  0.14117648 0.1254902 ]] [[0.45490196 0.28235295 0.2509804 ]  [0.45490196 0.28235295 0.2509804 ]  [0.45490196 0.28235295 0.2509804 ]  ...  [0.28235295 0.13333334 0.11764706]  [0.2901961  0.14117648 0.1254902 ]  [0.2901961  0.14117648 0.1254902 ]]]",2.7015692011336796,26184,/home/amos/media/tv/The X-Files S01-S11 BluRay 10Bit 1080p Dts-HDMa5 1 HEVC-d3g/The X-Files S08 br 10bit dts hevc-d3g/The.X-Files.S08E07.Via.Negativa.1080p.BluRay.10Bit.Dts-HDMa5.1.HEVC-d3g.mkv268,1080,1920,1,46,502,890,46,384864,0.186,"[[[0.2627451  0.12156863 0.10196079]  [0.2627451  0.12156863 0.10196079]  [0.2627451  0.12156863 0.10196079]  ...  [0.03137255 0.         0.01960784]  [0.03137255 0.         0.01960784]  [0.03137255 0.         0.01960784]] [[0.2627451  0.12156863 0.10196079]  [0.2627451  0.12156863 0.10196079]  [0.2627451  0.12156863 0.10196079]  ...  [0.03137255 0.         0.01960784]  [0.03137255 0.         0.01960784]  [0.03137255 0.         0.01960784]] [[0.2627451  0.12156863 0.10196079]  [0.2627451  0.12156863 0.10196079]  [0.2627451  0.12156863 0.10196079]  ...  [0.03137255 0.         0.01960784]  [0.03137255 0.         0.01960784]  [0.03137255 0.         0.01960784]] ... [[0.26666668 0.13333334 0.11372549]  [0.26666668 0.13333334 0.11372549]  [0.26666668 0.13333334 0.11372549]  ...  [0.09411765 0.04313726 0.05098039]  [0.09411765 0.04313726 0.05098039]  [0.09411765 0.04313726 0.05098039]] [[0.26666668 0.13333334 0.11372549]  [0.26666668 0.13333334 0.11372549]  [0.26666668 0.13333334 0.11372549]  ...  [0.09411765 0.04313726 0.05098039]  [0.09411765 0.04313726 0.05098039]  [0.09411765 0.04313726 0.05098039]] [[0.26666668 0.13333334 0.11372549]  [0.26666668 0.13333334 0.11372549]  [0.26666668 0.13333334 0.11372549]  ...  [0.09411765 0.04313726 0.05098039]  [0.09411765 0.04313726 0.05098039]  [0.09411765 0.04313726 0.05098039]]]",1.729822128021624,26184,/home/amos/media/tv/The X-Files S01-S11 BluRay 10Bit 1080p Dts-HDMa5 1 HEVC-d3g/The X-Files S08 br 10bit dts hevc-d3g/The.X-Files.S08E07.Via.Negativa.1080p.BluRay.10Bit.Dts-HDMa5.1.HEVC-d3g.mkv269,1080,1920,0,168,376,1295,168,234416,0.113,"[[[0.29803923 0.22352941 0.20784314]  [0.3019608  0.22352941 0.21176471]  [0.3019608  0.22352941 0.21568628]  ...  [0.05098039 0.00784314 0.00784314]  [0.05490196 0.00784314 0.01176471]  [0.05882353 0.01176471 0.01568628]] [[0.3019608  0.22352941 0.21176471]  [0.29803923 0.21960784 0.20784314]  [0.29803923 0.21960784 0.20784314]  ...  [0.05490196 0.01176471 0.00784314]  [0.05882353 0.01176471 0.01176471]  [0.0627451  0.01568628 0.01568628]] [[0.3019608  0.22745098 0.21176471]  [0.29411766 0.21568628 0.20392157]  [0.29411766 0.21568628 0.2       ]  ...  [0.05882353 0.01568628 0.01176471]  [0.0627451  0.01568628 0.01568628]  [0.06666667 0.01568628 0.01568628]] ... [[0.02745098 0.01176471 0.01176471]  [0.02745098 0.01176471 0.01568628]  [0.02352941 0.00784314 0.01568628]  ...  [0.12156863 0.05098039 0.04705882]  [0.1254902  0.05490196 0.05490196]  [0.13333334 0.0627451  0.0627451 ]] [[0.02745098 0.01176471 0.01176471]  [0.02745098 0.01176471 0.01568628]  [0.02745098 0.01176471 0.01568628]  ...  [0.10980392 0.03921569 0.03921569]  [0.11764706 0.04313726 0.04705882]  [0.12156863 0.05098039 0.05098039]] [[0.02745098 0.01176471 0.01176471]  [0.02745098 0.01176471 0.01176471]  [0.02745098 0.01176471 0.01568628]  ...  [0.10588235 0.02745098 0.03529412]  [0.10588235 0.03137255 0.03529412]  [0.10980392 0.03529412 0.03921569]]]",0.4278311665984802,26208,/home/amos/media/tv/The X-Files S01-S11 BluRay 10Bit 1080p Dts-HDMa5 1 HEVC-d3g/The X-Files S08 br 10bit dts hevc-d3g/The.X-Files.S08E07.Via.Negativa.1080p.BluRay.10Bit.Dts-HDMa5.1.HEVC-d3g.mkv270,1080,1920,0,493,178,984,493,154665,0.075,"[[[0.01568628 0.00784314 0.02352941]  [0.01568628 0.00784314 0.02352941]  [0.01568628 0.00784314 0.02352941]  ...  [0.05490196 0.04705882 0.05490196]  [0.04313726 0.03529412 0.04705882]  [0.03921569 0.02745098 0.03921569]] [[0.01960784 0.01176471 0.02745098]  [0.01568628 0.00784314 0.02352941]  [0.01568628 0.00784314 0.02352941]  ...  [0.04313726 0.03137255 0.04313726]  [0.04313726 0.03529412 0.04705882]  [0.04313726 0.03529412 0.04705882]] [[0.01960784 0.01176471 0.02745098]  [0.01960784 0.01176471 0.02745098]  [0.01176471 0.00392157 0.01960784]  ...  [0.05098039 0.04313726 0.05098039]  [0.04313726 0.03529412 0.04705882]  [0.05490196 0.04705882 0.05882353]] ... [[0.16078432 0.09019608 0.07450981]  [0.17254902 0.10196079 0.08627451]  [0.16470589 0.09411765 0.07843138]  ...  [0.08627451 0.08627451 0.09803922]  [0.09019608 0.09019608 0.10196079]  [0.09803922 0.09803922 0.10980392]] [[0.16862746 0.09803922 0.08235294]  [0.16862746 0.09411765 0.07843138]  [0.17254902 0.10196079 0.08627451]  ...  [0.08235294 0.08235294 0.09411765]  [0.08235294 0.08235294 0.09411765]  [0.09411765 0.09411765 0.10588235]] [[0.16862746 0.09803922 0.08235294]  [0.15686275 0.08627451 0.07058824]  [0.1764706  0.10588235 0.09411765]  ...  [0.09019608 0.09019608 0.10196079]  [0.07843138 0.07843138 0.09019608]  [0.08235294 0.08235294 0.09803922]]]",7.100699046102818,27168,/home/amos/media/tv/The X-Files S01-S11 BluRay 10Bit 1080p Dts-HDMa5 1 HEVC-d3g/The X-Files S08 br 10bit dts hevc-d3g/The.X-Files.S08E07.Via.Negativa.1080p.BluRay.10Bit.Dts-HDMa5.1.HEVC-d3g.mkv271,1080,1920,0,483,181,914,483,130162,0.063,"[[[0.03921569 0.03529412 0.05098039]  [0.03529412 0.02745098 0.04313726]  [0.03529412 0.02745098 0.04313726]  ...  [0.03921569 0.02745098 0.03529412]  [0.04313726 0.03137255 0.03529412]  [0.05098039 0.03921569 0.04705882]] [[0.02745098 0.01960784 0.03529412]  [0.03529412 0.02745098 0.04313726]  [0.02745098 0.01960784 0.03529412]  ...  [0.05098039 0.03921569 0.04705882]  [0.05490196 0.04313726 0.05098039]  [0.05882353 0.04705882 0.05490196]] [[0.03529412 0.02745098 0.04313726]  [0.03921569 0.03137255 0.04705882]  [0.03921569 0.03137255 0.04705882]  ...  [0.05098039 0.03921569 0.04705882]  [0.05490196 0.04313726 0.05098039]  [0.05490196 0.04313726 0.05098039]] ... [[0.03137255 0.01960784 0.03921569]  [0.03529412 0.02352941 0.04313726]  [0.04705882 0.03529412 0.05490196]  ...  [0.07450981 0.08235294 0.09019608]  [0.07058824 0.07450981 0.08627451]  [0.07058824 0.07058824 0.08627451]] [[0.03137255 0.01568628 0.03921569]  [0.03921569 0.02352941 0.04705882]  [0.03921569 0.02352941 0.04705882]  ...  [0.07058824 0.07843138 0.08627451]  [0.06666667 0.07058824 0.08627451]  [0.07450981 0.07058824 0.08627451]] [[0.04313726 0.02745098 0.05098039]  [0.04705882 0.03137255 0.05490196]  [0.03529412 0.01960784 0.04313726]  ...  [0.0627451  0.07058824 0.07843138]  [0.07058824 0.07450981 0.09019608]  [0.08235294 0.07843138 0.09411765]]]",7.521173951623496,27216,/home/amos/media/tv/The X-Files S01-S11 BluRay 10Bit 1080p Dts-HDMa5 1 HEVC-d3g/The X-Files S08 br 10bit dts hevc-d3g/The.X-Files.S08E07.Via.Negativa.1080p.BluRay.10Bit.Dts-HDMa5.1.HEVC-d3g.mkv272,1080,1920,0,499,250,961,499,115038,0.055,"[[[0.03137255 0.02352941 0.03921569]  [0.04313726 0.03529412 0.05098039]  [0.03529412 0.02745098 0.04313726]  ...  [0.05490196 0.04313726 0.03529412]  [0.05098039 0.03921569 0.03529412]  [0.05490196 0.04313726 0.03921569]] [[0.03529412 0.02745098 0.04313726]  [0.04313726 0.03529412 0.05098039]  [0.03529412 0.02745098 0.04313726]  ...  [0.05882353 0.04705882 0.03921569]  [0.05882353 0.04705882 0.04313726]  [0.05490196 0.04313726 0.03921569]] [[0.03529412 0.02745098 0.04313726]  [0.03529412 0.02745098 0.04313726]  [0.03921569 0.03137255 0.04705882]  ...  [0.05490196 0.04313726 0.03529412]  [0.05490196 0.04313726 0.03921569]  [0.05490196 0.04313726 0.03921569]] ... [[0.06666667 0.05098039 0.07058824]  [0.0627451  0.04705882 0.06666667]  [0.0627451  0.04705882 0.06666667]  ...  [0.07843138 0.07843138 0.09019608]  [0.07843138 0.07843138 0.09019608]  [0.07450981 0.07450981 0.08627451]] [[0.05882353 0.04313726 0.0627451 ]  [0.05490196 0.03921569 0.05882353]  [0.05882353 0.04313726 0.0627451 ]  ...  [0.07450981 0.07450981 0.08627451]  [0.07450981 0.07450981 0.08627451]  [0.07450981 0.07450981 0.08627451]] [[0.05098039 0.03529412 0.05490196]  [0.04313726 0.02745098 0.04705882]  [0.05098039 0.03529412 0.05490196]  ...  [0.07058824 0.07058824 0.08235294]  [0.07450981 0.07450981 0.08627451]  [0.07450981 0.07450981 0.08627451]]]",5.812445956689771,27240,/home/amos/media/tv/The X-Files S01-S11 BluRay 10Bit 1080p Dts-HDMa5 1 HEVC-d3g/The X-Files S08 br 10bit dts hevc-d3g/The.X-Files.S08E07.Via.Negativa.1080p.BluRay.10Bit.Dts-HDMa5.1.HEVC-d3g.mkv273,1080,1920,0,60,613,837,60,429681,0.207,"[[[0.27058825 0.25490198 0.25490198]  [0.27058825 0.25490198 0.25490198]  [0.27450982 0.25882354 0.25882354]  ...  [0.01568628 0.00784314 0.00392157]  [0.01568628 0.00784314 0.00392157]  [0.01568628 0.00784314 0.00392157]] [[0.27058825 0.25490198 0.25490198]  [0.27058825 0.25490198 0.25490198]  [0.27450982 0.25882354 0.25882354]  ...  [0.01568628 0.00784314 0.00392157]  [0.01568628 0.00784314 0.00392157]  [0.01568628 0.00784314 0.00392157]] [[0.27450982 0.25882354 0.25882354]  [0.27450982 0.25882354 0.25882354]  [0.2784314  0.26666668 0.26666668]  ...  [0.01568628 0.00784314 0.00392157]  [0.01568628 0.00784314 0.00392157]  [0.01568628 0.00784314 0.00392157]] ... [[0.07058824 0.07058824 0.07058824]  [0.07058824 0.07058824 0.07058824]  [0.07450981 0.07058824 0.07058824]  ...  [0.14509805 0.12941177 0.13333334]  [0.15294118 0.13725491 0.14117648]  [0.15294118 0.13725491 0.14117648]] [[0.07058824 0.06666667 0.07058824]  [0.07058824 0.06666667 0.07058824]  [0.07058824 0.06666667 0.07058824]  ...  [0.14117648 0.1254902  0.12941177]  [0.15294118 0.13725491 0.14117648]  [0.15294118 0.13725491 0.14117648]] [[0.07058824 0.06666667 0.07058824]  [0.07058824 0.06666667 0.07058824]  [0.07058824 0.06666667 0.07058824]  ...  [0.14117648 0.1254902  0.12941177]  [0.15294118 0.13725491 0.14117648]  [0.15294118 0.13725491 0.14117648]]]",5.621055981086101,27384,/home/amos/media/tv/The X-Files S01-S11 BluRay 10Bit 1080p Dts-HDMa5 1 HEVC-d3g/The X-Files S08 br 10bit dts hevc-d3g/The.X-Files.S08E07.Via.Negativa.1080p.BluRay.10Bit.Dts-HDMa5.1.HEVC-d3g.mkv274,1080,1920,0,59,754,375,59,219620,0.106,"[[[0.05882353 0.04705882 0.03921569]  [0.05882353 0.04705882 0.03921569]  [0.05882353 0.04705882 0.03921569]  ...  [0.02352941 0.01960784 0.01568628]  [0.02352941 0.01960784 0.01568628]  [0.02352941 0.01960784 0.01568628]] [[0.05882353 0.04705882 0.03921569]  [0.05882353 0.04705882 0.03921569]  [0.05882353 0.04705882 0.03921569]  ...  [0.02352941 0.01960784 0.01568628]  [0.02352941 0.01960784 0.01568628]  [0.02352941 0.01960784 0.01568628]] [[0.05882353 0.04705882 0.03921569]  [0.05882353 0.04705882 0.03921569]  [0.05882353 0.04705882 0.03921569]  ...  [0.02352941 0.01960784 0.01568628]  [0.02352941 0.01960784 0.01568628]  [0.02352941 0.01960784 0.01568628]] ... [[0.05490196 0.04313726 0.03137255]  [0.05490196 0.04313726 0.03137255]  [0.05490196 0.04313726 0.03137255]  ...  [0.01960784 0.01176471 0.00784314]  [0.01960784 0.01176471 0.00784314]  [0.01960784 0.01176471 0.00784314]] [[0.05490196 0.04313726 0.03137255]  [0.05490196 0.04313726 0.03137255]  [0.05490196 0.04313726 0.03137255]  ...  [0.01960784 0.01176471 0.00784314]  [0.01960784 0.01176471 0.00784314]  [0.01960784 0.01176471 0.00784314]] [[0.05490196 0.04313726 0.03137255]  [0.05490196 0.04313726 0.03137255]  [0.05490196 0.04313726 0.03137255]  ...  [0.01960784 0.01176471 0.00784314]  [0.01960784 0.01176471 0.00784314]  [0.01960784 0.01176471 0.00784314]]]",3.3220941020408645,27408,/home/amos/media/tv/The X-Files S01-S11 BluRay 10Bit 1080p Dts-HDMa5 1 HEVC-d3g/The X-Files S08 br 10bit dts hevc-d3g/The.X-Files.S08E07.Via.Negativa.1080p.BluRay.10Bit.Dts-HDMa5.1.HEVC-d3g.mkv275,1080,1920,0,100,362,829,100,190998,0.092,"[[[0.03921569 0.03529412 0.03137255]  [0.03921569 0.03529412 0.03137255]  [0.03921569 0.03529412 0.03137255]  ...  [0.18431373 0.10196079 0.10196079]  [0.1882353  0.10588235 0.10588235]  [0.1882353  0.10588235 0.10588235]] [[0.03921569 0.03529412 0.03137255]  [0.03921569 0.03529412 0.03137255]  [0.04313726 0.03529412 0.03529412]  ...  [0.18431373 0.10196079 0.10196079]  [0.1882353  0.10588235 0.10588235]  [0.1882353  0.10588235 0.10588235]] [[0.03921569 0.03529412 0.03137255]  [0.03921569 0.03529412 0.03137255]  [0.04313726 0.03921569 0.03529412]  ...  [0.1882353  0.10588235 0.10196079]  [0.1882353  0.10588235 0.10588235]  [0.1882353  0.10980392 0.10980392]] ... [[0.04705882 0.03137255 0.02745098]  [0.04705882 0.03137255 0.02745098]  [0.05098039 0.03137255 0.02745098]  ...  [0.2        0.11764706 0.11372549]  [0.2        0.11764706 0.11764706]  [0.20392157 0.12156863 0.12156863]] [[0.04705882 0.03137255 0.02745098]  [0.04705882 0.03137255 0.02745098]  [0.04705882 0.03137255 0.02745098]  ...  [0.19607843 0.11372549 0.11372549]  [0.2        0.11764706 0.11764706]  [0.2        0.11764706 0.11764706]] [[0.04705882 0.03137255 0.02745098]  [0.04705882 0.03137255 0.02745098]  [0.04705882 0.03137255 0.02745098]  ...  [0.19607843 0.11372549 0.11372549]  [0.2        0.11764706 0.11372549]  [0.2        0.11764706 0.11764706]]]",3.0098090466926806,27528,/home/amos/media/tv/The X-Files S01-S11 BluRay 10Bit 1080p Dts-HDMa5 1 HEVC-d3g/The X-Files S08 br 10bit dts hevc-d3g/The.X-Files.S08E07.Via.Negativa.1080p.BluRay.10Bit.Dts-HDMa5.1.HEVC-d3g.mkv276,1080,1920,0,495,179,937,495,139672,0.067,"[[[0.02352941 0.01568628 0.03137255]  [0.01960784 0.01176471 0.03137255]  [0.01960784 0.01176471 0.02352941]  ...  [0.04705882 0.03921569 0.04705882]  [0.04313726 0.03529412 0.04313726]  [0.04313726 0.03529412 0.04313726]] [[0.02352941 0.01568628 0.03137255]  [0.02352941 0.01568628 0.03137255]  [0.02352941 0.01568628 0.03137255]  ...  [0.05098039 0.04313726 0.05098039]  [0.04705882 0.04313726 0.04705882]  [0.04313726 0.03529412 0.04313726]] [[0.02745098 0.01960784 0.03529412]  [0.02745098 0.01960784 0.03529412]  [0.02745098 0.01960784 0.03529412]  ...  [0.05098039 0.04313726 0.05098039]  [0.05098039 0.04313726 0.05098039]  [0.04313726 0.03529412 0.04313726]] ... [[0.12156863 0.07450981 0.05882353]  [0.14509805 0.09803922 0.07843138]  [0.14509805 0.09019608 0.07058824]  ...  [0.07450981 0.07450981 0.08627451]  [0.07450981 0.07450981 0.08627451]  [0.07450981 0.07450981 0.08627451]] [[0.10980392 0.05882353 0.05490196]  [0.1254902  0.07843138 0.07058824]  [0.15294118 0.09411765 0.08235294]  ...  [0.07450981 0.07450981 0.08627451]  [0.07450981 0.07450981 0.08627451]  [0.07058824 0.07058824 0.08235294]] [[0.09411765 0.04705882 0.05098039]  [0.10980392 0.05882353 0.0627451 ]  [0.13725491 0.07843138 0.07450981]  ...  [0.07843138 0.07843138 0.09019608]  [0.07450981 0.07450981 0.08627451]  [0.07058824 0.07058824 0.08235294]]]",6.674437954497989,27552,/home/amos/media/tv/The X-Files S01-S11 BluRay 10Bit 1080p Dts-HDMa5 1 HEVC-d3g/The X-Files S08 br 10bit dts hevc-d3g/The.X-Files.S08E07.Via.Negativa.1080p.BluRay.10Bit.Dts-HDMa5.1.HEVC-d3g.mkv277,1080,1920,0,495,172,969,495,153102,0.074,"[[[0.02745098 0.01960784 0.03529412]  [0.03137255 0.02745098 0.04313726]  [0.03137255 0.02352941 0.03921569]  ...  [0.04313726 0.03921569 0.04705882]  [0.03529412 0.02745098 0.03529412]  [0.02745098 0.01960784 0.03137255]] [[0.03529412 0.02745098 0.04313726]  [0.03137255 0.02352941 0.03921569]  [0.02745098 0.01960784 0.03529412]  ...  [0.03921569 0.03529412 0.03921569]  [0.02352941 0.01960784 0.02352941]  [0.03921569 0.03529412 0.03921569]] [[0.03529412 0.02745098 0.04313726]  [0.03921569 0.03137255 0.04705882]  [0.03137255 0.02352941 0.03921569]  ...  [0.03529412 0.03137255 0.03137255]  [0.03137255 0.02745098 0.02745098]  [0.03529412 0.03137255 0.03137255]] ... [[0.10196079 0.06666667 0.07058824]  [0.09803922 0.05882353 0.05490196]  [0.10196079 0.0627451  0.05882353]  ...  [0.08627451 0.08627451 0.09803922]  [0.08235294 0.08235294 0.09411765]  [0.08235294 0.08235294 0.09411765]] [[0.09803922 0.05882353 0.04705882]  [0.10196079 0.0627451  0.05490196]  [0.09411765 0.05490196 0.04705882]  ...  [0.08235294 0.08235294 0.09411765]  [0.08235294 0.08235294 0.09411765]  [0.08235294 0.08235294 0.09019608]] [[0.10588235 0.07058824 0.04705882]  [0.10196079 0.06666667 0.04313726]  [0.10588235 0.05882353 0.03921569]  ...  [0.08235294 0.08235294 0.09411765]  [0.09019608 0.09019608 0.10196079]  [0.08627451 0.08627451 0.09803922]]]",5.246646045881789,27576,/home/amos/media/tv/The X-Files S01-S11 BluRay 10Bit 1080p Dts-HDMa5 1 HEVC-d3g/The X-Files S08 br 10bit dts hevc-d3g/The.X-Files.S08E07.Via.Negativa.1080p.BluRay.10Bit.Dts-HDMa5.1.HEVC-d3g.mkv278,1080,1920,0,470,131,852,470,129498,0.062,"[[[0.26666668 0.17254902 0.16862746]  [0.26666668 0.17254902 0.16862746]  [0.2784314  0.18431373 0.18039216]  ...  [0.00784314 0.00392157 0.00784314]  [0.00784314 0.00392157 0.00784314]  [0.00784314 0.00392157 0.00784314]] [[0.25490198 0.16078432 0.15686275]  [0.26666668 0.17254902 0.16862746]  [0.26666668 0.17254902 0.16862746]  ...  [0.00784314 0.00392157 0.00784314]  [0.00784314 0.00392157 0.00784314]  [0.00784314 0.00392157 0.00784314]] [[0.2627451  0.16470589 0.16078432]  [0.25882354 0.16470589 0.16078432]  [0.2627451  0.16862746 0.16470589]  ...  [0.00784314 0.00392157 0.00784314]  [0.00784314 0.00392157 0.00784314]  [0.00784314 0.00392157 0.00784314]] ... [[0.19215687 0.11372549 0.11372549]  [0.19215687 0.11372549 0.11372549]  [0.19607843 0.11764706 0.11764706]  ...  [0.27450982 0.24705882 0.23529412]  [0.2784314  0.2509804  0.23921569]  [0.28235295 0.25882354 0.24313726]] [[0.19215687 0.11764706 0.11372549]  [0.19607843 0.12156863 0.11372549]  [0.19607843 0.12156863 0.11764706]  ...  [0.27450982 0.2509804  0.23529412]  [0.28627452 0.2627451  0.24705882]  [0.2784314  0.25490198 0.23921569]] [[0.18431373 0.10980392 0.10588235]  [0.18039216 0.10588235 0.10196079]  [0.1882353  0.11372549 0.10980392]  ...  [0.24313726 0.22352941 0.21176471]  [0.25490198 0.23137255 0.22352941]  [0.24705882 0.22745098 0.21568628]]]",3.034844087844249,27600,/home/amos/media/tv/The X-Files S01-S11 BluRay 10Bit 1080p Dts-HDMa5 1 HEVC-d3g/The X-Files S08 br 10bit dts hevc-d3g/The.X-Files.S08E07.Via.Negativa.1080p.BluRay.10Bit.Dts-HDMa5.1.HEVC-d3g.mkv279,1080,1920,0,510,118,831,510,125832,0.061,"[[[0.14901961 0.08627451 0.07843138]  [0.16470589 0.10196079 0.09411765]  [0.14117648 0.07843138 0.07058824]  ...  [0.00784314 0.         0.00784314]  [0.00784314 0.         0.00784314]  [0.00784314 0.         0.00784314]] [[0.15294118 0.09019608 0.08235294]  [0.14509805 0.08235294 0.07450981]  [0.16078432 0.09803922 0.09019608]  ...  [0.00784314 0.         0.00784314]  [0.00784314 0.         0.00784314]  [0.00784314 0.         0.00784314]] [[0.14117648 0.07843138 0.07058824]  [0.14117648 0.07843138 0.07058824]  [0.14901961 0.08627451 0.07843138]  ...  [0.00784314 0.         0.00784314]  [0.00784314 0.         0.00784314]  [0.00784314 0.         0.00784314]] ... [[0.09019608 0.04705882 0.04313726]  [0.08627451 0.03921569 0.03137255]  [0.10196079 0.05098039 0.04313726]  ...  [0.26666668 0.24705882 0.24705882]  [0.2509804  0.24313726 0.25490198]  [0.25490198 0.2509804  0.25882354]] [[0.09411765 0.05098039 0.04705882]  [0.08627451 0.03921569 0.03137255]  [0.10196079 0.05490196 0.04705882]  ...  [0.25882354 0.23921569 0.23137255]  [0.24705882 0.23921569 0.2509804 ]  [0.22745098 0.21960784 0.23137255]] [[0.09019608 0.04705882 0.04313726]  [0.09411765 0.04313726 0.04313726]  [0.10196079 0.05098039 0.05098039]  ...  [0.25490198 0.23529412 0.21960784]  [0.23137255 0.22352941 0.23529412]  [0.23921569 0.23137255 0.24313726]]]",2.8449160553864203,27624,/home/amos/media/tv/The X-Files S01-S11 BluRay 10Bit 1080p Dts-HDMa5 1 HEVC-d3g/The X-Files S08 br 10bit dts hevc-d3g/The.X-Files.S08E07.Via.Negativa.1080p.BluRay.10Bit.Dts-HDMa5.1.HEVC-d3g.mkv280,1080,1920,0,71,468,935,71,343008,0.165,"[[[0.14901961 0.09411765 0.08235294]  [0.14901961 0.09411765 0.08235294]  [0.14901961 0.09411765 0.08235294]  ...  [0.16078432 0.09019608 0.08235294]  [0.16078432 0.09019608 0.08235294]  [0.         0.         0.        ]] [[0.14901961 0.09411765 0.08235294]  [0.14901961 0.09411765 0.08235294]  [0.14901961 0.09411765 0.08235294]  ...  [0.16078432 0.09019608 0.08235294]  [0.16078432 0.09019608 0.08235294]  [0.         0.         0.        ]] [[0.14901961 0.09411765 0.08235294]  [0.14901961 0.09411765 0.08235294]  [0.14901961 0.09411765 0.08235294]  ...  [0.16078432 0.09019608 0.08235294]  [0.16078432 0.09019608 0.08235294]  [0.         0.         0.        ]] ... [[0.3254902  0.19215687 0.18431373]  [0.3254902  0.19215687 0.18431373]  [0.32156864 0.1882353  0.18039216]  ...  [0.27058825 0.17254902 0.16470589]  [0.27058825 0.17254902 0.16470589]  [0.         0.         0.        ]] [[0.3254902  0.19215687 0.18431373]  [0.3254902  0.19215687 0.18431373]  [0.32156864 0.1882353  0.18039216]  ...  [0.27058825 0.17254902 0.16470589]  [0.27058825 0.17254902 0.16470589]  [0.         0.         0.        ]] [[0.         0.         0.        ]  [0.         0.         0.        ]  [0.         0.         0.        ]  ...  [0.         0.         0.        ]  [0.         0.         0.        ]  [0.         0.         0.        ]]]",2.242798985855188,27768,/home/amos/media/tv/The X-Files S01-S11 BluRay 10Bit 1080p Dts-HDMa5 1 HEVC-d3g/The X-Files S08 br 10bit dts hevc-d3g/The.X-Files.S08E07.Via.Negativa.1080p.BluRay.10Bit.Dts-HDMa5.1.HEVC-d3g.mkv281,1080,1920,0,107,358,747,107,160640,0.077,"[[[0.04313726 0.04313726 0.05490196]  [0.04313726 0.04313726 0.05490196]  [0.04313726 0.04313726 0.05490196]  ...  [0.02352941 0.01176471 0.03529412]  [0.02352941 0.01176471 0.03529412]  [0.         0.         0.        ]] [[0.04313726 0.04313726 0.05490196]  [0.04313726 0.04313726 0.05490196]  [0.04313726 0.04313726 0.05490196]  ...  [0.01960784 0.00784314 0.03137255]  [0.01960784 0.00784314 0.03137255]  [0.         0.         0.        ]] [[0.04705882 0.04705882 0.05882353]  [0.04705882 0.04705882 0.05882353]  [0.04705882 0.04705882 0.05882353]  ...  [0.01568628 0.00392157 0.02745098]  [0.01568628 0.00392157 0.02745098]  [0.         0.         0.        ]] ... [[0.05490196 0.05882353 0.08627451]  [0.05490196 0.05882353 0.08235294]  [0.05098039 0.05490196 0.08235294]  ...  [0.11372549 0.06666667 0.03529412]  [0.10980392 0.0627451  0.03137255]  [0.         0.         0.        ]] [[0.05490196 0.05882353 0.08627451]  [0.05490196 0.05882353 0.08627451]  [0.05098039 0.05490196 0.08235294]  ...  [0.11372549 0.06666667 0.03529412]  [0.10980392 0.0627451  0.03137255]  [0.         0.         0.        ]] [[0.         0.         0.        ]  [0.         0.         0.        ]  [0.         0.         0.        ]  ...  [0.         0.         0.        ]  [0.         0.         0.        ]  [0.         0.         0.        ]]]",1.5252959572826512,27984,/home/amos/media/tv/The X-Files S01-S11 BluRay 10Bit 1080p Dts-HDMa5 1 HEVC-d3g/The X-Files S08 br 10bit dts hevc-d3g/The.X-Files.S08E07.Via.Negativa.1080p.BluRay.10Bit.Dts-HDMa5.1.HEVC-d3g.mkv282,1080,1920,0,140,474,907,140,256178,0.124,"[[[0.04705882 0.04705882 0.05882353]  [0.04705882 0.04705882 0.05882353]  [0.04705882 0.04705882 0.05882353]  ...  [0.1882353  0.09411765 0.09411765]  [0.18431373 0.09019608 0.09019608]  [0.18431373 0.09019608 0.09019608]] [[0.04705882 0.04705882 0.05882353]  [0.04705882 0.04705882 0.05882353]  [0.04313726 0.04313726 0.05490196]  ...  [0.1882353  0.09411765 0.09411765]  [0.18431373 0.09019608 0.09019608]  [0.18039216 0.08627451 0.08627451]] [[0.04705882 0.04705882 0.05882353]  [0.04313726 0.04313726 0.05490196]  [0.04313726 0.04313726 0.05490196]  ...  [0.18431373 0.09019608 0.09019608]  [0.18039216 0.08627451 0.08627451]  [0.18039216 0.08627451 0.08627451]] ... [[0.08235294 0.06666667 0.07058824]  [0.08235294 0.0627451  0.06666667]  [0.08235294 0.05490196 0.05882353]  ...  [0.25490198 0.15686275 0.16470589]  [0.25490198 0.15686275 0.16470589]  [0.25490198 0.15686275 0.16470589]] [[0.07450981 0.05882353 0.0627451 ]  [0.07450981 0.05490196 0.05882353]  [0.07450981 0.05098039 0.05490196]  ...  [0.2509804  0.15294118 0.16078432]  [0.2509804  0.15294118 0.16078432]  [0.2509804  0.15294118 0.16078432]] [[0.06666667 0.05098039 0.05490196]  [0.06666667 0.04705882 0.05490196]  [0.06666667 0.04705882 0.05098039]  ...  [0.24705882 0.14901961 0.15686275]  [0.24705882 0.14901961 0.15686275]  [0.24705882 0.14901961 0.15686275]]]",2.6629240675247274,28032,/home/amos/media/tv/The X-Files S01-S11 BluRay 10Bit 1080p Dts-HDMa5 1 HEVC-d3g/The X-Files S08 br 10bit dts hevc-d3g/The.X-Files.S08E07.Via.Negativa.1080p.BluRay.10Bit.Dts-HDMa5.1.HEVC-d3g.mkv283,1080,1920,0,73,313,753,73,163200,0.079,"[[[0.15294118 0.05882353 0.05882353]  [0.15294118 0.05882353 0.05882353]  [0.15294118 0.05882353 0.0627451 ]  ...  [0.01568628 0.00392157 0.01568628]  [0.01960784 0.00784314 0.01960784]  [0.01960784 0.00784314 0.01960784]] [[0.15294118 0.05882353 0.05882353]  [0.15294118 0.05882353 0.05882353]  [0.14901961 0.05882353 0.05882353]  ...  [0.01568628 0.00392157 0.01568628]  [0.01960784 0.00784314 0.01960784]  [0.01960784 0.00784314 0.01960784]] [[0.15294118 0.05882353 0.05882353]  [0.15294118 0.05882353 0.05882353]  [0.15294118 0.05882353 0.05882353]  ...  [0.01176471 0.00392157 0.01176471]  [0.01960784 0.00784314 0.01960784]  [0.01960784 0.00784314 0.01960784]] ... [[0.09019608 0.07058824 0.08235294]  [0.09019608 0.07058824 0.08235294]  [0.09803922 0.07058824 0.07843138]  ...  [0.07843138 0.04313726 0.04705882]  [0.07843138 0.04313726 0.04705882]  [0.07843138 0.04313726 0.04705882]] [[0.09019608 0.07058824 0.08235294]  [0.09019608 0.07058824 0.08235294]  [0.09803922 0.07058824 0.07843138]  ...  [0.07843138 0.04313726 0.04705882]  [0.07843138 0.04313726 0.04705882]  [0.07843138 0.04313726 0.04705882]] [[0.09019608 0.07058824 0.08235294]  [0.09019608 0.07058824 0.08235294]  [0.09803922 0.07058824 0.07843138]  ...  [0.07843138 0.04313726 0.04705882]  [0.07843138 0.04313726 0.04705882]  [0.07843138 0.04313726 0.04705882]]]",4.449158961302601,28080,/home/amos/media/tv/The X-Files S01-S11 BluRay 10Bit 1080p Dts-HDMa5 1 HEVC-d3g/The X-Files S08 br 10bit dts hevc-d3g/The.X-Files.S08E07.Via.Negativa.1080p.BluRay.10Bit.Dts-HDMa5.1.HEVC-d3g.mkv284,1080,1920,0,728,84,763,728,22540,0.011,"[[[0.01176471 0.00392157 0.01960784]  [0.01960784 0.01176471 0.02745098]  [0.01960784 0.01176471 0.02745098]  ...  [0.02745098 0.01960784 0.01176471]  [0.01960784 0.01176471 0.01176471]  [0.02352941 0.01568628 0.01568628]] [[0.01568628 0.00784314 0.02352941]  [0.02352941 0.01568628 0.03137255]  [0.02745098 0.01960784 0.03529412]  ...  [0.01960784 0.01176471 0.00784314]  [0.04705882 0.03921569 0.03529412]  [0.05098039 0.04313726 0.04313726]] [[0.02352941 0.01568628 0.03137255]  [0.01568628 0.00784314 0.02352941]  [0.02352941 0.01568628 0.03137255]  ...  [0.03137255 0.02352941 0.01960784]  [0.01960784 0.01176471 0.01176471]  [0.03529412 0.02745098 0.02745098]] ... [[0.05490196 0.04705882 0.05490196]  [0.05882353 0.04705882 0.0627451 ]  [0.05882353 0.04705882 0.05882353]  ...  [0.08235294 0.08627451 0.07450981]  [0.09803922 0.09803922 0.08627451]  [0.09411765 0.09411765 0.08235294]] [[0.0627451  0.05490196 0.06666667]  [0.05098039 0.04313726 0.05490196]  [0.05098039 0.03921569 0.05098039]  ...  [0.08235294 0.08627451 0.07450981]  [0.09411765 0.09411765 0.08235294]  [0.09019608 0.09019608 0.07843138]] [[0.05882353 0.05098039 0.0627451 ]  [0.06666667 0.05882353 0.06666667]  [0.05490196 0.04313726 0.05490196]  ...  [0.08235294 0.08627451 0.07450981]  [0.09019608 0.09411765 0.08235294]  [0.09019608 0.09019608 0.07843138]]]",4.395589923777152,28176,/home/amos/media/tv/The X-Files S01-S11 BluRay 10Bit 1080p Dts-HDMa5 1 HEVC-d3g/The X-Files S08 br 10bit dts hevc-d3g/The.X-Files.S08E07.Via.Negativa.1080p.BluRay.10Bit.Dts-HDMa5.1.HEVC-d3g.mkv285,1080,1920,0,63,416,1043,63,345940,0.167,"[[[0.25882354 0.15686275 0.14117648]  [0.25882354 0.15686275 0.14117648]  [0.25882354 0.15686275 0.14117648]  ...  [0.19607843 0.10588235 0.10196079]  [0.19607843 0.10588235 0.10196079]  [0.19607843 0.10588235 0.10196079]] [[0.25882354 0.15686275 0.14117648]  [0.25882354 0.15686275 0.14117648]  [0.25882354 0.15686275 0.14117648]  ...  [0.19607843 0.10588235 0.10196079]  [0.19607843 0.10588235 0.10196079]  [0.19607843 0.10588235 0.10196079]] [[0.25882354 0.15686275 0.14117648]  [0.25882354 0.15686275 0.14117648]  [0.25882354 0.15686275 0.14117648]  ...  [0.19607843 0.10980392 0.10588235]  [0.2        0.10980392 0.10588235]  [0.2        0.10980392 0.10588235]] ... [[0.16862746 0.10980392 0.10588235]  [0.16862746 0.10980392 0.10588235]  [0.1764706  0.11372549 0.10980392]  ...  [0.2784314  0.18039216 0.17254902]  [0.27450982 0.1764706  0.16862746]  [0.27450982 0.1764706  0.16862746]] [[0.16862746 0.10588235 0.10588235]  [0.16862746 0.10588235 0.10588235]  [0.1764706  0.10980392 0.10980392]  ...  [0.27058825 0.17254902 0.16862746]  [0.27058825 0.17254902 0.16470589]  [0.27058825 0.17254902 0.16470589]] [[0.16862746 0.10588235 0.10588235]  [0.16862746 0.10588235 0.10588235]  [0.1764706  0.10980392 0.10980392]  ...  [0.27450982 0.1764706  0.16862746]  [0.27058825 0.17254902 0.16470589]  [0.27058825 0.17254902 0.16470589]]]",4.0967970925266854,28224,/home/amos/media/tv/The X-Files S01-S11 BluRay 10Bit 1080p Dts-HDMa5 1 HEVC-d3g/The X-Files S08 br 10bit dts hevc-d3g/The.X-Files.S08E07.Via.Negativa.1080p.BluRay.10Bit.Dts-HDMa5.1.HEVC-d3g.mkv286,1080,1920,0,258,686,1088,258,355240,0.171,"[[[0.02352941 0.         0.01960784]  [0.02745098 0.00392157 0.02352941]  [0.02745098 0.00392157 0.02352941]  ...  [0.05098039 0.01176471 0.02352941]  [0.04705882 0.00392157 0.01960784]  [0.04705882 0.00392157 0.01960784]] [[0.02352941 0.         0.01960784]  [0.02745098 0.00392157 0.02352941]  [0.02745098 0.00392157 0.02352941]  ...  [0.04705882 0.00784314 0.02352941]  [0.04313726 0.00392157 0.01960784]  [0.04313726 0.00392157 0.01960784]] [[0.02352941 0.         0.01960784]  [0.02745098 0.00392157 0.02352941]  [0.03137255 0.00784314 0.02352941]  ...  [0.04705882 0.00784314 0.01960784]  [0.04313726 0.00392157 0.01568628]  [0.04313726 0.00392157 0.01568628]] ... [[0.06666667 0.05098039 0.0627451 ]  [0.05882353 0.04313726 0.05490196]  [0.0627451  0.04705882 0.05882353]  ...  [0.08235294 0.03529412 0.03529412]  [0.09019608 0.04313726 0.03921569]  [0.09411765 0.04705882 0.03921569]] [[0.06666667 0.05098039 0.0627451 ]  [0.06666667 0.05098039 0.0627451 ]  [0.07058824 0.05490196 0.06666667]  ...  [0.07843138 0.03137255 0.03137255]  [0.08627451 0.03921569 0.03137255]  [0.08627451 0.03921569 0.03137255]] [[0.06666667 0.05098039 0.0627451 ]  [0.07450981 0.05882353 0.07058824]  [0.07058824 0.05490196 0.06666667]  ...  [0.07843138 0.02745098 0.02745098]  [0.07843138 0.03137255 0.02352941]  [0.08235294 0.03529412 0.02745098]]]",4.89168402767973,29016,/home/amos/media/tv/The X-Files S01-S11 BluRay 10Bit 1080p Dts-HDMa5 1 HEVC-d3g/The X-Files S08 br 10bit dts hevc-d3g/The.X-Files.S08E07.Via.Negativa.1080p.BluRay.10Bit.Dts-HDMa5.1.HEVC-d3g.mkv287,1080,1920,0,58,723,813,58,502075,0.242,"[[[0.02745098 0.02352941 0.01176471]  [0.02745098 0.02352941 0.01176471]  [0.02745098 0.02352941 0.01176471]  ...  [0.16470589 0.1254902  0.10588235]  [0.16470589 0.1254902  0.10588235]  [0.16470589 0.1254902  0.10588235]] [[0.02745098 0.02352941 0.01176471]  [0.02745098 0.02352941 0.01176471]  [0.02745098 0.02352941 0.01176471]  ...  [0.16470589 0.1254902  0.10588235]  [0.16470589 0.1254902  0.10588235]  [0.16470589 0.1254902  0.10588235]] [[0.02745098 0.02352941 0.01176471]  [0.02745098 0.02352941 0.01176471]  [0.02745098 0.02352941 0.01176471]  ...  [0.16470589 0.1254902  0.10588235]  [0.16470589 0.1254902  0.10588235]  [0.16470589 0.1254902  0.10588235]] ... [[0.03921569 0.03529412 0.01960784]  [0.03921569 0.03529412 0.01960784]  [0.03921569 0.03529412 0.01960784]  ...  [0.14117648 0.11372549 0.09019608]  [0.14117648 0.11372549 0.09019608]  [0.14117648 0.11372549 0.09019608]] [[0.03921569 0.03529412 0.01960784]  [0.03921569 0.03529412 0.01960784]  [0.03921569 0.03529412 0.01960784]  ...  [0.14117648 0.11372549 0.09019608]  [0.14117648 0.11372549 0.09019608]  [0.14117648 0.11372549 0.09019608]] [[0.03921569 0.03529412 0.01960784]  [0.03921569 0.03529412 0.01960784]  [0.03921569 0.03529412 0.01960784]  ...  [0.14117648 0.11372549 0.09019608]  [0.14117648 0.11372549 0.09019608]  [0.14117648 0.11372549 0.09019608]]]",-0.4045898973126896,29256,/home/amos/media/tv/The X-Files S01-S11 BluRay 10Bit 1080p Dts-HDMa5 1 HEVC-d3g/The X-Files S08 br 10bit dts hevc-d3g/The.X-Files.S08E07.Via.Negativa.1080p.BluRay.10Bit.Dts-HDMa5.1.HEVC-d3g.mkv288,1080,1920,0,97,288,309,97,40492,0.02,"[[[0.27058825 0.27058825 0.24705882]  [0.26666668 0.26666668 0.24313726]  [0.25490198 0.2509804  0.23529412]  ...  [0.10980392 0.10980392 0.08627451]  [0.10980392 0.10980392 0.08627451]  [0.         0.         0.        ]] [[0.27058825 0.27058825 0.24705882]  [0.26666668 0.26666668 0.24705882]  [0.25490198 0.25490198 0.23921569]  ...  [0.10980392 0.10980392 0.08627451]  [0.10980392 0.10980392 0.08627451]  [0.         0.         0.        ]] [[0.2784314  0.2784314  0.25490198]  [0.27450982 0.27450982 0.2509804 ]  [0.26666668 0.2627451  0.24705882]  ...  [0.10980392 0.10980392 0.08627451]  [0.11372549 0.11372549 0.09019608]  [0.         0.         0.        ]] ... [[0.27058825 0.2509804  0.2509804 ]  [0.26666668 0.24705882 0.24705882]  [0.2627451  0.24313726 0.24705882]  ...  [0.08235294 0.07058824 0.05098039]  [0.08235294 0.07058824 0.05098039]  [0.         0.         0.        ]] [[0.27058825 0.2509804  0.2509804 ]  [0.26666668 0.24705882 0.2509804 ]  [0.2627451  0.24313726 0.24705882]  ...  [0.08235294 0.07058824 0.05098039]  [0.08235294 0.07058824 0.05098039]  [0.         0.         0.        ]] [[0.         0.         0.        ]  [0.         0.         0.        ]  [0.         0.         0.        ]  ...  [0.         0.         0.        ]  [0.         0.         0.        ]  [0.         0.         0.        ]]]",3.308498006721493,29280,/home/amos/media/tv/The X-Files S01-S11 BluRay 10Bit 1080p Dts-HDMa5 1 HEVC-d3g/The X-Files S08 br 10bit dts hevc-d3g/The.X-Files.S08E07.Via.Negativa.1080p.BluRay.10Bit.Dts-HDMa5.1.HEVC-d3g.mkv289,1080,1920,1,58,462,1200,58,461368,0.222,"[[[0.03137255 0.01960784 0.01176471]  [0.03137255 0.01960784 0.01176471]  [0.03137255 0.01960784 0.01176471]  ...  [0.15686275 0.13333334 0.11372549]  [0.15686275 0.13333334 0.11372549]  [0.15686275 0.13333334 0.11372549]] [[0.03137255 0.01960784 0.01176471]  [0.03137255 0.01960784 0.01176471]  [0.03137255 0.01960784 0.01176471]  ...  [0.15686275 0.13333334 0.11372549]  [0.15686275 0.13333334 0.11372549]  [0.15686275 0.13333334 0.11372549]] [[0.03137255 0.01960784 0.01176471]  [0.03137255 0.01960784 0.01176471]  [0.03137255 0.01960784 0.01176471]  ...  [0.15686275 0.13333334 0.11372549]  [0.15686275 0.13333334 0.11372549]  [0.15686275 0.13333334 0.11372549]] ... [[0.02352941 0.01176471 0.00392157]  [0.02352941 0.01176471 0.00392157]  [0.02352941 0.01176471 0.00392157]  ...  [0.18039216 0.14901961 0.13333334]  [0.18039216 0.14901961 0.13333334]  [0.18039216 0.14901961 0.13333334]] [[0.02352941 0.01176471 0.00392157]  [0.02352941 0.01176471 0.00392157]  [0.02352941 0.01176471 0.00392157]  ...  [0.18039216 0.14901961 0.13333334]  [0.18039216 0.14901961 0.13333334]  [0.18039216 0.14901961 0.13333334]] [[0.02352941 0.01176471 0.00392157]  [0.02352941 0.01176471 0.00392157]  [0.02352941 0.01176471 0.00392157]  ...  [0.18039216 0.14901961 0.13333334]  [0.18039216 0.14901961 0.13333334]  [0.18039216 0.14901961 0.13333334]]]",1.3734980525332503,29280,/home/amos/media/tv/The X-Files S01-S11 BluRay 10Bit 1080p Dts-HDMa5 1 HEVC-d3g/The X-Files S08 br 10bit dts hevc-d3g/The.X-Files.S08E07.Via.Negativa.1080p.BluRay.10Bit.Dts-HDMa5.1.HEVC-d3g.mkv290,1080,1920,0,89,266,221,89,23364,0.011,"[[[0.16078432 0.11764706 0.08235294]  [0.16078432 0.11764706 0.08627451]  [0.15686275 0.1254902  0.09411765]  ...  [0.5372549  0.41960785 0.38431373]  [0.5764706  0.45882353 0.42352942]  [0.5882353  0.47058824 0.43529412]] [[0.16078432 0.11764706 0.08235294]  [0.16078432 0.11764706 0.08235294]  [0.15686275 0.12156863 0.09411765]  ...  [0.54901963 0.43137255 0.39607844]  [0.5921569  0.4745098  0.4392157 ]  [0.6039216  0.4862745  0.4509804 ]] [[0.16078432 0.11372549 0.07843138]  [0.16078432 0.11372549 0.07843138]  [0.15686275 0.11764706 0.08627451]  ...  [0.6        0.48235294 0.44705883]  [0.64705884 0.53333336 0.49411765]  [0.6627451  0.54509807 0.50980395]] ... [[0.3254902  0.16862746 0.14509805]  [0.3137255  0.16470589 0.14117648]  [0.2627451  0.13725491 0.12156863]  ...  [0.85490197 0.65882355 0.6509804 ]  [0.8039216  0.6039216  0.59607846]  [0.7882353  0.5921569  0.58431375]] [[0.34509805 0.1882353  0.16078432]  [0.32941177 0.18039216 0.15294118]  [0.2784314  0.14901961 0.12941177]  ...  [0.83137256 0.627451   0.61960787]  [0.7764706  0.57254905 0.5647059 ]  [0.7607843  0.56078434 0.5529412 ]] [[0.34901962 0.19215687 0.16470589]  [0.3372549  0.18431373 0.15686275]  [0.28235295 0.14901961 0.13333334]  ...  [0.8235294  0.61960787 0.6117647 ]  [0.76862746 0.5647059  0.5568628 ]  [0.75686276 0.5529412  0.54509807]]]",2.7044309218763374,29328,/home/amos/media/tv/The X-Files S01-S11 BluRay 10Bit 1080p Dts-HDMa5 1 HEVC-d3g/The X-Files S08 br 10bit dts hevc-d3g/The.X-Files.S08E07.Via.Negativa.1080p.BluRay.10Bit.Dts-HDMa5.1.HEVC-d3g.mkv291,1080,1920,1,77,456,1050,77,368767,0.178,"[[[0.04313726 0.03137255 0.01960784]  [0.04313726 0.03137255 0.01960784]  [0.03921569 0.02745098 0.01568628]  ...  [0.         0.         0.        ]  [0.00392157 0.00392157 0.        ]  [0.00392157 0.00392157 0.        ]] [[0.04313726 0.03137255 0.01960784]  [0.04313726 0.03137255 0.01960784]  [0.03921569 0.02745098 0.01568628]  ...  [0.00392157 0.00392157 0.        ]  [0.00392157 0.00392157 0.        ]  [0.00392157 0.00392157 0.        ]] [[0.04705882 0.03529412 0.02352941]  [0.04705882 0.03529412 0.02352941]  [0.04313726 0.03137255 0.01960784]  ...  [0.00392157 0.00392157 0.        ]  [0.00392157 0.00392157 0.        ]  [0.00392157 0.00392157 0.        ]] ... [[0.06666667 0.04705882 0.03921569]  [0.06666667 0.04705882 0.03921569]  [0.05882353 0.03921569 0.03137255]  ...  [0.00784314 0.00392157 0.        ]  [0.00784314 0.00392157 0.        ]  [0.00784314 0.00392157 0.        ]] [[0.07450981 0.05490196 0.04705882]  [0.07450981 0.05490196 0.04705882]  [0.06666667 0.04705882 0.03921569]  ...  [0.00784314 0.00392157 0.        ]  [0.00784314 0.00392157 0.        ]  [0.00784314 0.00392157 0.        ]] [[0.07450981 0.05490196 0.04705882]  [0.07450981 0.05490196 0.04705882]  [0.06666667 0.04705882 0.03921569]  ...  [0.00784314 0.00392157 0.        ]  [0.00784314 0.00392157 0.        ]  [0.00784314 0.00392157 0.        ]]]",3.108553913363721,29328,/home/amos/media/tv/The X-Files S01-S11 BluRay 10Bit 1080p Dts-HDMa5 1 HEVC-d3g/The X-Files S08 br 10bit dts hevc-d3g/The.X-Files.S08E07.Via.Negativa.1080p.BluRay.10Bit.Dts-HDMa5.1.HEVC-d3g.mkv292,1080,1920,0,80,196,1130,80,121800,0.059,"[[[0.02352941 0.01568628 0.00392157]  [0.02352941 0.01568628 0.00392157]  [0.02352941 0.01568628 0.00392157]  ...  [0.01176471 0.00392157 0.        ]  [0.01176471 0.00392157 0.        ]  [0.01176471 0.00392157 0.        ]] [[0.02352941 0.01568628 0.00392157]  [0.02352941 0.01568628 0.00392157]  [0.02352941 0.01568628 0.00392157]  ...  [0.01176471 0.00392157 0.        ]  [0.01176471 0.00392157 0.        ]  [0.01176471 0.00392157 0.        ]] [[0.01960784 0.01176471 0.00392157]  [0.01960784 0.01176471 0.00392157]  [0.02352941 0.01568628 0.00392157]  ...  [0.01176471 0.00392157 0.        ]  [0.01176471 0.00392157 0.        ]  [0.01176471 0.00392157 0.        ]] ... [[0.01176471 0.         0.        ]  [0.01176471 0.         0.        ]  [0.01568628 0.00392157 0.        ]  ...  [0.16470589 0.09411765 0.08627451]  [0.14901961 0.07843138 0.07058824]  [0.14509805 0.07450981 0.06666667]] [[0.01176471 0.         0.        ]  [0.01176471 0.         0.        ]  [0.01568628 0.00392157 0.        ]  ...  [0.16078432 0.08627451 0.07450981]  [0.14509805 0.07058824 0.0627451 ]  [0.14509805 0.07058824 0.05882353]] [[0.01176471 0.         0.        ]  [0.01176471 0.         0.        ]  [0.01568628 0.00392157 0.        ]  ...  [0.16078432 0.08627451 0.07450981]  [0.14509805 0.07058824 0.05882353]  [0.14509805 0.07058824 0.05882353]]]",1.9740189802250825,29352,/home/amos/media/tv/The X-Files S01-S11 BluRay 10Bit 1080p Dts-HDMa5 1 HEVC-d3g/The X-Files S08 br 10bit dts hevc-d3g/The.X-Files.S08E07.Via.Negativa.1080p.BluRay.10Bit.Dts-HDMa5.1.HEVC-d3g.mkv293,1080,1920,0,57,639,1345,57,749616,0.362,"[[[0.1882353  0.14117648 0.12156863]  [0.1882353  0.14117648 0.12156863]  [0.1882353  0.14117648 0.12156863]  ...  [0.22745098 0.16862746 0.16078432]  [0.22745098 0.16862746 0.16078432]  [0.22745098 0.16862746 0.16078432]] [[0.1882353  0.14117648 0.12156863]  [0.1882353  0.14117648 0.12156863]  [0.1882353  0.14117648 0.12156863]  ...  [0.22745098 0.16862746 0.16078432]  [0.22745098 0.16862746 0.16078432]  [0.22745098 0.16862746 0.16078432]] [[0.1882353  0.14117648 0.12156863]  [0.1882353  0.14117648 0.12156863]  [0.1882353  0.14117648 0.12156863]  ...  [0.22745098 0.16862746 0.16078432]  [0.22745098 0.16862746 0.16078432]  [0.22745098 0.16862746 0.16078432]] ... [[0.20784314 0.15294118 0.14901961]  [0.20784314 0.15294118 0.14901961]  [0.20784314 0.15294118 0.14901961]  ...  [0.22352941 0.16078432 0.14901961]  [0.22352941 0.16470589 0.14901961]  [0.22352941 0.16470589 0.14901961]] [[0.20784314 0.15294118 0.14901961]  [0.20784314 0.15294118 0.14901961]  [0.20784314 0.15294118 0.14901961]  ...  [0.22745098 0.16470589 0.14901961]  [0.22745098 0.16470589 0.14901961]  [0.22745098 0.16470589 0.14901961]] [[0.20784314 0.15294118 0.14901961]  [0.20784314 0.15294118 0.14901961]  [0.20784314 0.15294118 0.14901961]  ...  [0.22745098 0.16470589 0.14901961]  [0.22745098 0.16470589 0.14901961]  [0.22745098 0.16470589 0.14901961]]]",0.8264710611547343,29424,/home/amos/media/tv/The X-Files S01-S11 BluRay 10Bit 1080p Dts-HDMa5 1 HEVC-d3g/The X-Files S08 br 10bit dts hevc-d3g/The.X-Files.S08E07.Via.Negativa.1080p.BluRay.10Bit.Dts-HDMa5.1.HEVC-d3g.mkv294,1080,1920,1,72,778,1251,72,832374,0.401,"[[[0.25882354 0.19607843 0.18431373]  [0.25882354 0.19607843 0.18431373]  [0.2509804  0.19215687 0.18039216]  ...  [0.24313726 0.18039216 0.17254902]  [0.24705882 0.18431373 0.18039216]  [0.24705882 0.18431373 0.18039216]] [[0.25882354 0.19607843 0.18431373]  [0.25882354 0.19607843 0.18431373]  [0.2509804  0.19215687 0.18039216]  ...  [0.24313726 0.18039216 0.17254902]  [0.24705882 0.18431373 0.18039216]  [0.24705882 0.18431373 0.18039216]] [[0.25882354 0.19607843 0.18431373]  [0.25882354 0.19607843 0.18431373]  [0.2509804  0.19215687 0.18039216]  ...  [0.24313726 0.18039216 0.1764706 ]  [0.24705882 0.18431373 0.18431373]  [0.24705882 0.18431373 0.18431373]] ... [[0.02745098 0.01960784 0.00784314]  [0.02745098 0.01960784 0.00784314]  [0.02745098 0.01960784 0.00784314]  ...  [0.21176471 0.15294118 0.14117648]  [0.20784314 0.14901961 0.14117648]  [0.20784314 0.14901961 0.14117648]] [[0.02745098 0.01960784 0.00784314]  [0.02745098 0.01960784 0.00784314]  [0.02745098 0.01960784 0.00784314]  ...  [0.20784314 0.14901961 0.13725491]  [0.20784314 0.14901961 0.13725491]  [0.20784314 0.14901961 0.13725491]] [[0.02745098 0.01960784 0.00784314]  [0.02745098 0.01960784 0.00784314]  [0.02745098 0.01960784 0.00784314]  ...  [0.20784314 0.15294118 0.14117648]  [0.20784314 0.14901961 0.13725491]  [0.20784314 0.14901961 0.13725491]]]",1.1886651159147732,29424,/home/amos/media/tv/The X-Files S01-S11 BluRay 10Bit 1080p Dts-HDMa5 1 HEVC-d3g/The X-Files S08 br 10bit dts hevc-d3g/The.X-Files.S08E07.Via.Negativa.1080p.BluRay.10Bit.Dts-HDMa5.1.HEVC-d3g.mkv295,1080,1920,0,89,201,856,89,85904,0.041,"[[[0.14117648 0.0627451  0.03921569]  [0.14117648 0.0627451  0.03921569]  [0.14117648 0.0627451  0.03921569]  ...  [0.08627451 0.07058824 0.04313726]  [0.08627451 0.07058824 0.04313726]  [0.08627451 0.07058824 0.04313726]] [[0.14117648 0.0627451  0.03921569]  [0.14117648 0.0627451  0.03921569]  [0.14117648 0.0627451  0.03921569]  ...  [0.08627451 0.07058824 0.04313726]  [0.08627451 0.07058824 0.04313726]  [0.08627451 0.07058824 0.04313726]] [[0.14509805 0.06666667 0.04313726]  [0.14509805 0.06666667 0.04313726]  [0.14117648 0.06666667 0.04313726]  ...  [0.08627451 0.07058824 0.04313726]  [0.08627451 0.07058824 0.04313726]  [0.08627451 0.07058824 0.04313726]] ... [[0.13333334 0.05490196 0.02352941]  [0.13333334 0.05490196 0.02352941]  [0.13333334 0.05490196 0.02352941]  ...  [0.11372549 0.08627451 0.05882353]  [0.11372549 0.08627451 0.0627451 ]  [0.11372549 0.08627451 0.0627451 ]] [[0.13725491 0.05882353 0.02745098]  [0.13725491 0.05882353 0.02745098]  [0.13725491 0.05882353 0.02745098]  ...  [0.11372549 0.08627451 0.05882353]  [0.11764706 0.09019608 0.0627451 ]  [0.11764706 0.09019608 0.06666667]] [[0.13725491 0.05882353 0.02745098]  [0.13725491 0.05882353 0.02745098]  [0.13725491 0.05882353 0.02745098]  ...  [0.11372549 0.08627451 0.05882353]  [0.11764706 0.09019608 0.06666667]  [0.11764706 0.09019608 0.06666667]]]",3.1253440121072344,29448,/home/amos/media/tv/The X-Files S01-S11 BluRay 10Bit 1080p Dts-HDMa5 1 HEVC-d3g/The X-Files S08 br 10bit dts hevc-d3g/The.X-Files.S08E07.Via.Negativa.1080p.BluRay.10Bit.Dts-HDMa5.1.HEVC-d3g.mkv296,1080,1920,0,116,207,855,116,67249,0.032,"[[[0.10196079 0.02745098 0.01176471]  [0.10196079 0.02745098 0.01176471]  [0.10196079 0.02352941 0.01176471]  ...  [0.07058824 0.05490196 0.03921569]  [0.07058824 0.05490196 0.03921569]  [0.07058824 0.05490196 0.03921569]] [[0.10196079 0.02745098 0.01176471]  [0.10196079 0.02745098 0.01176471]  [0.10196079 0.02352941 0.01176471]  ...  [0.07058824 0.05490196 0.03921569]  [0.07058824 0.05490196 0.03921569]  [0.07058824 0.05490196 0.03921569]] [[0.10196079 0.02745098 0.01176471]  [0.10196079 0.02745098 0.01176471]  [0.10196079 0.02745098 0.01176471]  ...  [0.07058824 0.05490196 0.04313726]  [0.07058824 0.05490196 0.04313726]  [0.07058824 0.05490196 0.04313726]] ... [[0.14901961 0.09019608 0.0627451 ]  [0.14509805 0.08627451 0.0627451 ]  [0.13333334 0.07843138 0.05882353]  ...  [0.13725491 0.10196079 0.09019608]  [0.13333334 0.09803922 0.08627451]  [0.13333334 0.09803922 0.08627451]] [[0.15294118 0.09019608 0.06666667]  [0.14901961 0.08627451 0.0627451 ]  [0.13725491 0.07843138 0.05882353]  ...  [0.13725491 0.10196079 0.08627451]  [0.13725491 0.10196079 0.08627451]  [0.13725491 0.10196079 0.08627451]] [[0.15686275 0.09019608 0.06666667]  [0.14901961 0.08627451 0.0627451 ]  [0.13725491 0.07843138 0.05882353]  ...  [0.13725491 0.10196079 0.08627451]  [0.14117648 0.10196079 0.08627451]  [0.14117648 0.10196079 0.08627451]]]",2.2400750251836143,29472,/home/amos/media/tv/The X-Files S01-S11 BluRay 10Bit 1080p Dts-HDMa5 1 HEVC-d3g/The X-Files S08 br 10bit dts hevc-d3g/The.X-Files.S08E07.Via.Negativa.1080p.BluRay.10Bit.Dts-HDMa5.1.HEVC-d3g.mkv297,1080,1920,0,112,211,864,112,74448,0.036,"[[[0.12156863 0.05098039 0.03529412]  [0.12156863 0.05098039 0.03529412]  [0.11764706 0.04705882 0.03137255]  ...  [0.07450981 0.0627451  0.03529412]  [0.07843138 0.06666667 0.03921569]  [0.07843138 0.06666667 0.03921569]] [[0.1254902  0.05490196 0.03921569]  [0.12156863 0.05098039 0.03529412]  [0.12156863 0.04705882 0.03137255]  ...  [0.07450981 0.0627451  0.03529412]  [0.07843138 0.06666667 0.03921569]  [0.07843138 0.06666667 0.03921569]] [[0.12941177 0.05882353 0.04313726]  [0.12941177 0.05490196 0.03921569]  [0.1254902  0.05098039 0.03529412]  ...  [0.07450981 0.0627451  0.03529412]  [0.07450981 0.0627451  0.03529412]  [0.07843138 0.06666667 0.03921569]] ... [[0.09411765 0.05882353 0.04313726]  [0.09411765 0.0627451  0.04705882]  [0.09803922 0.06666667 0.05098039]  ...  [0.10980392 0.08235294 0.05098039]  [0.10980392 0.08235294 0.05098039]  [0.10980392 0.08235294 0.05098039]] [[0.09019608 0.0627451  0.04705882]  [0.09411765 0.0627451  0.04705882]  [0.09803922 0.06666667 0.05098039]  ...  [0.10980392 0.08235294 0.05098039]  [0.10980392 0.08235294 0.05098039]  [0.10980392 0.08235294 0.05098039]] [[0.09019608 0.0627451  0.04705882]  [0.09019608 0.0627451  0.04705882]  [0.09411765 0.06666667 0.05098039]  ...  [0.10980392 0.08235294 0.05098039]  [0.10980392 0.08235294 0.05098039]  [0.10980392 0.08235294 0.05098039]]]",1.6992480789194815,29496,/home/amos/media/tv/The X-Files S01-S11 BluRay 10Bit 1080p Dts-HDMa5 1 HEVC-d3g/The X-Files S08 br 10bit dts hevc-d3g/The.X-Files.S08E07.Via.Negativa.1080p.BluRay.10Bit.Dts-HDMa5.1.HEVC-d3g.mkv298,1080,1920,0,770,104,562,770,138528,0.067,"[[[0.05098039 0.03137255 0.02745098]  [0.04705882 0.02745098 0.02352941]  [0.03137255 0.00784314 0.02352941]  ...  [0.01960784 0.00392157 0.01568628]  [0.01960784 0.00392157 0.01568628]  [0.02352941 0.00784314 0.01960784]] [[0.05098039 0.03137255 0.02745098]  [0.04313726 0.02352941 0.01960784]  [0.03529412 0.01176471 0.02352941]  ...  [0.02745098 0.01176471 0.02352941]  [0.02352941 0.00784314 0.01960784]  [0.02352941 0.00784314 0.01960784]] [[0.05098039 0.03137255 0.02745098]  [0.03921569 0.01960784 0.01568628]  [0.03921569 0.01960784 0.02352941]  ...  [0.02745098 0.01176471 0.02352941]  [0.02352941 0.00784314 0.01960784]  [0.02352941 0.00784314 0.01960784]] ... [[0.16078432 0.11764706 0.09803922]  [0.15686275 0.11764706 0.09803922]  [0.14901961 0.11372549 0.09019608]  ...  [0.01960784 0.00392157 0.01568628]  [0.01960784 0.00392157 0.01568628]  [0.01960784 0.00392157 0.01568628]] [[0.16862746 0.12156863 0.10588235]  [0.15686275 0.11764706 0.09803922]  [0.14509805 0.11764706 0.09411765]  ...  [0.02352941 0.00784314 0.01960784]  [0.02352941 0.00784314 0.01960784]  [0.01960784 0.00392157 0.01568628]] [[0.16862746 0.12156863 0.10588235]  [0.16470589 0.1254902  0.10588235]  [0.15294118 0.1254902  0.10196079]  ...  [0.01960784 0.00392157 0.01568628]  [0.01960784 0.00392157 0.01568628]  [0.01960784 0.00392157 0.01568628]]]",2.6199561653193086,29808,/home/amos/media/tv/The X-Files S01-S11 BluRay 10Bit 1080p Dts-HDMa5 1 HEVC-d3g/The X-Files S08 br 10bit dts hevc-d3g/The.X-Files.S08E07.Via.Negativa.1080p.BluRay.10Bit.Dts-HDMa5.1.HEVC-d3g.mkv299,1080,1920,0,98,10,781,98,60104,0.029,"[[[0.2627451  0.2        0.19215687]  [0.2627451  0.19607843 0.1882353 ]  [0.25882354 0.19215687 0.18431373]  ...  [0.01568628 0.00392157 0.01176471]  [0.01568628 0.         0.01176471]  [0.01568628 0.         0.01176471]] [[0.2627451  0.2        0.19215687]  [0.2627451  0.19607843 0.1882353 ]  [0.25882354 0.19215687 0.18431373]  ...  [0.01568628 0.00392157 0.01176471]  [0.01568628 0.         0.01176471]  [0.01568628 0.         0.01176471]] [[0.25882354 0.19607843 0.1882353 ]  [0.25882354 0.19607843 0.1882353 ]  [0.25490198 0.1882353  0.18039216]  ...  [0.01568628 0.00392157 0.01176471]  [0.01568628 0.00392157 0.01176471]  [0.01568628 0.00392157 0.01176471]] ... [[0.21568628 0.1882353  0.18431373]  [0.21568628 0.1882353  0.1882353 ]  [0.21960784 0.19215687 0.1882353 ]  ...  [0.02745098 0.00784314 0.00784314]  [0.02745098 0.00784314 0.00784314]  [0.02745098 0.00784314 0.00784314]] [[0.21960784 0.19215687 0.1882353 ]  [0.21960784 0.19215687 0.1882353 ]  [0.21960784 0.19215687 0.19215687]  ...  [0.02745098 0.00784314 0.00784314]  [0.02745098 0.00784314 0.00784314]  [0.02745098 0.00784314 0.00784314]] [[0.21960784 0.19215687 0.1882353 ]  [0.21960784 0.19215687 0.1882353 ]  [0.21960784 0.19215687 0.19215687]  ...  [0.02745098 0.00784314 0.00784314]  [0.02745098 0.00784314 0.00784314]  [0.02745098 0.00784314 0.00784314]]]",5.299298064026516,30312,/home/amos/media/tv/The X-Files S01-S11 BluRay 10Bit 1080p Dts-HDMa5 1 HEVC-d3g/The X-Files S08 br 10bit dts hevc-d3g/The.X-Files.S08E07.Via.Negativa.1080p.BluRay.10Bit.Dts-HDMa5.1.HEVC-d3g.mkv300,1080,1920,0,99,137,807,99,26904,0.013,"[[[0.24705882 0.1764706  0.16078432]  [0.23529412 0.16470589 0.14901961]  [0.20392157 0.13725491 0.12156863]  ...  [0.00784314 0.00392157 0.00784314]  [0.00784314 0.00392157 0.00784314]  [0.00784314 0.00392157 0.00784314]] [[0.23921569 0.17254902 0.15294118]  [0.23137255 0.16078432 0.14509805]  [0.2        0.13333334 0.11764706]  ...  [0.00784314 0.00784314 0.00784314]  [0.00784314 0.00392157 0.00784314]  [0.00784314 0.00392157 0.00784314]] [[0.22745098 0.15686275 0.13725491]  [0.21568628 0.14509805 0.12941177]  [0.1882353  0.12156863 0.10588235]  ...  [0.01176471 0.00392157 0.00784314]  [0.00784314 0.00392157 0.00392157]  [0.00784314 0.00392157 0.00392157]] ... [[0.24705882 0.21568628 0.20784314]  [0.2509804  0.21568628 0.20784314]  [0.25490198 0.21568628 0.21176471]  ...  [0.02745098 0.01176471 0.00392157]  [0.02745098 0.01176471 0.00392157]  [0.02745098 0.01176471 0.00392157]] [[0.2509804  0.21960784 0.21176471]  [0.2509804  0.21960784 0.21176471]  [0.25882354 0.21960784 0.21176471]  ...  [0.02745098 0.01176471 0.00392157]  [0.02745098 0.01176471 0.00392157]  [0.02745098 0.01176471 0.00392157]] [[0.2509804  0.21960784 0.21176471]  [0.2509804  0.21960784 0.21176471]  [0.25882354 0.21960784 0.21176471]  ...  [0.02745098 0.01176471 0.00392157]  [0.02745098 0.01176471 0.00392157]  [0.02745098 0.01176471 0.00392157]]]",7.798519082891289,30336,/home/amos/media/tv/The X-Files S01-S11 BluRay 10Bit 1080p Dts-HDMa5 1 HEVC-d3g/The X-Files S08 br 10bit dts hevc-d3g/The.X-Files.S08E07.Via.Negativa.1080p.BluRay.10Bit.Dts-HDMa5.1.HEVC-d3g.mkv301,1080,1920,0,101,199,875,101,75852,0.037,"[[[0.2509804  0.18039216 0.16470589]  [0.24313726 0.17254902 0.15686275]  [0.22352941 0.15294118 0.13725491]  ...  [0.00784314 0.         0.01176471]  [0.01176471 0.00392157 0.01568628]  [0.01176471 0.00392157 0.01568628]] [[0.2509804  0.18039216 0.16470589]  [0.24313726 0.17254902 0.15686275]  [0.22352941 0.15294118 0.13725491]  ...  [0.00784314 0.         0.01176471]  [0.01176471 0.00392157 0.01176471]  [0.01176471 0.00392157 0.01568628]] [[0.24705882 0.1764706  0.16470589]  [0.23921569 0.16862746 0.15686275]  [0.21568628 0.14901961 0.13333334]  ...  [0.00784314 0.         0.01176471]  [0.00784314 0.         0.01176471]  [0.00784314 0.         0.01176471]] ... [[0.23921569 0.2        0.2       ]  [0.23921569 0.2        0.2       ]  [0.23137255 0.19215687 0.19215687]  ...  [0.02352941 0.00784314 0.        ]  [0.02352941 0.00784314 0.        ]  [0.02352941 0.00784314 0.        ]] [[0.23921569 0.2        0.2       ]  [0.23529412 0.19607843 0.19607843]  [0.23137255 0.19215687 0.19215687]  ...  [0.02352941 0.00784314 0.        ]  [0.02352941 0.00784314 0.        ]  [0.02352941 0.00784314 0.        ]] [[0.23921569 0.2        0.2       ]  [0.23529412 0.19607843 0.19607843]  [0.23137255 0.19215687 0.19215687]  ...  [0.02352941 0.00784314 0.        ]  [0.02352941 0.00784314 0.        ]  [0.02352941 0.00784314 0.        ]]]",6.576674134645145,30360,/home/amos/media/tv/The X-Files S01-S11 BluRay 10Bit 1080p Dts-HDMa5 1 HEVC-d3g/The X-Files S08 br 10bit dts hevc-d3g/The.X-Files.S08E07.Via.Negativa.1080p.BluRay.10Bit.Dts-HDMa5.1.HEVC-d3g.mkv302,1080,1920,0,338,150,811,338,88924,0.043,"[[[0.07843138 0.07058824 0.08627451]  [0.07450981 0.06666667 0.08235294]  [0.09019608 0.07450981 0.08627451]  ...  [0.00784314 0.         0.00784314]  [0.00784314 0.         0.00784314]  [0.00784314 0.00392157 0.00784314]] [[0.07843138 0.07058824 0.08627451]  [0.07843138 0.07450981 0.08627451]  [0.09803922 0.08235294 0.09411765]  ...  [0.00784314 0.         0.00784314]  [0.00784314 0.         0.00784314]  [0.00784314 0.00392157 0.00784314]] [[0.06666667 0.05882353 0.07450981]  [0.07843138 0.07058824 0.08627451]  [0.10980392 0.09411765 0.10588235]  ...  [0.00784314 0.         0.00784314]  [0.00784314 0.00392157 0.00784314]  [0.00784314 0.00392157 0.00784314]] ... [[0.12941177 0.12156863 0.14509805]  [0.13333334 0.1254902  0.14901961]  [0.13333334 0.1254902  0.14901961]  ...  [0.03137255 0.00784314 0.00784314]  [0.05490196 0.03529412 0.03529412]  [0.1254902  0.10588235 0.10588235]] [[0.13333334 0.1254902  0.14901961]  [0.13333334 0.1254902  0.14901961]  [0.13725491 0.12941177 0.15294118]  ...  [0.03529412 0.01568628 0.01568628]  [0.03137255 0.01176471 0.01176471]  [0.07450981 0.05882353 0.05882353]] [[0.13333334 0.1254902  0.14901961]  [0.13333334 0.1254902  0.14901961]  [0.13333334 0.1254902  0.14901961]  ...  [0.03529412 0.01568628 0.01568628]  [0.02745098 0.00784314 0.00784314]  [0.04313726 0.02352941 0.02352941]]]",5.647535121475812,30432,/home/amos/media/tv/The X-Files S01-S11 BluRay 10Bit 1080p Dts-HDMa5 1 HEVC-d3g/The X-Files S08 br 10bit dts hevc-d3g/The.X-Files.S08E07.Via.Negativa.1080p.BluRay.10Bit.Dts-HDMa5.1.HEVC-d3g.mkv303,1080,1920,0,305,161,823,305,74592,0.036,"[[[0. 0. 0.]  [0. 0. 0.]  [0. 0. 0.]  ...  [0. 0. 0.]  [0. 0. 0.]  [0. 0. 0.]] [[0. 0. 0.]  [0. 0. 0.]  [0. 0. 0.]  ...  [0. 0. 0.]  [0. 0. 0.]  [0. 0. 0.]] [[0. 0. 0.]  [0. 0. 0.]  [0. 0. 0.]  ...  [0. 0. 0.]  [0. 0. 0.]  [0. 0. 0.]] ... [[0. 0. 0.]  [0. 0. 0.]  [0. 0. 0.]  ...  [0. 0. 0.]  [0. 0. 0.]  [0. 0. 0.]] [[0. 0. 0.]  [0. 0. 0.]  [0. 0. 0.]  ...  [0. 0. 0.]  [0. 0. 0.]  [0. 0. 0.]] [[0. 0. 0.]  [0. 0. 0.]  [0. 0. 0.]  ...  [0. 0. 0.]  [0. 0. 0.]  [0. 0. 0.]]]",6.81209315394517,30456,/home/amos/media/tv/The X-Files S01-S11 BluRay 10Bit 1080p Dts-HDMa5 1 HEVC-d3g/The X-Files S08 br 10bit dts hevc-d3g/The.X-Files.S08E07.Via.Negativa.1080p.BluRay.10Bit.Dts-HDMa5.1.HEVC-d3g.mkv304,1080,1920,0,307,160,822,307,75705,0.037,"[[[0.2509804  0.2        0.19215687]  [0.27058825 0.20392157 0.2       ]  [0.23529412 0.15686275 0.14901961]  ...  [0.00784314 0.         0.00784314]  [0.00784314 0.         0.00784314]  [0.00784314 0.         0.00784314]] [[0.21568628 0.16470589 0.15686275]  [0.21176471 0.15294118 0.14901961]  [0.20784314 0.14117648 0.13333334]  ...  [0.00784314 0.         0.00784314]  [0.00784314 0.         0.00784314]  [0.00784314 0.         0.00784314]] [[0.18431373 0.14509805 0.13333334]  [0.14901961 0.09803922 0.09019608]  [0.15686275 0.09803922 0.09019608]  ...  [0.00784314 0.         0.00784314]  [0.00784314 0.         0.00784314]  [0.00784314 0.         0.00784314]] ... [[0.13725491 0.13333334 0.15294118]  [0.13725491 0.13725491 0.15686275]  [0.13333334 0.13333334 0.15294118]  ...  [0.03529412 0.01568628 0.01568628]  [0.03529412 0.01568628 0.01568628]  [0.03529412 0.01568628 0.01568628]] [[0.14117648 0.13725491 0.15686275]  [0.14117648 0.13725491 0.15686275]  [0.13333334 0.12941177 0.14901961]  ...  [0.03529412 0.01176471 0.01176471]  [0.03529412 0.01568628 0.01568628]  [0.03529412 0.01176471 0.01176471]] [[0.14117648 0.13333334 0.15686275]  [0.14509805 0.13725491 0.16078432]  [0.13725491 0.13333334 0.15294118]  ...  [0.03137255 0.01176471 0.01176471]  [0.03137255 0.01176471 0.01176471]  [0.03137255 0.01176471 0.01176471]]]",5.366547182551585,30480,/home/amos/media/tv/The X-Files S01-S11 BluRay 10Bit 1080p Dts-HDMa5 1 HEVC-d3g/The X-Files S08 br 10bit dts hevc-d3g/The.X-Files.S08E07.Via.Negativa.1080p.BluRay.10Bit.Dts-HDMa5.1.HEVC-d3g.mkv305,1080,1920,0,484,93,722,484,93058,0.045,"[[[0.29411766 0.2901961  0.28627452]  [0.28627452 0.2784314  0.27450982]  [0.2784314  0.27450982 0.27058825]  ...  [0.27450982 0.2627451  0.27058825]  [0.24313726 0.23529412 0.23921569]  [0.23529412 0.22352941 0.23137255]] [[0.28627452 0.28235295 0.2784314 ]  [0.30588236 0.3019608  0.29803923]  [0.3137255  0.30980393 0.30588236]  ...  [0.25490198 0.23529412 0.24705882]  [0.24705882 0.23137255 0.24313726]  [0.2509804  0.23137255 0.24313726]] [[0.3019608  0.29803923 0.2901961 ]  [0.3019608  0.29803923 0.29411766]  [0.31764707 0.3137255  0.30980393]  ...  [0.25882354 0.23921569 0.2509804 ]  [0.25882354 0.23921569 0.24705882]  [0.25882354 0.23921569 0.2509804 ]] ... [[0.4509804  0.4117647  0.40784314]  [0.4862745  0.44705883 0.44313726]  [0.41568628 0.3764706  0.3764706 ]  ...  [0.41568628 0.3764706  0.3764706 ]  [0.42745098 0.39607844 0.39215687]  [0.44313726 0.42745098 0.41960785]] [[0.4627451  0.42352942 0.41960785]  [0.4627451  0.42352942 0.41960785]  [0.45882353 0.41960785 0.41568628]  ...  [0.44313726 0.4117647  0.40784314]  [0.42352942 0.40392157 0.39607844]  [0.41960785 0.4        0.39215687]] [[0.4509804  0.4117647  0.40784314]  [0.48235294 0.44313726 0.4392157 ]  [0.5372549  0.49803922 0.49411765]  ...  [0.5372549  0.50980395 0.5019608 ]  [0.46666667 0.44313726 0.43137255]  [0.42352942 0.39607844 0.3882353 ]]]",4.066312142822426,30576,/home/amos/media/tv/The X-Files S01-S11 BluRay 10Bit 1080p Dts-HDMa5 1 HEVC-d3g/The X-Files S08 br 10bit dts hevc-d3g/The.X-Files.S08E07.Via.Negativa.1080p.BluRay.10Bit.Dts-HDMa5.1.HEVC-d3g.mkv306,1080,1920,0,344,154,810,344,88540,0.043,"[[[0. 0. 0.]  [0. 0. 0.]  [0. 0. 0.]  ...  [0. 0. 0.]  [0. 0. 0.]  [0. 0. 0.]] [[0. 0. 0.]  [0. 0. 0.]  [0. 0. 0.]  ...  [0. 0. 0.]  [0. 0. 0.]  [0. 0. 0.]] [[0. 0. 0.]  [0. 0. 0.]  [0. 0. 0.]  ...  [0. 0. 0.]  [0. 0. 0.]  [0. 0. 0.]] ... [[0. 0. 0.]  [0. 0. 0.]  [0. 0. 0.]  ...  [0. 0. 0.]  [0. 0. 0.]  [0. 0. 0.]] [[0. 0. 0.]  [0. 0. 0.]  [0. 0. 0.]  ...  [0. 0. 0.]  [0. 0. 0.]  [0. 0. 0.]] [[0. 0. 0.]  [0. 0. 0.]  [0. 0. 0.]  ...  [0. 0. 0.]  [0. 0. 0.]  [0. 0. 0.]]]",5.383358141814824,30936,/home/amos/media/tv/The X-Files S01-S11 BluRay 10Bit 1080p Dts-HDMa5 1 HEVC-d3g/The X-Files S08 br 10bit dts hevc-d3g/The.X-Files.S08E07.Via.Negativa.1080p.BluRay.10Bit.Dts-HDMa5.1.HEVC-d3g.mkv307,1080,1920,0,363,145,803,363,95920,0.046,"[[[0. 0. 0.]  [0. 0. 0.]  [0. 0. 0.]  ...  [0. 0. 0.]  [0. 0. 0.]  [0. 0. 0.]] [[0. 0. 0.]  [0. 0. 0.]  [0. 0. 0.]  ...  [0. 0. 0.]  [0. 0. 0.]  [0. 0. 0.]] [[0. 0. 0.]  [0. 0. 0.]  [0. 0. 0.]  ...  [0. 0. 0.]  [0. 0. 0.]  [0. 0. 0.]] ... [[0. 0. 0.]  [0. 0. 0.]  [0. 0. 0.]  ...  [0. 0. 0.]  [0. 0. 0.]  [0. 0. 0.]] [[0. 0. 0.]  [0. 0. 0.]  [0. 0. 0.]  ...  [0. 0. 0.]  [0. 0. 0.]  [0. 0. 0.]] [[0. 0. 0.]  [0. 0. 0.]  [0. 0. 0.]  ...  [0. 0. 0.]  [0. 0. 0.]  [0. 0. 0.]]]",5.600266116496641,30960,/home/amos/media/tv/The X-Files S01-S11 BluRay 10Bit 1080p Dts-HDMa5 1 HEVC-d3g/The X-Files S08 br 10bit dts hevc-d3g/The.X-Files.S08E07.Via.Negativa.1080p.BluRay.10Bit.Dts-HDMa5.1.HEVC-d3g.mkv308,1080,1920,0,380,145,792,380,96820,0.047,"[[[0. 0. 0.]  [0. 0. 0.]  [0. 0. 0.]  ...  [0. 0. 0.]  [0. 0. 0.]  [0. 0. 0.]] [[0. 0. 0.]  [0. 0. 0.]  [0. 0. 0.]  ...  [0. 0. 0.]  [0. 0. 0.]  [0. 0. 0.]] [[0. 0. 0.]  [0. 0. 0.]  [0. 0. 0.]  ...  [0. 0. 0.]  [0. 0. 0.]  [0. 0. 0.]] ... [[0. 0. 0.]  [0. 0. 0.]  [0. 0. 0.]  ...  [0. 0. 0.]  [0. 0. 0.]  [0. 0. 0.]] [[0. 0. 0.]  [0. 0. 0.]  [0. 0. 0.]  ...  [0. 0. 0.]  [0. 0. 0.]  [0. 0. 0.]] [[0. 0. 0.]  [0. 0. 0.]  [0. 0. 0.]  ...  [0. 0. 0.]  [0. 0. 0.]  [0. 0. 0.]]]",6.046755108458456,30984,/home/amos/media/tv/The X-Files S01-S11 BluRay 10Bit 1080p Dts-HDMa5 1 HEVC-d3g/The X-Files S08 br 10bit dts hevc-d3g/The.X-Files.S08E07.Via.Negativa.1080p.BluRay.10Bit.Dts-HDMa5.1.HEVC-d3g.mkv309,1080,1920,0,374,154,784,374,90200,0.043,"[[[0. 0. 0.]  [0. 0. 0.]  [0. 0. 0.]  ...  [0. 0. 0.]  [0. 0. 0.]  [0. 0. 0.]] [[0. 0. 0.]  [0. 0. 0.]  [0. 0. 0.]  ...  [0. 0. 0.]  [0. 0. 0.]  [0. 0. 0.]] [[0. 0. 0.]  [0. 0. 0.]  [0. 0. 0.]  ...  [0. 0. 0.]  [0. 0. 0.]  [0. 0. 0.]] ... [[0. 0. 0.]  [0. 0. 0.]  [0. 0. 0.]  ...  [0. 0. 0.]  [0. 0. 0.]  [0. 0. 0.]] [[0. 0. 0.]  [0. 0. 0.]  [0. 0. 0.]  ...  [0. 0. 0.]  [0. 0. 0.]  [0. 0. 0.]] [[0. 0. 0.]  [0. 0. 0.]  [0. 0. 0.]  ...  [0. 0. 0.]  [0. 0. 0.]  [0. 0. 0.]]]",2.9475840821978636,31008,/home/amos/media/tv/The X-Files S01-S11 BluRay 10Bit 1080p Dts-HDMa5 1 HEVC-d3g/The X-Files S08 br 10bit dts hevc-d3g/The.X-Files.S08E07.Via.Negativa.1080p.BluRay.10Bit.Dts-HDMa5.1.HEVC-d3g.mkv310,1080,1920,0,189,294,910,189,75705,0.037,"[[[0.40392157 0.28235295 0.26666668]  [0.4        0.2784314  0.2627451 ]  [0.40784314 0.28627452 0.27058825]  ...  [0.01568628 0.00392157 0.01568628]  [0.01568628 0.         0.01176471]  [0.01568628 0.         0.01176471]] [[0.40392157 0.28235295 0.25882354]  [0.40392157 0.28235295 0.25882354]  [0.40784314 0.28235295 0.26666668]  ...  [0.01568628 0.         0.01176471]  [0.01568628 0.         0.01176471]  [0.01568628 0.         0.01176471]] [[0.40392157 0.28235295 0.24313726]  [0.40392157 0.28235295 0.24313726]  [0.40392157 0.2784314  0.25882354]  ...  [0.01568628 0.         0.01176471]  [0.01568628 0.         0.01176471]  [0.01568628 0.         0.01176471]] ... [[0.04705882 0.00392157 0.01176471]  [0.04705882 0.00392157 0.01176471]  [0.04705882 0.         0.00784314]  ...  [0.05490196 0.03529412 0.03529412]  [0.05098039 0.03137255 0.03137255]  [0.04705882 0.03137255 0.03137255]] [[0.05098039 0.00784314 0.01568628]  [0.04705882 0.00392157 0.01176471]  [0.04705882 0.00392157 0.00784314]  ...  [0.05098039 0.03137255 0.03137255]  [0.05098039 0.03137255 0.03137255]  [0.04705882 0.03137255 0.03137255]] [[0.05098039 0.00784314 0.01568628]  [0.05098039 0.00784314 0.01568628]  [0.04705882 0.00392157 0.01176471]  ...  [0.05098039 0.03137255 0.03137255]  [0.05098039 0.03137255 0.03137255]  [0.04705882 0.03137255 0.03137255]]]",0.24393705243710428,31248,/home/amos/media/tv/The X-Files S01-S11 BluRay 10Bit 1080p Dts-HDMa5 1 HEVC-d3g/The X-Files S08 br 10bit dts hevc-d3g/The.X-Files.S08E07.Via.Negativa.1080p.BluRay.10Bit.Dts-HDMa5.1.HEVC-d3g.mkv311,1080,1920,0,97,453,807,97,252760,0.122,"[[[0.13725491 0.03529412 0.05490196]  [0.13725491 0.03529412 0.05490196]  [0.14509805 0.03529412 0.05098039]  ...  [0.42352942 0.30980393 0.29803923]  [0.42352942 0.30980393 0.29803923]  [0.         0.         0.        ]] [[0.14117648 0.03529412 0.05490196]  [0.14117648 0.03529412 0.05490196]  [0.14509805 0.03529412 0.05098039]  ...  [0.42352942 0.30980393 0.3019608 ]  [0.42352942 0.30980393 0.29803923]  [0.         0.         0.        ]] [[0.14901961 0.04313726 0.0627451 ]  [0.14901961 0.03921569 0.05882353]  [0.15294118 0.03921569 0.05490196]  ...  [0.43137255 0.31764707 0.30588236]  [0.43137255 0.31764707 0.30588236]  [0.         0.         0.        ]] ... [[0.20392157 0.09803922 0.09411765]  [0.20784314 0.09803922 0.09411765]  [0.20784314 0.10196079 0.09803922]  ...  [0.03529412 0.03137255 0.02352941]  [0.03921569 0.03137255 0.02745098]  [0.         0.         0.        ]] [[0.20784314 0.10196079 0.09803922]  [0.20784314 0.10196079 0.09803922]  [0.20784314 0.10588235 0.09803922]  ...  [0.03529412 0.03137255 0.02745098]  [0.03921569 0.03137255 0.02745098]  [0.         0.         0.        ]] [[0.         0.         0.        ]  [0.         0.         0.        ]  [0.         0.         0.        ]  ...  [0.         0.         0.        ]  [0.         0.         0.        ]  [0.         0.         0.        ]]]",2.071103075228166,31344,/home/amos/media/tv/The X-Files S01-S11 BluRay 10Bit 1080p Dts-HDMa5 1 HEVC-d3g/The X-Files S08 br 10bit dts hevc-d3g/The.X-Files.S08E07.Via.Negativa.1080p.BluRay.10Bit.Dts-HDMa5.1.HEVC-d3g.mkv312,1080,1920,0,102,186,863,102,63924,0.031,"[[[0.3254902  0.1882353  0.1764706 ]  [0.3254902  0.1882353  0.1764706 ]  [0.32941177 0.19215687 0.1764706 ]  ...  [0.05098039 0.03529412 0.04313726]  [0.05490196 0.03921569 0.04705882]  [0.05490196 0.03921569 0.04705882]] [[0.3254902  0.1882353  0.1764706 ]  [0.3254902  0.1882353  0.1764706 ]  [0.32941177 0.1882353  0.1764706 ]  ...  [0.05098039 0.03529412 0.04313726]  [0.05490196 0.03921569 0.04705882]  [0.05490196 0.03921569 0.04705882]] [[0.32941177 0.1882353  0.1764706 ]  [0.32941177 0.1882353  0.1764706 ]  [0.32941177 0.1882353  0.1764706 ]  ...  [0.05098039 0.03529412 0.04313726]  [0.05098039 0.03529412 0.04313726]  [0.05098039 0.03529412 0.04313726]] ... [[0.22352941 0.10196079 0.08627451]  [0.22745098 0.10588235 0.09019608]  [0.24313726 0.11764706 0.09803922]  ...  [0.04705882 0.02352941 0.03529412]  [0.04705882 0.02352941 0.03529412]  [0.04705882 0.02352941 0.03529412]] [[0.21960784 0.10196079 0.08627451]  [0.22352941 0.10588235 0.09019608]  [0.23921569 0.11372549 0.09803922]  ...  [0.05098039 0.02352941 0.03529412]  [0.05098039 0.02352941 0.03529412]  [0.05098039 0.02352941 0.03529412]] [[0.21960784 0.10196079 0.08627451]  [0.22352941 0.10588235 0.09019608]  [0.23921569 0.11372549 0.09803922]  ...  [0.05098039 0.02352941 0.03529412]  [0.05098039 0.02352941 0.03529412]  [0.05098039 0.02352941 0.03529412]]]",2.3057800597161986,31440,/home/amos/media/tv/The X-Files S01-S11 BluRay 10Bit 1080p Dts-HDMa5 1 HEVC-d3g/The X-Files S08 br 10bit dts hevc-d3g/The.X-Files.S08E07.Via.Negativa.1080p.BluRay.10Bit.Dts-HDMa5.1.HEVC-d3g.mkv313,1080,1920,0,189,171,869,189,12240,0.006,"[[[0.05882353 0.04705882 0.03921569]  [0.05882353 0.04705882 0.03921569]  [0.05882353 0.04705882 0.03921569]  ...  [0.43529412 0.34117648 0.30588236]  [0.41960785 0.32941177 0.2901961 ]  [0.4        0.30980393 0.27058825]] [[0.05490196 0.04313726 0.03529412]  [0.05490196 0.04313726 0.03529412]  [0.05490196 0.04313726 0.03529412]  ...  [0.43529412 0.34117648 0.30588236]  [0.42745098 0.3372549  0.29803923]  [0.4117647  0.32156864 0.28235295]] [[0.05098039 0.03921569 0.03137255]  [0.05490196 0.04313726 0.03529412]  [0.05490196 0.04313726 0.03529412]  ...  [0.43137255 0.33333334 0.29803923]  [0.42745098 0.3372549  0.3019608 ]  [0.41960785 0.3254902  0.2901961 ]] ... [[0.07843138 0.05490196 0.03137255]  [0.10980392 0.06666667 0.03529412]  [0.15686275 0.10980392 0.07450981]  ...  [0.13333334 0.05882353 0.04313726]  [0.12941177 0.05490196 0.03921569]  [0.13333334 0.05882353 0.03921569]] [[0.07843138 0.05490196 0.03529412]  [0.10588235 0.06666667 0.03529412]  [0.14901961 0.10196079 0.06666667]  ...  [0.15686275 0.07450981 0.0627451 ]  [0.14901961 0.07058824 0.05882353]  [0.14509805 0.06666667 0.05490196]] [[0.07843138 0.0627451  0.03921569]  [0.10196079 0.06666667 0.03137255]  [0.13333334 0.09411765 0.05882353]  ...  [0.1764706  0.09411765 0.07843138]  [0.16862746 0.08627451 0.07450981]  [0.16078432 0.07843138 0.06666667]]]",4.706377112714108,31464,/home/amos/media/tv/The X-Files S01-S11 BluRay 10Bit 1080p Dts-HDMa5 1 HEVC-d3g/The X-Files S08 br 10bit dts hevc-d3g/The.X-Files.S08E07.Via.Negativa.1080p.BluRay.10Bit.Dts-HDMa5.1.HEVC-d3g.mkv314,1080,1920,0,180,145,868,180,24080,0.012,"[[[0.0627451  0.05098039 0.04313726]  [0.0627451  0.05098039 0.04313726]  [0.0627451  0.05098039 0.04313726]  ...  [0.44705883 0.3529412  0.32941177]  [0.4509804  0.35686275 0.33333334]  [0.45882353 0.3647059  0.34117648]] [[0.0627451  0.05098039 0.04313726]  [0.0627451  0.05098039 0.04313726]  [0.0627451  0.05098039 0.04313726]  ...  [0.43529412 0.34117648 0.31764707]  [0.4509804  0.3529412  0.32941177]  [0.45882353 0.3647059  0.34117648]] [[0.0627451  0.05098039 0.04313726]  [0.0627451  0.05098039 0.04313726]  [0.0627451  0.05098039 0.04313726]  ...  [0.42745098 0.33333334 0.30980393]  [0.44313726 0.34901962 0.3254902 ]  [0.45490196 0.36078432 0.3372549 ]] ... [[0.6784314  0.5254902  0.49411765]  [0.6784314  0.5294118  0.49803922]  [0.6313726  0.44705883 0.41960785]  ...  [0.11764706 0.04705882 0.03137255]  [0.11372549 0.04705882 0.03137255]  [0.11372549 0.04313726 0.02745098]] [[0.654902   0.5137255  0.47843137]  [0.6784314  0.53333336 0.5019608 ]  [0.6509804  0.46666667 0.4392157 ]  ...  [0.1254902  0.05490196 0.03921569]  [0.12156863 0.05098039 0.03529412]  [0.11764706 0.04705882 0.03137255]] [[0.63529414 0.49411765 0.4627451 ]  [0.6745098  0.53333336 0.5019608 ]  [0.67058825 0.4862745  0.4627451 ]  ...  [0.13333334 0.0627451  0.04705882]  [0.1254902  0.05490196 0.03921569]  [0.12156863 0.05098039 0.03529412]]]",5.460629020293709,31488,/home/amos/media/tv/The X-Files S01-S11 BluRay 10Bit 1080p Dts-HDMa5 1 HEVC-d3g/The X-Files S08 br 10bit dts hevc-d3g/The.X-Files.S08E07.Via.Negativa.1080p.BluRay.10Bit.Dts-HDMa5.1.HEVC-d3g.mkv315,1080,1920,0,130,207,783,130,50281,0.024,"[[[0.2627451  0.13333334 0.10980392]  [0.25882354 0.12941177 0.10588235]  [0.2509804  0.12156863 0.10196079]  ...  [0.05490196 0.03529412 0.03529412]  [0.05490196 0.03529412 0.03529412]  [0.05490196 0.03529412 0.03529412]] [[0.2627451  0.13333334 0.10980392]  [0.25882354 0.12941177 0.10588235]  [0.2509804  0.12156863 0.10196079]  ...  [0.05490196 0.03137255 0.03137255]  [0.05490196 0.03137255 0.03137255]  [0.05490196 0.03137255 0.03137255]] [[0.26666668 0.13725491 0.11372549]  [0.2627451  0.13333334 0.10980392]  [0.25490198 0.1254902  0.10588235]  ...  [0.05098039 0.03137255 0.03137255]  [0.05098039 0.03137255 0.03137255]  [0.05098039 0.03137255 0.03137255]] ... [[0.06666667 0.00784314 0.01960784]  [0.06666667 0.00784314 0.01568628]  [0.0627451  0.00392157 0.01568628]  ...  [0.05882353 0.04313726 0.04313726]  [0.05882353 0.03921569 0.03921569]  [0.05882353 0.03921569 0.03921569]] [[0.06666667 0.00784314 0.01960784]  [0.0627451  0.00784314 0.01568628]  [0.0627451  0.00784314 0.01568628]  ...  [0.05882353 0.04313726 0.04313726]  [0.05882353 0.04313726 0.04313726]  [0.05882353 0.03921569 0.03921569]] [[0.06666667 0.01176471 0.01960784]  [0.0627451  0.01176471 0.01568628]  [0.0627451  0.00784314 0.01568628]  ...  [0.05882353 0.04313726 0.04313726]  [0.05882353 0.04313726 0.04313726]  [0.05882353 0.04313726 0.04313726]]]",1.4325189907685854,31512,/home/amos/media/tv/The X-Files S01-S11 BluRay 10Bit 1080p Dts-HDMa5 1 HEVC-d3g/The X-Files S08 br 10bit dts hevc-d3g/The.X-Files.S08E07.Via.Negativa.1080p.BluRay.10Bit.Dts-HDMa5.1.HEVC-d3g.mkv316,1080,1920,0,302,230,482,302,12960,0.006,"[[[0.03529412 0.01176471 0.01568628]  [0.03529412 0.00392157 0.01176471]  [0.04313726 0.00784314 0.02352941]  ...  [0.03921569 0.01176471 0.01568628]  [0.03137255 0.01176471 0.01568628]  [0.02745098 0.01176471 0.01568628]] [[0.04313726 0.01568628 0.01960784]  [0.04313726 0.01176471 0.02352941]  [0.04705882 0.01176471 0.02745098]  ...  [0.03921569 0.01176471 0.01568628]  [0.03137255 0.00784314 0.01176471]  [0.02352941 0.00784314 0.01176471]] [[0.05098039 0.02352941 0.02745098]  [0.05098039 0.01960784 0.03137255]  [0.05490196 0.01960784 0.03529412]  ...  [0.03921569 0.01176471 0.01568628]  [0.02745098 0.00784314 0.01176471]  [0.01960784 0.00392157 0.00784314]] ... [[0.06666667 0.04705882 0.03529412]  [0.07058824 0.05098039 0.03921569]  [0.07058824 0.05098039 0.03921569]  ...  [0.1254902  0.09411765 0.09019608]  [0.1254902  0.09411765 0.09019608]  [0.1254902  0.09411765 0.09411765]] [[0.06666667 0.04705882 0.03529412]  [0.07058824 0.05098039 0.03921569]  [0.06666667 0.05098039 0.03529412]  ...  [0.1254902  0.09411765 0.09019608]  [0.1254902  0.09411765 0.09019608]  [0.1254902  0.09411765 0.09411765]] [[0.06666667 0.04705882 0.03529412]  [0.07058824 0.05098039 0.03921569]  [0.07058824 0.05098039 0.03921569]  ...  [0.1254902  0.09411765 0.09019608]  [0.1254902  0.09411765 0.09019608]  [0.1254902  0.09411765 0.09411765]]]",5.449682075355668,31680,/home/amos/media/tv/The X-Files S01-S11 BluRay 10Bit 1080p Dts-HDMa5 1 HEVC-d3g/The X-Files S08 br 10bit dts hevc-d3g/The.X-Files.S08E07.Via.Negativa.1080p.BluRay.10Bit.Dts-HDMa5.1.HEVC-d3g.mkv317,1080,1920,0,269,182,683,269,36018,0.017,"[[[0.10980392 0.12156863 0.13333334]  [0.09803922 0.10980392 0.11764706]  [0.09803922 0.10588235 0.11372549]  ...  [0.04313726 0.04705882 0.04705882]  [0.0627451  0.0627451  0.07058824]  [0.07058824 0.07058824 0.08235294]] [[0.10980392 0.12156863 0.13725491]  [0.10588235 0.11764706 0.1254902 ]  [0.10588235 0.11372549 0.12156863]  ...  [0.04705882 0.04705882 0.04705882]  [0.0627451  0.0627451  0.07058824]  [0.07058824 0.07058824 0.08235294]] [[0.11372549 0.1254902  0.14117648]  [0.11372549 0.1254902  0.13333334]  [0.11764706 0.12156863 0.12941177]  ...  [0.04705882 0.05098039 0.05098039]  [0.06666667 0.06666667 0.07450981]  [0.07058824 0.07058824 0.08235294]] ... [[0.19607843 0.21568628 0.24313726]  [0.2        0.21960784 0.24705882]  [0.2        0.21960784 0.24705882]  ...  [0.3647059  0.21568628 0.19215687]  [0.3647059  0.21176471 0.19215687]  [0.3529412  0.2        0.18039216]] [[0.19607843 0.21568628 0.24313726]  [0.20392157 0.22352941 0.2509804 ]  [0.2        0.22352941 0.24705882]  ...  [0.36862746 0.21960784 0.19607843]  [0.3647059  0.21176471 0.1882353 ]  [0.3647059  0.20784314 0.1882353 ]] [[0.19607843 0.21960784 0.24705882]  [0.20392157 0.22352941 0.2509804 ]  [0.20392157 0.22352941 0.2509804 ]  ...  [0.3764706  0.22352941 0.2       ]  [0.3764706  0.21960784 0.19607843]  [0.3764706  0.21960784 0.2       ]]]",7.586441073974129,31704,/home/amos/media/tv/The X-Files S01-S11 BluRay 10Bit 1080p Dts-HDMa5 1 HEVC-d3g/The X-Files S08 br 10bit dts hevc-d3g/The.X-Files.S08E07.Via.Negativa.1080p.BluRay.10Bit.Dts-HDMa5.1.HEVC-d3g.mkv318,1080,1920,0,148,632,832,148,331056,0.16,"[[[0.03529412 0.01568628 0.02745098]  [0.03529412 0.01568628 0.02745098]  [0.03529412 0.01568628 0.02745098]  ...  [0.34901962 0.14117648 0.1254902 ]  [0.34509805 0.14117648 0.1254902 ]  [0.34117648 0.13725491 0.12156863]] [[0.03529412 0.01568628 0.02745098]  [0.03529412 0.01568628 0.02745098]  [0.03529412 0.01568628 0.02745098]  ...  [0.34509805 0.14117648 0.12156863]  [0.3372549  0.13333334 0.11764706]  [0.33333334 0.12941177 0.11372549]] [[0.03921569 0.01960784 0.03137255]  [0.03921569 0.01960784 0.03137255]  [0.03921569 0.01960784 0.03137255]  ...  [0.34117648 0.13725491 0.11372549]  [0.33333334 0.1254902  0.10588235]  [0.3254902  0.12156863 0.10196079]] ... [[0.4117647  0.26666668 0.22352941]  [0.41568628 0.27058825 0.22745098]  [0.42352942 0.2784314  0.23529412]  ...  [0.1254902  0.05490196 0.04705882]  [0.1254902  0.05490196 0.04705882]  [0.1254902  0.05490196 0.04705882]] [[0.42352942 0.2784314  0.23529412]  [0.43137255 0.28627452 0.24313726]  [0.4392157  0.2901961  0.2509804 ]  ...  [0.12156863 0.05098039 0.04313726]  [0.1254902  0.05490196 0.04705882]  [0.1254902  0.05490196 0.04705882]] [[0.4392157  0.29411766 0.2509804 ]  [0.44313726 0.29803923 0.25490198]  [0.4509804  0.30588236 0.2627451 ]  ...  [0.12156863 0.05098039 0.04313726]  [0.12156863 0.05098039 0.04313726]  [0.1254902  0.05490196 0.04705882]]]",5.782289003720507,32088,/home/amos/media/tv/The X-Files S01-S11 BluRay 10Bit 1080p Dts-HDMa5 1 HEVC-d3g/The X-Files S08 br 10bit dts hevc-d3g/The.X-Files.S08E07.Via.Negativa.1080p.BluRay.10Bit.Dts-HDMa5.1.HEVC-d3g.mkv319,1080,1920,0,163,191,1107,163,26432,0.013,"[[[0.12156863 0.05882353 0.05490196]  [0.12156863 0.05882353 0.05490196]  [0.12156863 0.05490196 0.05490196]  ...  [0.11372549 0.07450981 0.07450981]  [0.11372549 0.07450981 0.07450981]  [0.11764706 0.07843138 0.07843138]] [[0.12156863 0.05882353 0.05490196]  [0.12156863 0.05882353 0.05490196]  [0.12156863 0.05490196 0.05490196]  ...  [0.10980392 0.07058824 0.07058824]  [0.11372549 0.07450981 0.07450981]  [0.11372549 0.07450981 0.07450981]] [[0.11764706 0.05490196 0.05098039]  [0.11764706 0.05490196 0.05098039]  [0.11764706 0.05490196 0.05098039]  ...  [0.10588235 0.06666667 0.06666667]  [0.10980392 0.07058824 0.07058824]  [0.10980392 0.07058824 0.07058824]] ... [[0.07058824 0.03137255 0.03137255]  [0.07058824 0.03137255 0.03137255]  [0.07058824 0.03137255 0.03137255]  ...  [0.2784314  0.17254902 0.16078432]  [0.2784314  0.17254902 0.16078432]  [0.28235295 0.1764706  0.16470589]] [[0.07058824 0.03137255 0.03137255]  [0.07058824 0.03137255 0.03137255]  [0.07058824 0.03137255 0.03137255]  ...  [0.2784314  0.17254902 0.16078432]  [0.28627452 0.18039216 0.16862746]  [0.29411766 0.1882353  0.1764706 ]] [[0.07058824 0.03137255 0.03137255]  [0.07058824 0.03137255 0.03137255]  [0.07058824 0.03137255 0.03137255]  ...  [0.2784314  0.17254902 0.16078432]  [0.29411766 0.1882353  0.1764706 ]  [0.30588236 0.2        0.1882353 ]]]",4.169106107845437,32232,/home/amos/media/tv/The X-Files S01-S11 BluRay 10Bit 1080p Dts-HDMa5 1 HEVC-d3g/The X-Files S08 br 10bit dts hevc-d3g/The.X-Files.S08E07.Via.Negativa.1080p.BluRay.10Bit.Dts-HDMa5.1.HEVC-d3g.mkv320,1080,1920,0,148,672,858,148,372040,0.179,"[[[0.08627451 0.06666667 0.08627451]  [0.08627451 0.06666667 0.08627451]  [0.08627451 0.06666667 0.08627451]  ...  [0.33333334 0.13333334 0.10196079]  [0.33333334 0.13333334 0.10196079]  [0.3372549  0.13725491 0.10588235]] [[0.08235294 0.0627451  0.08235294]  [0.08235294 0.0627451  0.08235294]  [0.08235294 0.0627451  0.08235294]  ...  [0.32941177 0.12941177 0.10196079]  [0.33333334 0.13333334 0.10588235]  [0.3372549  0.13725491 0.10588235]] [[0.07843138 0.05882353 0.07843138]  [0.07843138 0.05882353 0.07843138]  [0.07843138 0.05882353 0.07843138]  ...  [0.32941177 0.12941177 0.10196079]  [0.33333334 0.13333334 0.10588235]  [0.3372549  0.13333334 0.10588235]] ... [[0.41568628 0.2784314  0.23137255]  [0.41960785 0.28235295 0.23529412]  [0.42352942 0.2901961  0.23921569]  ...  [0.10980392 0.03921569 0.03529412]  [0.10980392 0.03921569 0.03529412]  [0.10980392 0.03921569 0.03529412]] [[0.4117647  0.27450982 0.22745098]  [0.41568628 0.2784314  0.22745098]  [0.41960785 0.28235295 0.23529412]  ...  [0.10980392 0.03921569 0.03529412]  [0.10980392 0.03921569 0.03529412]  [0.10980392 0.03921569 0.03529412]] [[0.4117647  0.27450982 0.22352941]  [0.4117647  0.27450982 0.22352941]  [0.41568628 0.2784314  0.22745098]  ...  [0.10980392 0.03921569 0.03529412]  [0.10980392 0.03921569 0.03529412]  [0.10980392 0.03921569 0.03529412]]]",0.5493240788928233,32280,/home/amos/media/tv/The X-Files S01-S11 BluRay 10Bit 1080p Dts-HDMa5 1 HEVC-d3g/The X-Files S08 br 10bit dts hevc-d3g/The.X-Files.S08E07.Via.Negativa.1080p.BluRay.10Bit.Dts-HDMa5.1.HEVC-d3g.mkv321,1080,1920,0,55,1020,694,55,616635,0.297,"[[[0.00784314 0.00392157 0.        ]  [0.00784314 0.00392157 0.        ]  [0.00784314 0.00392157 0.        ]  ...  [0.18431373 0.10588235 0.10980392]  [0.18431373 0.10588235 0.10980392]  [0.         0.         0.        ]] [[0.00784314 0.00392157 0.        ]  [0.00784314 0.00392157 0.        ]  [0.00784314 0.00392157 0.        ]  ...  [0.18431373 0.10588235 0.10980392]  [0.18431373 0.10588235 0.10980392]  [0.         0.         0.        ]] [[0.00784314 0.00392157 0.        ]  [0.00784314 0.00392157 0.        ]  [0.00784314 0.00392157 0.        ]  ...  [0.1882353  0.10588235 0.10980392]  [0.1882353  0.10588235 0.10980392]  [0.         0.         0.        ]] ... [[0.01568628 0.00784314 0.01568628]  [0.01568628 0.00784314 0.01568628]  [0.01568628 0.00784314 0.01568628]  ...  [0.27450982 0.14509805 0.13725491]  [0.27450982 0.14509805 0.13725491]  [0.         0.         0.        ]] [[0.01568628 0.00784314 0.01568628]  [0.01568628 0.00784314 0.01568628]  [0.01568628 0.00784314 0.01568628]  ...  [0.27450982 0.14509805 0.13725491]  [0.27450982 0.14509805 0.13725491]  [0.         0.         0.        ]] [[0.         0.         0.        ]  [0.         0.         0.        ]  [0.         0.         0.        ]  ...  [0.         0.         0.        ]  [0.         0.         0.        ]  [0.         0.         0.        ]]]",1.4422700963332318,32616,/home/amos/media/tv/The X-Files S01-S11 BluRay 10Bit 1080p Dts-HDMa5 1 HEVC-d3g/The X-Files S08 br 10bit dts hevc-d3g/The.X-Files.S08E07.Via.Negativa.1080p.BluRay.10Bit.Dts-HDMa5.1.HEVC-d3g.mkv322,1080,1920,0,54,948,709,54,585570,0.282,"[[[0.01176471 0.00784314 0.00784314]  [0.01176471 0.00784314 0.00784314]  [0.01176471 0.00784314 0.00784314]  ...  [0.58431375 0.4509804  0.45882353]  [0.59607846 0.4627451  0.47058824]  [0.59607846 0.4627451  0.47058824]] [[0.01176471 0.00784314 0.00784314]  [0.01176471 0.00784314 0.00784314]  [0.01176471 0.00784314 0.00784314]  ...  [0.58431375 0.4509804  0.45882353]  [0.59607846 0.4627451  0.47058824]  [0.59607846 0.4627451  0.47058824]] [[0.01176471 0.00784314 0.00784314]  [0.01176471 0.00784314 0.00784314]  [0.01176471 0.00784314 0.00784314]  ...  [0.58431375 0.4509804  0.45882353]  [0.59607846 0.4627451  0.47058824]  [0.59607846 0.4627451  0.47058824]] ... [[0.00784314 0.00392157 0.00784314]  [0.00784314 0.00392157 0.00784314]  [0.00784314 0.00392157 0.00784314]  ...  [0.2627451  0.14901961 0.15686275]  [0.2627451  0.14901961 0.15686275]  [0.2627451  0.14901961 0.15686275]] [[0.00784314 0.00392157 0.00784314]  [0.00784314 0.00392157 0.00784314]  [0.00784314 0.00392157 0.00784314]  ...  [0.2627451  0.14901961 0.15686275]  [0.2627451  0.14901961 0.15686275]  [0.2627451  0.14901961 0.15686275]] [[0.00784314 0.00392157 0.00784314]  [0.00784314 0.00392157 0.00784314]  [0.00784314 0.00392157 0.00784314]  ...  [0.2627451  0.14901961 0.15686275]  [0.2627451  0.14901961 0.15686275]  [0.2627451  0.14901961 0.15686275]]]",3.569762088765856,32640,/home/amos/media/tv/The X-Files S01-S11 BluRay 10Bit 1080p Dts-HDMa5 1 HEVC-d3g/The X-Files S08 br 10bit dts hevc-d3g/The.X-Files.S08E07.Via.Negativa.1080p.BluRay.10Bit.Dts-HDMa5.1.HEVC-d3g.mkv323,1080,1920,0,57,762,1080,57,721215,0.348,"[[[0.3529412  0.33333334 0.3764706 ]  [0.3529412  0.33333334 0.3764706 ]  [0.3529412  0.33333334 0.3764706 ]  ...  [0.39607844 0.3647059  0.3882353 ]  [0.39607844 0.36078432 0.38431373]  [0.39607844 0.36078432 0.38431373]] [[0.3529412  0.33333334 0.3764706 ]  [0.3529412  0.33333334 0.3764706 ]  [0.3529412  0.33333334 0.3764706 ]  ...  [0.39607844 0.36078432 0.3882353 ]  [0.39607844 0.36078432 0.38431373]  [0.39607844 0.36078432 0.38431373]] [[0.3529412  0.33333334 0.3764706 ]  [0.3529412  0.33333334 0.3764706 ]  [0.3529412  0.33333334 0.3764706 ]  ...  [0.39607844 0.36078432 0.38431373]  [0.39215687 0.36078432 0.38431373]  [0.39215687 0.36078432 0.38431373]] ... [[0.3529412  0.30588236 0.34901962]  [0.3529412  0.30588236 0.34901962]  [0.3529412  0.30588236 0.34901962]  ...  [0.28235295 0.2509804  0.27058825]  [0.28235295 0.2509804  0.27058825]  [0.28235295 0.2509804  0.27058825]] [[0.3529412  0.30588236 0.34901962]  [0.3529412  0.30588236 0.34901962]  [0.3529412  0.30588236 0.34509805]  ...  [0.28235295 0.2509804  0.27058825]  [0.28235295 0.2509804  0.27058825]  [0.28235295 0.2509804  0.27058825]] [[0.3529412  0.30588236 0.34901962]  [0.3529412  0.30588236 0.34901962]  [0.3529412  0.30588236 0.34901962]  ...  [0.28235295 0.2509804  0.27058825]  [0.28235295 0.2509804  0.27058825]  [0.28235295 0.2509804  0.27058825]]]",1.6695481549832039,32688,/home/amos/media/tv/The X-Files S01-S11 BluRay 10Bit 1080p Dts-HDMa5 1 HEVC-d3g/The X-Files S08 br 10bit dts hevc-d3g/The.X-Files.S08E07.Via.Negativa.1080p.BluRay.10Bit.Dts-HDMa5.1.HEVC-d3g.mkv324,1080,1920,0,53,523,573,53,244400,0.118,"[[[0.1254902  0.06666667 0.0627451 ]  [0.1254902  0.06666667 0.0627451 ]  [0.1254902  0.06666667 0.0627451 ]  ...  [0.41960785 0.3764706  0.38039216]  [0.41960785 0.3764706  0.38039216]  [0.41960785 0.3764706  0.38039216]] [[0.1254902  0.06666667 0.0627451 ]  [0.1254902  0.06666667 0.0627451 ]  [0.1254902  0.06666667 0.0627451 ]  ...  [0.41960785 0.3764706  0.38039216]  [0.41960785 0.3764706  0.38039216]  [0.41960785 0.3764706  0.38039216]] [[0.1254902  0.06666667 0.0627451 ]  [0.1254902  0.06666667 0.0627451 ]  [0.1254902  0.06666667 0.0627451 ]  ...  [0.41960785 0.3764706  0.38039216]  [0.41960785 0.3764706  0.38039216]  [0.41960785 0.3764706  0.38039216]] ... [[0.16078432 0.12156863 0.12941177]  [0.16078432 0.12156863 0.12941177]  [0.16078432 0.12156863 0.12941177]  ...  [0.43137255 0.3764706  0.38039216]  [0.43137255 0.3764706  0.38039216]  [0.43137255 0.3764706  0.38039216]] [[0.16078432 0.12156863 0.12941177]  [0.16078432 0.12156863 0.12941177]  [0.16078432 0.12156863 0.12941177]  ...  [0.43137255 0.3764706  0.38039216]  [0.43137255 0.3764706  0.38039216]  [0.43137255 0.3764706  0.38039216]] [[0.16078432 0.12156863 0.12941177]  [0.16078432 0.12156863 0.12941177]  [0.16078432 0.12156863 0.12941177]  ...  [0.43137255 0.3764706  0.38039216]  [0.43137255 0.3764706  0.38039216]  [0.43137255 0.3764706  0.38039216]]]",2.871184007555712,32784,/home/amos/media/tv/The X-Files S01-S11 BluRay 10Bit 1080p Dts-HDMa5 1 HEVC-d3g/The X-Files S08 br 10bit dts hevc-d3g/The.X-Files.S08E07.Via.Negativa.1080p.BluRay.10Bit.Dts-HDMa5.1.HEVC-d3g.mkv325,1080,1920,0,499,164,967,499,156780,0.076,"[[[0.38039216 0.3764706  0.36862746]  [0.37254903 0.37254903 0.36078432]  [0.37254903 0.3647059  0.35686275]  ...  [0.0627451  0.01568628 0.00784314]  [0.06666667 0.01960784 0.01176471]  [0.06666667 0.01960784 0.01176471]] [[0.37254903 0.37254903 0.3647059 ]  [0.3882353  0.38431373 0.38039216]  [0.37254903 0.37254903 0.3647059 ]  ...  [0.06666667 0.01960784 0.01176471]  [0.06666667 0.01960784 0.01176471]  [0.06666667 0.01960784 0.01176471]] [[0.3529412  0.3529412  0.34509805]  [0.37254903 0.36862746 0.36862746]  [0.38039216 0.3764706  0.37254903]  ...  [0.0627451  0.01568628 0.00784314]  [0.05882353 0.01176471 0.00392157]  [0.05882353 0.01176471 0.00392157]] ... [[0.10196079 0.07058824 0.05490196]  [0.10588235 0.07843138 0.0627451 ]  [0.10588235 0.07843138 0.0627451 ]  ...  [0.0627451  0.02352941 0.01960784]  [0.05490196 0.01568628 0.01176471]  [0.05882353 0.01960784 0.01568628]] [[0.09803922 0.0627451  0.05098039]  [0.10196079 0.07058824 0.05882353]  [0.10196079 0.07058824 0.05882353]  ...  [0.05490196 0.01568628 0.01176471]  [0.05882353 0.01960784 0.01568628]  [0.05882353 0.01960784 0.01568628]] [[0.09411765 0.0627451  0.05098039]  [0.10588235 0.07843138 0.0627451 ]  [0.09411765 0.06666667 0.05098039]  ...  [0.05098039 0.01176471 0.00784314]  [0.0627451  0.01960784 0.01960784]  [0.05882353 0.01960784 0.01568628]]]",3.819770163798239,32808,/home/amos/media/tv/The X-Files S01-S11 BluRay 10Bit 1080p Dts-HDMa5 1 HEVC-d3g/The X-Files S08 br 10bit dts hevc-d3g/The.X-Files.S08E07.Via.Negativa.1080p.BluRay.10Bit.Dts-HDMa5.1.HEVC-d3g.mkv326,1080,1920,0,428,168,994,428,147160,0.071,"[[[0.         0.         0.        ]  [0.13725491 0.14117648 0.13725491]  [0.34901962 0.3529412  0.34509805]  ...  [0.         0.         0.        ]  [0.         0.         0.        ]  [0.         0.         0.        ]] [[0.         0.         0.        ]  [0.13333334 0.13333334 0.13333334]  [0.34117648 0.34901962 0.34117648]  ...  [0.03137255 0.01176471 0.00784314]  [0.03137255 0.01176471 0.00784314]  [0.         0.         0.        ]] [[0.         0.         0.        ]  [0.12941177 0.13333334 0.12941177]  [0.3529412  0.36078432 0.3529412 ]  ...  [0.07058824 0.01960784 0.00784314]  [0.07450981 0.02352941 0.01176471]  [0.         0.         0.        ]] ... [[0.11372549 0.12156863 0.1254902 ]  [0.12156863 0.12941177 0.12941177]  [0.12156863 0.12941177 0.12941177]  ...  [0.02352941 0.01176471 0.00392157]  [0.         0.         0.        ]  [0.         0.         0.        ]] [[0.         0.         0.        ]  [0.         0.         0.        ]  [0.         0.         0.        ]  ...  [0.02352941 0.00784314 0.00392157]  [0.         0.         0.        ]  [0.         0.         0.        ]] [[0.         0.         0.        ]  [0.         0.         0.        ]  [0.         0.         0.        ]  ...  [0.         0.         0.        ]  [0.         0.         0.        ]  [0.         0.         0.        ]]]",1.8476940207765438,32856,/home/amos/media/tv/The X-Files S01-S11 BluRay 10Bit 1080p Dts-HDMa5 1 HEVC-d3g/The X-Files S08 br 10bit dts hevc-d3g/The.X-Files.S08E07.Via.Negativa.1080p.BluRay.10Bit.Dts-HDMa5.1.HEVC-d3g.mkv327,1080,1920,0,452,143,968,452,159444,0.077,"[[[0.34117648 0.3529412  0.36078432]  [0.34117648 0.35686275 0.3647059 ]  [0.35686275 0.37254903 0.38039216]  ...  [0.07843138 0.02352941 0.01176471]  [0.07450981 0.01960784 0.00784314]  [0.07450981 0.01960784 0.00784314]] [[0.32941177 0.34117648 0.34901962]  [0.33333334 0.34509805 0.3529412 ]  [0.3647059  0.3764706  0.38431373]  ...  [0.07450981 0.02352941 0.01176471]  [0.07058824 0.01960784 0.00784314]  [0.07058824 0.01960784 0.00784314]] [[0.3372549  0.34901962 0.35686275]  [0.32941177 0.34117648 0.34901962]  [0.34509805 0.35686275 0.3647059 ]  ...  [0.07450981 0.02352941 0.01176471]  [0.06666667 0.01960784 0.00784314]  [0.06666667 0.01568628 0.00392157]] ... [[0.3372549  0.36078432 0.36862746]  [0.32156864 0.34509805 0.3529412 ]  [0.34117648 0.3647059  0.37254903]  ...  [0.0627451  0.01176471 0.01176471]  [0.05882353 0.00784314 0.00784314]  [0.05490196 0.00392157 0.00392157]] [[0.31764707 0.34117648 0.34901962]  [0.33333334 0.36078432 0.3647059 ]  [0.34117648 0.36862746 0.37254903]  ...  [0.06666667 0.01568628 0.01568628]  [0.07058824 0.01960784 0.01960784]  [0.06666667 0.01568628 0.01568628]] [[0.3647059  0.3882353  0.39607844]  [0.32941177 0.3529412  0.36078432]  [0.3254902  0.34509805 0.3529412 ]  ...  [0.06666667 0.01568628 0.01568628]  [0.0627451  0.01176471 0.01176471]  [0.06666667 0.01568628 0.01568628]]]",2.4330760142183863,32904,/home/amos/media/tv/The X-Files S01-S11 BluRay 10Bit 1080p Dts-HDMa5 1 HEVC-d3g/The X-Files S08 br 10bit dts hevc-d3g/The.X-Files.S08E07.Via.Negativa.1080p.BluRay.10Bit.Dts-HDMa5.1.HEVC-d3g.mkv328,1080,1920,0,454,154,927,454,141900,0.068,"[[[0.39607844 0.38431373 0.38039216]  [0.3882353  0.38039216 0.3764706 ]  [0.38431373 0.3764706  0.37254903]  ...  [0.07843138 0.01960784 0.01176471]  [0.08627451 0.02745098 0.01960784]  [0.08627451 0.02745098 0.01960784]] [[0.36862746 0.36078432 0.35686275]  [0.4117647  0.40392157 0.4       ]  [0.39607844 0.3882353  0.38431373]  ...  [0.07843138 0.02352941 0.01176471]  [0.08627451 0.02745098 0.01960784]  [0.08235294 0.02352941 0.01568628]] [[0.3764706  0.3647059  0.3647059 ]  [0.40392157 0.39607844 0.39607844]  [0.38431373 0.38039216 0.38039216]  ...  [0.08627451 0.03137255 0.01960784]  [0.08627451 0.02745098 0.01960784]  [0.08627451 0.02745098 0.01960784]] ... [[0.1882353  0.1882353  0.18039216]  [0.21960784 0.22352941 0.21568628]  [0.21176471 0.21568628 0.21176471]  ...  [0.07843138 0.02745098 0.01568628]  [0.07843138 0.02745098 0.02352941]  [0.07450981 0.02745098 0.03137255]] [[0.20784314 0.20784314 0.2       ]  [0.19607843 0.19607843 0.1882353 ]  [0.2        0.20392157 0.19607843]  ...  [0.06666667 0.01568628 0.00784314]  [0.07058824 0.01960784 0.01960784]  [0.07058824 0.01960784 0.02745098]] [[0.1882353  0.18431373 0.17254902]  [0.19215687 0.1882353  0.18431373]  [0.18039216 0.18039216 0.17254902]  ...  [0.07058824 0.01960784 0.01568628]  [0.07058824 0.02352941 0.02352941]  [0.06666667 0.01568628 0.01960784]]]",3.4709211354493164,32928,/home/amos/media/tv/The X-Files S01-S11 BluRay 10Bit 1080p Dts-HDMa5 1 HEVC-d3g/The X-Files S08 br 10bit dts hevc-d3g/The.X-Files.S08E07.Via.Negativa.1080p.BluRay.10Bit.Dts-HDMa5.1.HEVC-d3g.mkv329,1080,1920,0,556,108,945,556,174272,0.084,"[[[0.34509805 0.37254903 0.3764706 ]  [0.33333334 0.35686275 0.36078432]  [0.33333334 0.35686275 0.36078432]  ...  [0.04705882 0.02352941 0.00784314]  [0.04313726 0.01960784 0.00392157]  [0.04705882 0.02352941 0.00784314]] [[0.33333334 0.35686275 0.36078432]  [0.3529412  0.3764706  0.38039216]  [0.3647059  0.3882353  0.39215687]  ...  [0.05490196 0.02745098 0.01176471]  [0.05098039 0.02745098 0.01176471]  [0.05098039 0.02352941 0.01176471]] [[0.3254902  0.34901962 0.3529412 ]  [0.35686275 0.38039216 0.38431373]  [0.3529412  0.3764706  0.38039216]  ...  [0.0627451  0.03137255 0.01960784]  [0.05490196 0.02745098 0.01176471]  [0.04313726 0.01960784 0.00392157]] ... [[0.3647059  0.3882353  0.39215687]  [0.40392157 0.42745098 0.43529412]  [0.3882353  0.4117647  0.42352942]  ...  [0.10588235 0.06666667 0.05490196]  [0.10588235 0.06666667 0.05490196]  [0.10588235 0.06666667 0.05490196]] [[0.3647059  0.3882353  0.39607844]  [0.3882353  0.4117647  0.42352942]  [0.40784314 0.42745098 0.44705883]  ...  [0.10588235 0.06666667 0.05490196]  [0.10588235 0.06666667 0.05490196]  [0.10588235 0.06666667 0.05490196]] [[0.3882353  0.4117647  0.42745098]  [0.41568628 0.43529412 0.45490196]  [0.36078432 0.38039216 0.40392157]  ...  [0.10196079 0.06666667 0.05490196]  [0.10196079 0.06666667 0.05490196]  [0.10588235 0.07058824 0.05882353]]]",3.2733471117098816,33168,/home/amos/media/tv/The X-Files S01-S11 BluRay 10Bit 1080p Dts-HDMa5 1 HEVC-d3g/The X-Files S08 br 10bit dts hevc-d3g/The.X-Files.S08E07.Via.Negativa.1080p.BluRay.10Bit.Dts-HDMa5.1.HEVC-d3g.mkv330,1080,1920,0,198,187,416,198,2398,0.001,"[[[0.02352941 0.00392157 0.        ]  [0.01960784 0.         0.        ]  [0.01568628 0.         0.        ]  ...  [0.12156863 0.0627451  0.05882353]  [0.13333334 0.0627451  0.05882353]  [0.13333334 0.0627451  0.05882353]] [[0.01960784 0.         0.        ]  [0.01960784 0.         0.        ]  [0.01568628 0.         0.        ]  ...  [0.11764706 0.05882353 0.05882353]  [0.1254902  0.05490196 0.05490196]  [0.12156863 0.05098039 0.04705882]] [[0.01960784 0.         0.        ]  [0.01960784 0.         0.        ]  [0.01568628 0.         0.        ]  ...  [0.10980392 0.05098039 0.05098039]  [0.10980392 0.04313726 0.04313726]  [0.10196079 0.03529412 0.03529412]] ... [[0.19215687 0.1254902  0.09019608]  [0.19607843 0.12941177 0.09411765]  [0.19215687 0.12156863 0.08627451]  ...  [0.64705884 0.53333336 0.5019608 ]  [0.64705884 0.5294118  0.49803922]  [0.6509804  0.5372549  0.5058824 ]] [[0.20392157 0.13725491 0.10196079]  [0.20392157 0.13725491 0.10196079]  [0.19215687 0.1254902  0.09019608]  ...  [0.6        0.48235294 0.45882353]  [0.60784316 0.49019608 0.4627451 ]  [0.6117647  0.49411765 0.46666667]] [[0.1882353  0.12156863 0.08627451]  [0.19607843 0.12941177 0.09411765]  [0.19607843 0.12941177 0.09411765]  ...  [0.5686275  0.4509804  0.42745098]  [0.58431375 0.46666667 0.4392157 ]  [0.5882353  0.47058824 0.44313726]]]",5.821083210525103,33696,/home/amos/media/tv/The X-Files S01-S11 BluRay 10Bit 1080p Dts-HDMa5 1 HEVC-d3g/The X-Files S08 br 10bit dts hevc-d3g/The.X-Files.S08E07.Via.Negativa.1080p.BluRay.10Bit.Dts-HDMa5.1.HEVC-d3g.mkv331,1080,1920,0,212,119,578,212,34038,0.016,"[[[0.08235294 0.05490196 0.03921569]  [0.08235294 0.05490196 0.03921569]  [0.08235294 0.05098039 0.03921569]  ...  [0.01960784 0.00392157 0.00784314]  [0.02352941 0.00784314 0.01176471]  [0.02352941 0.00784314 0.01176471]] [[0.08627451 0.05882353 0.04313726]  [0.08627451 0.05882353 0.04313726]  [0.08235294 0.05098039 0.03921569]  ...  [0.01960784 0.00392157 0.00784314]  [0.01960784 0.00392157 0.00784314]  [0.02352941 0.00784314 0.01176471]] [[0.08627451 0.05882353 0.04313726]  [0.08627451 0.05882353 0.04313726]  [0.08235294 0.05098039 0.03921569]  ...  [0.01568628 0.         0.00392157]  [0.01960784 0.00392157 0.00784314]  [0.02352941 0.00784314 0.01176471]] ... [[0.02745098 0.         0.00392157]  [0.03529412 0.00784314 0.01176471]  [0.03921569 0.00784314 0.01568628]  ...  [0.23921569 0.1882353  0.1882353 ]  [0.28235295 0.23529412 0.22352941]  [0.22352941 0.1764706  0.16470589]] [[0.03137255 0.00392157 0.01568628]  [0.03137255 0.00392157 0.01568628]  [0.03529412 0.00784314 0.01960784]  ...  [0.25490198 0.2        0.2       ]  [0.2784314  0.23137255 0.21960784]  [0.23137255 0.18431373 0.17254902]] [[0.02352941 0.         0.01176471]  [0.02745098 0.00392157 0.01568628]  [0.02745098 0.00392157 0.01568628]  ...  [0.27058825 0.21568628 0.21568628]  [0.30588236 0.25882354 0.2509804 ]  [0.27450982 0.22745098 0.21960784]]]",5.692706056055613,33720,/home/amos/media/tv/The X-Files S01-S11 BluRay 10Bit 1080p Dts-HDMa5 1 HEVC-d3g/The X-Files S08 br 10bit dts hevc-d3g/The.X-Files.S08E07.Via.Negativa.1080p.BluRay.10Bit.Dts-HDMa5.1.HEVC-d3g.mkv332,1080,1920,0,196,134,605,196,25358,0.012,"[[[0.02352941 0.         0.01176471]  [0.02352941 0.00392157 0.01960784]  [0.01960784 0.         0.01176471]  ...  [0.05098039 0.01176471 0.01176471]  [0.04313726 0.00784314 0.00784314]  [0.03921569 0.         0.        ]] [[0.01960784 0.         0.00784314]  [0.01568628 0.         0.01176471]  [0.01568628 0.         0.01176471]  ...  [0.05490196 0.01568628 0.01568628]  [0.05098039 0.01176471 0.01176471]  [0.04705882 0.00784314 0.00784314]] [[0.01568628 0.         0.00784314]  [0.01176471 0.         0.01176471]  [0.01176471 0.         0.01176471]  ...  [0.05882353 0.01960784 0.01960784]  [0.0627451  0.02352941 0.02352941]  [0.06666667 0.02352941 0.02352941]] ... [[0.12941177 0.05882353 0.03921569]  [0.10196079 0.03529412 0.02352941]  [0.08235294 0.01960784 0.00784314]  ...  [0.07843138 0.04705882 0.05098039]  [0.07843138 0.04705882 0.05098039]  [0.07843138 0.04705882 0.05098039]] [[0.10196079 0.03137255 0.02352941]  [0.07843138 0.02352941 0.01960784]  [0.0627451  0.01176471 0.00784314]  ...  [0.09019608 0.05882353 0.0627451 ]  [0.08627451 0.05490196 0.05882353]  [0.08235294 0.05098039 0.05490196]] [[0.09803922 0.03921569 0.03137255]  [0.07450981 0.02745098 0.03137255]  [0.05490196 0.01176471 0.01568628]  ...  [0.09019608 0.05882353 0.05882353]  [0.08627451 0.05490196 0.05490196]  [0.09019608 0.05490196 0.05882353]]]",3.6008170456043445,33744,/home/amos/media/tv/The X-Files S01-S11 BluRay 10Bit 1080p Dts-HDMa5 1 HEVC-d3g/The X-Files S08 br 10bit dts hevc-d3g/The.X-Files.S08E07.Via.Negativa.1080p.BluRay.10Bit.Dts-HDMa5.1.HEVC-d3g.mkv333,1080,1920,0,193,114,597,193,31916,0.015,"[[[0.03921569 0.         0.00392157]  [0.03529412 0.         0.00392157]  [0.03529412 0.         0.00392157]  ...  [0.26666668 0.14901961 0.13725491]  [0.40392157 0.28627452 0.27450982]  [0.         0.         0.        ]] [[0.02745098 0.         0.        ]  [0.03137255 0.         0.        ]  [0.03137255 0.         0.        ]  ...  [0.21176471 0.09411765 0.08627451]  [0.30980393 0.19215687 0.18431373]  [0.         0.         0.        ]] [[0.02352941 0.         0.        ]  [0.03137255 0.         0.        ]  [0.03137255 0.         0.        ]  ...  [0.19607843 0.08235294 0.07843138]  [0.23529412 0.1254902  0.11764706]  [0.         0.         0.        ]] ... [[0.19215687 0.13333334 0.10588235]  [0.19215687 0.13333334 0.10588235]  [0.1882353  0.12941177 0.10196079]  ...  [0.1882353  0.11764706 0.09019608]  [0.18431373 0.11764706 0.09019608]  [0.         0.         0.        ]] [[0.17254902 0.11372549 0.08627451]  [0.16862746 0.10980392 0.08235294]  [0.16470589 0.10588235 0.07843138]  ...  [0.19607843 0.12941177 0.10196079]  [0.19215687 0.1254902  0.09803922]  [0.         0.         0.        ]] [[0.         0.         0.        ]  [0.         0.         0.        ]  [0.         0.         0.        ]  ...  [0.         0.         0.        ]  [0.         0.         0.        ]  [0.         0.         0.        ]]]",2.052755053562578,33768,/home/amos/media/tv/The X-Files S01-S11 BluRay 10Bit 1080p Dts-HDMa5 1 HEVC-d3g/The X-Files S08 br 10bit dts hevc-d3g/The.X-Files.S08E07.Via.Negativa.1080p.BluRay.10Bit.Dts-HDMa5.1.HEVC-d3g.mkv334,1080,1920,0,207,140,684,207,31959,0.015,"[[[0.02745098 0.00392157 0.01568628]  [0.02352941 0.         0.01176471]  [0.01960784 0.         0.01176471]  ...  [0.05882353 0.03137255 0.03137255]  [0.0627451  0.03529412 0.03529412]  [0.         0.         0.        ]] [[0.02352941 0.         0.01176471]  [0.02352941 0.         0.01176471]  [0.01960784 0.         0.01176471]  ...  [0.05490196 0.02745098 0.02745098]  [0.05882353 0.03137255 0.03137255]  [0.         0.         0.        ]] [[0.02352941 0.         0.01176471]  [0.02352941 0.         0.01176471]  [0.01960784 0.         0.01176471]  ...  [0.05098039 0.02352941 0.02352941]  [0.05882353 0.03137255 0.03137255]  [0.         0.         0.        ]] ... [[0.00784314 0.         0.00392157]  [0.00784314 0.         0.00392157]  [0.01176471 0.         0.00784314]  ...  [0.11372549 0.08627451 0.09019608]  [0.12941177 0.10196079 0.10588235]  [0.         0.         0.        ]] [[0.00784314 0.         0.00392157]  [0.00784314 0.         0.00392157]  [0.00784314 0.         0.00784314]  ...  [0.10588235 0.07843138 0.08627451]  [0.1254902  0.09803922 0.10196079]  [0.         0.         0.        ]] [[0.         0.         0.        ]  [0.         0.         0.        ]  [0.         0.         0.        ]  ...  [0.         0.         0.        ]  [0.         0.         0.        ]  [0.         0.         0.        ]]]",3.6085720832343213,33864,/home/amos/media/tv/The X-Files S01-S11 BluRay 10Bit 1080p Dts-HDMa5 1 HEVC-d3g/The X-Files S08 br 10bit dts hevc-d3g/The.X-Files.S08E07.Via.Negativa.1080p.BluRay.10Bit.Dts-HDMa5.1.HEVC-d3g.mkv335,1080,1920,0,265,141,514,265,30876,0.015,"[[[0.27058825 0.22352941 0.21176471]  [0.3254902  0.2784314  0.26666668]  [0.33333334 0.28627452 0.26666668]  ...  [0.04313726 0.02745098 0.02745098]  [0.04705882 0.02745098 0.02745098]  [0.04313726 0.02352941 0.02352941]] [[0.28235295 0.23921569 0.22352941]  [0.36078432 0.3137255  0.3019608 ]  [0.3764706  0.32941177 0.3137255 ]  ...  [0.04313726 0.02352941 0.02352941]  [0.03921569 0.02352941 0.02352941]  [0.03921569 0.02352941 0.02352941]] [[0.29411766 0.24705882 0.23529412]  [0.38039216 0.33333334 0.32156864]  [0.39607844 0.34901962 0.33333334]  ...  [0.03529412 0.01568628 0.01568628]  [0.03529412 0.01568628 0.01568628]  [0.03921569 0.01960784 0.01960784]] ... [[0.06666667 0.02745098 0.01568628]  [0.07058824 0.03137255 0.01960784]  [0.07843138 0.03137255 0.02352941]  ...  [0.34901962 0.1882353  0.16470589]  [0.34117648 0.18039216 0.15686275]  [0.32941177 0.16862746 0.14509805]] [[0.08627451 0.04313726 0.03529412]  [0.09019608 0.04705882 0.03921569]  [0.09803922 0.05098039 0.03921569]  ...  [0.3372549  0.1764706  0.15686275]  [0.33333334 0.17254902 0.15294118]  [0.32941177 0.16862746 0.14509805]] [[0.10196079 0.05490196 0.04705882]  [0.10588235 0.05882353 0.05098039]  [0.11372549 0.07058824 0.05882353]  ...  [0.34509805 0.18431373 0.16078432]  [0.33333334 0.17254902 0.14901961]  [0.3254902  0.16470589 0.14117648]]]",3.2940150813083164,33888,/home/amos/media/tv/The X-Files S01-S11 BluRay 10Bit 1080p Dts-HDMa5 1 HEVC-d3g/The X-Files S08 br 10bit dts hevc-d3g/The.X-Files.S08E07.Via.Negativa.1080p.BluRay.10Bit.Dts-HDMa5.1.HEVC-d3g.mkv336,1080,1920,0,258,104,566,258,47432,0.023,"[[[0.08235294 0.03529412 0.02352941]  [0.07843138 0.03137255 0.01960784]  [0.07843138 0.03137255 0.01960784]  ...  [0.0627451  0.03529412 0.03137255]  [0.05882353 0.03137255 0.02745098]  [0.05882353 0.03137255 0.02745098]] [[0.08235294 0.03529412 0.02352941]  [0.08235294 0.03529412 0.02352941]  [0.08235294 0.03529412 0.02352941]  ...  [0.06666667 0.03921569 0.03529412]  [0.05882353 0.03137255 0.02745098]  [0.05882353 0.03137255 0.02745098]] [[0.08235294 0.03529412 0.02352941]  [0.08235294 0.03529412 0.02352941]  [0.08235294 0.03529412 0.02352941]  ...  [0.07450981 0.04705882 0.04313726]  [0.06666667 0.03921569 0.03529412]  [0.0627451  0.03529412 0.03137255]] ... [[0.06666667 0.03137255 0.01960784]  [0.07058824 0.03529412 0.02352941]  [0.07058824 0.03529412 0.02352941]  ...  [0.34117648 0.16470589 0.14117648]  [0.32941177 0.15294118 0.12941177]  [0.31764707 0.14117648 0.11764706]] [[0.06666667 0.03137255 0.01960784]  [0.06666667 0.03137255 0.01960784]  [0.06666667 0.03137255 0.01960784]  ...  [0.3529412  0.1764706  0.15294118]  [0.32156864 0.14509805 0.12156863]  [0.3019608  0.1254902  0.10196079]] [[0.06666667 0.03137255 0.01960784]  [0.0627451  0.02745098 0.01568628]  [0.06666667 0.03137255 0.01960784]  ...  [0.36078432 0.18431373 0.16078432]  [0.34509805 0.16862746 0.14509805]  [0.33333334 0.15686275 0.13333334]]]",3.6184411059948616,33912,/home/amos/media/tv/The X-Files S01-S11 BluRay 10Bit 1080p Dts-HDMa5 1 HEVC-d3g/The X-Files S08 br 10bit dts hevc-d3g/The.X-Files.S08E07.Via.Negativa.1080p.BluRay.10Bit.Dts-HDMa5.1.HEVC-d3g.mkv337,1080,1920,0,241,129,689,241,50176,0.024,"[[[0.08235294 0.05490196 0.03921569]  [0.08627451 0.05882353 0.04313726]  [0.08627451 0.05882353 0.04313726]  ...  [0.14117648 0.12156863 0.12156863]  [0.14509805 0.1254902  0.1254902 ]  [0.15686275 0.13725491 0.13725491]] [[0.08235294 0.05490196 0.03921569]  [0.08627451 0.05882353 0.04313726]  [0.09411765 0.06666667 0.05098039]  ...  [0.13725491 0.11764706 0.11764706]  [0.13725491 0.11764706 0.11764706]  [0.13725491 0.11764706 0.11764706]] [[0.08235294 0.05490196 0.03921569]  [0.08627451 0.05882353 0.04313726]  [0.09411765 0.06666667 0.05098039]  ...  [0.13725491 0.11764706 0.11764706]  [0.13333334 0.11372549 0.11372549]  [0.13333334 0.11372549 0.11372549]] ... [[0.09803922 0.0627451  0.05098039]  [0.09411765 0.05882353 0.04705882]  [0.09803922 0.0627451  0.05098039]  ...  [0.31764707 0.17254902 0.16078432]  [0.3254902  0.1764706  0.16470589]  [0.34117648 0.19215687 0.18039216]] [[0.09803922 0.0627451  0.05098039]  [0.09803922 0.0627451  0.05098039]  [0.09803922 0.0627451  0.05098039]  ...  [0.31764707 0.16862746 0.15686275]  [0.32156864 0.17254902 0.15686275]  [0.33333334 0.18431373 0.16862746]] [[0.10588235 0.07058824 0.05882353]  [0.10588235 0.07058824 0.05882353]  [0.10588235 0.07058824 0.05882353]  ...  [0.3137255  0.16470589 0.15294118]  [0.31764707 0.17254902 0.15294118]  [0.3254902  0.18039216 0.16078432]]]",2.508749189961236,33936,/home/amos/media/tv/The X-Files S01-S11 BluRay 10Bit 1080p Dts-HDMa5 1 HEVC-d3g/The X-Files S08 br 10bit dts hevc-d3g/The.X-Files.S08E07.Via.Negativa.1080p.BluRay.10Bit.Dts-HDMa5.1.HEVC-d3g.mkv338,1080,1920,0,299,126,549,299,43250,0.021,"[[[0.27058825 0.22745098 0.22745098]  [0.2509804  0.20392157 0.19607843]  [0.25490198 0.19607843 0.1764706 ]  ...  [0.12941177 0.10196079 0.10196079]  [0.12941177 0.10196079 0.10196079]  [0.         0.         0.        ]] [[0.23529412 0.19607843 0.19607843]  [0.23529412 0.18431373 0.18039216]  [0.2509804  0.19607843 0.17254902]  ...  [0.1254902  0.09803922 0.09803922]  [0.12941177 0.10196079 0.10196079]  [0.         0.         0.        ]] [[0.18431373 0.14509805 0.14509805]  [0.21960784 0.16862746 0.16862746]  [0.2784314  0.22352941 0.2       ]  ...  [0.12941177 0.10196079 0.10196079]  [0.12941177 0.10196079 0.10196079]  [0.         0.         0.        ]] ... [[0.10980392 0.07058824 0.05882353]  [0.12941177 0.09019608 0.07450981]  [0.15294118 0.11372549 0.09803922]  ...  [0.32156864 0.16470589 0.14901961]  [0.32941177 0.17254902 0.15686275]  [0.         0.         0.        ]] [[0.11372549 0.07450981 0.0627451 ]  [0.12941177 0.09411765 0.07450981]  [0.14509805 0.10588235 0.09019608]  ...  [0.31764707 0.16078432 0.14509805]  [0.3254902  0.17254902 0.15294118]  [0.         0.         0.        ]] [[0.         0.         0.        ]  [0.         0.         0.        ]  [0.         0.         0.        ]  ...  [0.         0.         0.        ]  [0.         0.         0.        ]  [0.         0.         0.        ]]]",4.699453072738834,33984,/home/amos/media/tv/The X-Files S01-S11 BluRay 10Bit 1080p Dts-HDMa5 1 HEVC-d3g/The X-Files S08 br 10bit dts hevc-d3g/The.X-Files.S08E07.Via.Negativa.1080p.BluRay.10Bit.Dts-HDMa5.1.HEVC-d3g.mkv339,1080,1920,0,489,103,920,489,166366,0.08,"[[[0. 0. 0.]  [0. 0. 0.]  [0. 0. 0.]  ...  [0. 0. 0.]  [0. 0. 0.]  [0. 0. 0.]] [[0. 0. 0.]  [0. 0. 0.]  [0. 0. 0.]  ...  [0. 0. 0.]  [0. 0. 0.]  [0. 0. 0.]] [[0. 0. 0.]  [0. 0. 0.]  [0. 0. 0.]  ...  [0. 0. 0.]  [0. 0. 0.]  [0. 0. 0.]] ... [[0. 0. 0.]  [0. 0. 0.]  [0. 0. 0.]  ...  [0. 0. 0.]  [0. 0. 0.]  [0. 0. 0.]] [[0. 0. 0.]  [0. 0. 0.]  [0. 0. 0.]  ...  [0. 0. 0.]  [0. 0. 0.]  [0. 0. 0.]] [[0. 0. 0.]  [0. 0. 0.]  [0. 0. 0.]  ...  [0. 0. 0.]  [0. 0. 0.]  [0. 0. 0.]]]",3.1182020860142075,34152,/home/amos/media/tv/The X-Files S01-S11 BluRay 10Bit 1080p Dts-HDMa5 1 HEVC-d3g/The X-Files S08 br 10bit dts hevc-d3g/The.X-Files.S08E07.Via.Negativa.1080p.BluRay.10Bit.Dts-HDMa5.1.HEVC-d3g.mkv340,1080,1920,0,469,100,935,469,171954,0.083,"[[[0.01176471 0.         0.00392157]  [0.01960784 0.00784314 0.00392157]  [0.01568628 0.00392157 0.        ]  ...  [0.3137255  0.2901961  0.34901962]  [0.31764707 0.3019608  0.36078432]  [0.33333334 0.3137255  0.3764706 ]] [[0.01176471 0.         0.00392157]  [0.01568628 0.00784314 0.00392157]  [0.01960784 0.00784314 0.00784314]  ...  [0.31764707 0.29803923 0.3529412 ]  [0.32941177 0.30980393 0.3764706 ]  [0.3372549  0.31764707 0.38431373]] [[0.00784314 0.         0.        ]  [0.01176471 0.         0.        ]  [0.01960784 0.00784314 0.01176471]  ...  [0.32156864 0.30588236 0.36862746]  [0.3372549  0.31764707 0.37254903]  [0.34117648 0.3254902  0.38039216]] ... [[0.09411765 0.08235294 0.08235294]  [0.09411765 0.08235294 0.08235294]  [0.09411765 0.08235294 0.08235294]  ...  [0.13333334 0.12941177 0.13333334]  [0.12156863 0.1254902  0.12941177]  [0.1254902  0.12941177 0.13333334]] [[0.09803922 0.08627451 0.08627451]  [0.09411765 0.08235294 0.08235294]  [0.09019608 0.07843138 0.07843138]  ...  [0.12941177 0.1254902  0.12941177]  [0.12156863 0.1254902  0.12941177]  [0.1254902  0.12941177 0.13333334]] [[0.09411765 0.08627451 0.08627451]  [0.09019608 0.07843138 0.07843138]  [0.09019608 0.07843138 0.07843138]  ...  [0.12941177 0.12156863 0.12941177]  [0.12941177 0.1254902  0.12941177]  [0.13333334 0.13333334 0.13725491]]]",5.3209430951974355,34200,/home/amos/media/tv/The X-Files S01-S11 BluRay 10Bit 1080p Dts-HDMa5 1 HEVC-d3g/The X-Files S08 br 10bit dts hevc-d3g/The.X-Files.S08E07.Via.Negativa.1080p.BluRay.10Bit.Dts-HDMa5.1.HEVC-d3g.mkv341,1080,1920,0,159,132,1075,159,24732,0.012,"[[[0.         0.         0.        ]  [0.         0.         0.        ]  [0.         0.         0.        ]  ...  [0.03137255 0.00392157 0.00784314]  [0.03137255 0.00392157 0.00784314]  [0.         0.         0.        ]] [[0.         0.         0.        ]  [0.         0.         0.        ]  [0.         0.         0.        ]  ...  [0.03137255 0.00392157 0.00784314]  [0.03137255 0.00392157 0.00784314]  [0.         0.         0.        ]] [[0.         0.         0.        ]  [0.         0.         0.        ]  [0.         0.         0.        ]  ...  [0.03137255 0.00392157 0.00784314]  [0.03137255 0.00392157 0.00784314]  [0.         0.         0.        ]] ... [[0.01176471 0.00392157 0.00784314]  [0.01176471 0.00392157 0.00784314]  [0.01176471 0.00392157 0.00784314]  ...  [0.05882353 0.02352941 0.01960784]  [0.05490196 0.02352941 0.01960784]  [0.         0.         0.        ]] [[0.01176471 0.00392157 0.00784314]  [0.01176471 0.00392157 0.00784314]  [0.01176471 0.00392157 0.00784314]  ...  [0.05490196 0.02352941 0.02352941]  [0.05490196 0.02352941 0.01960784]  [0.         0.         0.        ]] [[0.         0.         0.        ]  [0.         0.         0.        ]  [0.         0.         0.        ]  ...  [0.         0.         0.        ]  [0.         0.         0.        ]  [0.         0.         0.        ]]]",2.6451360733481124,34392,/home/amos/media/tv/The X-Files S01-S11 BluRay 10Bit 1080p Dts-HDMa5 1 HEVC-d3g/The X-Files S08 br 10bit dts hevc-d3g/The.X-Files.S08E07.Via.Negativa.1080p.BluRay.10Bit.Dts-HDMa5.1.HEVC-d3g.mkv342,1080,1920,0,152,211,999,152,49973,0.024,"[[[0.         0.         0.        ]  [0.         0.         0.        ]  [0.         0.         0.        ]  ...  [0.06666667 0.03529412 0.03137255]  [0.06666667 0.03137255 0.03137255]  [0.06666667 0.03137255 0.03137255]] [[0.         0.         0.        ]  [0.         0.         0.        ]  [0.         0.         0.        ]  ...  [0.06666667 0.03529412 0.03137255]  [0.06666667 0.03137255 0.03137255]  [0.06666667 0.03137255 0.03137255]] [[0.         0.         0.        ]  [0.         0.         0.        ]  [0.         0.         0.        ]  ...  [0.0627451  0.03137255 0.02745098]  [0.0627451  0.03137255 0.02745098]  [0.0627451  0.02745098 0.02745098]] ... [[0.07450981 0.02745098 0.01568628]  [0.07450981 0.02745098 0.01568628]  [0.07450981 0.02745098 0.01568628]  ...  [0.07058824 0.02352941 0.01568628]  [0.07058824 0.02352941 0.01568628]  [0.07450981 0.02745098 0.01960784]] [[0.07450981 0.02745098 0.01568628]  [0.07450981 0.02745098 0.01568628]  [0.07450981 0.02745098 0.01568628]  ...  [0.07058824 0.02352941 0.01568628]  [0.07450981 0.02745098 0.01960784]  [0.07450981 0.02745098 0.01960784]] [[0.07843138 0.03137255 0.01960784]  [0.07450981 0.02745098 0.01568628]  [0.07450981 0.02745098 0.01568628]  ...  [0.07450981 0.02745098 0.01960784]  [0.07450981 0.02745098 0.01960784]  [0.07450981 0.02745098 0.01960784]]]",4.1188700692146085,34440,/home/amos/media/tv/The X-Files S01-S11 BluRay 10Bit 1080p Dts-HDMa5 1 HEVC-d3g/The X-Files S08 br 10bit dts hevc-d3g/The.X-Files.S08E07.Via.Negativa.1080p.BluRay.10Bit.Dts-HDMa5.1.HEVC-d3g.mkv343,1080,1920,0,59,437,1258,59,453222,0.219,"[[[0.1764706  0.15294118 0.17254902]  [0.1764706  0.15294118 0.17254902]  [0.17254902 0.14901961 0.17254902]  ...  [0.21568628 0.19215687 0.20784314]  [0.21568628 0.19215687 0.20784314]  [0.21568628 0.19215687 0.20784314]] [[0.1764706  0.15294118 0.17254902]  [0.1764706  0.15294118 0.17254902]  [0.17254902 0.15294118 0.17254902]  ...  [0.21568628 0.19215687 0.20784314]  [0.21568628 0.19215687 0.20784314]  [0.21568628 0.19215687 0.20784314]] [[0.1764706  0.15294118 0.17254902]  [0.1764706  0.15294118 0.17254902]  [0.17254902 0.15294118 0.16862746]  ...  [0.21568628 0.19215687 0.20784314]  [0.21568628 0.19215687 0.20784314]  [0.21568628 0.19215687 0.20784314]] ... [[0.16470589 0.14901961 0.17254902]  [0.16470589 0.14901961 0.17254902]  [0.16470589 0.14901961 0.17254902]  ...  [0.20784314 0.1882353  0.23137255]  [0.20784314 0.1882353  0.23137255]  [0.20784314 0.1882353  0.23137255]] [[0.16470589 0.14901961 0.17254902]  [0.16470589 0.14901961 0.17254902]  [0.16470589 0.14901961 0.17254902]  ...  [0.20784314 0.1882353  0.23137255]  [0.20784314 0.1882353  0.23137255]  [0.20784314 0.1882353  0.23137255]] [[0.16470589 0.14901961 0.17254902]  [0.16470589 0.14901961 0.17254902]  [0.16470589 0.14901961 0.17254902]  ...  [0.20784314 0.1882353  0.23137255]  [0.20784314 0.1882353  0.23137255]  [0.20784314 0.1882353  0.23137255]]]",1.4489240486291237,34464,/home/amos/media/tv/The X-Files S01-S11 BluRay 10Bit 1080p Dts-HDMa5 1 HEVC-d3g/The X-Files S08 br 10bit dts hevc-d3g/The.X-Files.S08E07.Via.Negativa.1080p.BluRay.10Bit.Dts-HDMa5.1.HEVC-d3g.mkv344,1080,1920,0,58,437,1259,58,455179,0.22,"[[[0.16862746 0.14901961 0.16862746]  [0.16862746 0.14901961 0.16862746]  [0.16862746 0.14901961 0.16862746]  ...  [0.23529412 0.21568628 0.22352941]  [0.23529412 0.21568628 0.22352941]  [0.23529412 0.21568628 0.22352941]] [[0.16862746 0.14901961 0.16862746]  [0.16862746 0.14901961 0.16862746]  [0.16862746 0.14901961 0.16862746]  ...  [0.23529412 0.21568628 0.22352941]  [0.23529412 0.21568628 0.22352941]  [0.23529412 0.21568628 0.22352941]] [[0.16862746 0.14901961 0.16862746]  [0.16862746 0.14901961 0.16862746]  [0.16862746 0.14901961 0.16862746]  ...  [0.23137255 0.21176471 0.21960784]  [0.23137255 0.21176471 0.21960784]  [0.23137255 0.21176471 0.21960784]] ... [[0.16470589 0.14509805 0.18431373]  [0.16470589 0.14509805 0.18431373]  [0.16470589 0.14509805 0.18431373]  ...  [0.2        0.18431373 0.21960784]  [0.2        0.18431373 0.21960784]  [0.2        0.18431373 0.21960784]] [[0.16470589 0.14509805 0.18431373]  [0.16470589 0.14509805 0.18431373]  [0.16470589 0.14509805 0.18431373]  ...  [0.2        0.18431373 0.21960784]  [0.2        0.18431373 0.21960784]  [0.2        0.18431373 0.21960784]] [[0.16470589 0.14509805 0.18431373]  [0.16470589 0.14509805 0.18431373]  [0.16470589 0.14509805 0.18431373]  ...  [0.2        0.18431373 0.21960784]  [0.2        0.18431373 0.21960784]  [0.2        0.18431373 0.21960784]]]",2.7402160292840563,34488,/home/amos/media/tv/The X-Files S01-S11 BluRay 10Bit 1080p Dts-HDMa5 1 HEVC-d3g/The X-Files S08 br 10bit dts hevc-d3g/The.X-Files.S08E07.Via.Negativa.1080p.BluRay.10Bit.Dts-HDMa5.1.HEVC-d3g.mkv345,1080,1920,0,67,607,773,67,381240,0.184,"[[[0.00392157 0.         0.        ]  [0.00392157 0.         0.        ]  [0.00392157 0.         0.        ]  ...  [0.00392157 0.         0.00784314]  [0.00392157 0.         0.00784314]  [0.00392157 0.         0.00784314]] [[0.00392157 0.         0.        ]  [0.00392157 0.         0.        ]  [0.00392157 0.         0.        ]  ...  [0.00392157 0.         0.00784314]  [0.00392157 0.         0.00784314]  [0.00392157 0.         0.00784314]] [[0.00392157 0.         0.        ]  [0.00392157 0.         0.        ]  [0.00392157 0.         0.        ]  ...  [0.00392157 0.         0.00784314]  [0.00392157 0.         0.00784314]  [0.00392157 0.         0.00784314]] ... [[0.         0.         0.        ]  [0.         0.         0.        ]  [0.         0.         0.        ]  ...  [0.00392157 0.         0.        ]  [0.00392157 0.         0.        ]  [0.00392157 0.         0.        ]] [[0.         0.         0.        ]  [0.         0.         0.        ]  [0.         0.         0.        ]  ...  [0.00392157 0.         0.        ]  [0.00392157 0.         0.        ]  [0.00392157 0.         0.        ]] [[0.         0.         0.        ]  [0.         0.         0.        ]  [0.         0.         0.        ]  ...  [0.00392157 0.         0.        ]  [0.00392157 0.         0.        ]  [0.00392157 0.         0.        ]]]",3.272465147951152,34536,/home/amos/media/tv/The X-Files S01-S11 BluRay 10Bit 1080p Dts-HDMa5 1 HEVC-d3g/The X-Files S08 br 10bit dts hevc-d3g/The.X-Files.S08E07.Via.Negativa.1080p.BluRay.10Bit.Dts-HDMa5.1.HEVC-d3g.mkv346,1080,1920,0,74,323,1096,74,254478,0.123,"[[[0.04313726 0.02745098 0.01568628]  [0.04313726 0.02745098 0.01568628]  [0.04313726 0.02745098 0.01568628]  ...  [0.16078432 0.12156863 0.10196079]  [0.15686275 0.11764706 0.10196079]  [0.15686275 0.11764706 0.10196079]] [[0.04313726 0.02745098 0.01568628]  [0.04313726 0.02745098 0.01568628]  [0.04313726 0.02745098 0.01568628]  ...  [0.15686275 0.12156863 0.10588235]  [0.15686275 0.11764706 0.10196079]  [0.15686275 0.11764706 0.10196079]] [[0.04313726 0.02745098 0.01568628]  [0.04313726 0.02745098 0.01568628]  [0.04313726 0.02745098 0.01568628]  ...  [0.16078432 0.12156863 0.10588235]  [0.15686275 0.11764706 0.10196079]  [0.15686275 0.11764706 0.10196079]] ... [[0.04313726 0.02745098 0.01568628]  [0.04313726 0.02745098 0.01568628]  [0.04313726 0.02745098 0.01568628]  ...  [0.3647059  0.19215687 0.19215687]  [0.38039216 0.20784314 0.20784314]  [0.38039216 0.20784314 0.20784314]] [[0.04313726 0.02745098 0.01568628]  [0.04313726 0.02745098 0.01568628]  [0.04313726 0.02745098 0.01568628]  ...  [0.37254903 0.2        0.2       ]  [0.3882353  0.21568628 0.21568628]  [0.3882353  0.21568628 0.21568628]] [[0.04313726 0.02745098 0.01568628]  [0.04313726 0.02745098 0.01568628]  [0.04313726 0.02745098 0.01568628]  ...  [0.37254903 0.2        0.2       ]  [0.3882353  0.21568628 0.21568628]  [0.3882353  0.21568628 0.21568628]]]",2.069311135855969,35088,/home/amos/media/tv/The X-Files S01-S11 BluRay 10Bit 1080p Dts-HDMa5 1 HEVC-d3g/The X-Files S08 br 10bit dts hevc-d3g/The.X-Files.S08E07.Via.Negativa.1080p.BluRay.10Bit.Dts-HDMa5.1.HEVC-d3g.mkv347,1080,1920,0,60,197,624,60,77268,0.037,"[[[0.20392157 0.1254902  0.09803922]  [0.20392157 0.1254902  0.09803922]  [0.20392157 0.1254902  0.09803922]  ...  [0.4117647  0.25490198 0.23529412]  [0.4117647  0.25490198 0.23529412]  [0.4117647  0.25490198 0.23529412]] [[0.20392157 0.1254902  0.09803922]  [0.20392157 0.1254902  0.09803922]  [0.20392157 0.1254902  0.09803922]  ...  [0.4117647  0.25490198 0.23529412]  [0.4117647  0.25490198 0.23529412]  [0.4117647  0.25490198 0.23529412]] [[0.20392157 0.1254902  0.09803922]  [0.20392157 0.1254902  0.09803922]  [0.20392157 0.1254902  0.09803922]  ...  [0.40784314 0.25490198 0.23529412]  [0.40784314 0.2509804  0.23137255]  [0.40784314 0.2509804  0.23137255]] ... [[0.34509805 0.1764706  0.15686275]  [0.34509805 0.1764706  0.15686275]  [0.34901962 0.18039216 0.16078432]  ...  [0.13725491 0.05490196 0.03137255]  [0.13725491 0.05490196 0.03137255]  [0.13725491 0.05490196 0.03137255]] [[0.34509805 0.1764706  0.15686275]  [0.34509805 0.1764706  0.15686275]  [0.34901962 0.18039216 0.16078432]  ...  [0.13725491 0.05490196 0.03137255]  [0.13725491 0.05490196 0.03137255]  [0.13725491 0.05490196 0.03137255]] [[0.34509805 0.1764706  0.15686275]  [0.34509805 0.1764706  0.15686275]  [0.34901962 0.18039216 0.16078432]  ...  [0.13725491 0.05490196 0.03137255]  [0.13725491 0.05490196 0.03137255]  [0.13725491 0.05490196 0.03137255]]]",4.670846056134906,35112,/home/amos/media/tv/The X-Files S01-S11 BluRay 10Bit 1080p Dts-HDMa5 1 HEVC-d3g/The X-Files S08 br 10bit dts hevc-d3g/The.X-Files.S08E07.Via.Negativa.1080p.BluRay.10Bit.Dts-HDMa5.1.HEVC-d3g.mkv348,1080,1920,0,182,429,576,182,97318,0.047,"[[[0.34509805 0.1882353  0.16862746]  [0.34117648 0.18431373 0.16470589]  [0.34117648 0.1882353  0.16470589]  ...  [0.3647059  0.30588236 0.29803923]  [0.36862746 0.30980393 0.3019608 ]  [0.37254903 0.3137255  0.30588236]] [[0.34901962 0.19215687 0.17254902]  [0.34901962 0.19215687 0.17254902]  [0.34901962 0.19607843 0.17254902]  ...  [0.38039216 0.32156864 0.3137255 ]  [0.38431373 0.3254902  0.3137255 ]  [0.38431373 0.3254902  0.31764707]] [[0.3529412  0.19607843 0.1764706 ]  [0.3529412  0.19607843 0.1764706 ]  [0.35686275 0.2        0.18039216]  ...  [0.38431373 0.3254902  0.31764707]  [0.39215687 0.33333334 0.3254902 ]  [0.39215687 0.33333334 0.3254902 ]] ... [[0.32156864 0.16078432 0.13725491]  [0.30980393 0.14901961 0.1254902 ]  [0.3019608  0.14117648 0.11372549]  ...  [0.3882353  0.33333334 0.31764707]  [0.3882353  0.3372549  0.32156864]  [0.39215687 0.34509805 0.3254902 ]] [[0.3137255  0.15686275 0.13725491]  [0.3019608  0.14509805 0.1254902 ]  [0.29411766 0.13725491 0.11372549]  ...  [0.3882353  0.33333334 0.31764707]  [0.38431373 0.33333334 0.31764707]  [0.38431373 0.33333334 0.31764707]] [[0.29803923 0.14509805 0.1254902 ]  [0.2901961  0.13725491 0.11764706]  [0.28235295 0.12941177 0.10588235]  ...  [0.3882353  0.33333334 0.31764707]  [0.38039216 0.32941177 0.30980393]  [0.3764706  0.3254902  0.30980393]]]",2.4097130142035894,35304,/home/amos/media/tv/The X-Files S01-S11 BluRay 10Bit 1080p Dts-HDMa5 1 HEVC-d3g/The X-Files S08 br 10bit dts hevc-d3g/The.X-Files.S08E07.Via.Negativa.1080p.BluRay.10Bit.Dts-HDMa5.1.HEVC-d3g.mkv349,1080,1920,0,168,456,541,168,107424,0.052,"[[[0.03529412 0.01960784 0.01176471]  [0.03529412 0.01960784 0.00784314]  [0.03529412 0.01960784 0.00392157]  ...  [0.0627451  0.02745098 0.02352941]  [0.0627451  0.02745098 0.02352941]  [0.0627451  0.02745098 0.02352941]] [[0.03529412 0.01960784 0.01176471]  [0.03529412 0.01960784 0.00784314]  [0.03529412 0.01960784 0.00784314]  ...  [0.0627451  0.02745098 0.02352941]  [0.0627451  0.02745098 0.02352941]  [0.0627451  0.02745098 0.02352941]] [[0.03529412 0.01960784 0.01176471]  [0.03529412 0.01960784 0.01176471]  [0.03529412 0.01960784 0.00784314]  ...  [0.0627451  0.02745098 0.02352941]  [0.0627451  0.02745098 0.02352941]  [0.0627451  0.02745098 0.02352941]] ... [[0.10196079 0.07450981 0.05882353]  [0.1254902  0.07843138 0.0627451 ]  [0.14509805 0.08627451 0.06666667]  ...  [0.07843138 0.05098039 0.03529412]  [0.08235294 0.05490196 0.03529412]  [0.08235294 0.05490196 0.03529412]] [[0.10196079 0.07450981 0.05882353]  [0.1254902  0.07843138 0.05882353]  [0.14509805 0.08627451 0.06666667]  ...  [0.08235294 0.05490196 0.03921569]  [0.08235294 0.05490196 0.03921569]  [0.08235294 0.05490196 0.03921569]] [[0.10196079 0.07450981 0.05882353]  [0.12156863 0.07450981 0.05882353]  [0.14509805 0.08627451 0.06666667]  ...  [0.08235294 0.05490196 0.03921569]  [0.08627451 0.05882353 0.04313726]  [0.08627451 0.05882353 0.04313726]]]",1.1231161294854246,35328,/home/amos/media/tv/The X-Files S01-S11 BluRay 10Bit 1080p Dts-HDMa5 1 HEVC-d3g/The X-Files S08 br 10bit dts hevc-d3g/The.X-Files.S08E07.Via.Negativa.1080p.BluRay.10Bit.Dts-HDMa5.1.HEVC-d3g.mkv350,1080,1920,0,178,460,546,178,103776,0.05,"[[[0.05490196 0.02745098 0.01960784]  [0.05882353 0.03137255 0.02352941]  [0.0627451  0.03137255 0.02352941]  ...  [0.07450981 0.02745098 0.01568628]  [0.07450981 0.02745098 0.01568628]  [0.07450981 0.02745098 0.01568628]] [[0.05490196 0.02745098 0.01960784]  [0.05490196 0.02745098 0.01960784]  [0.0627451  0.03137255 0.02352941]  ...  [0.07450981 0.02745098 0.01568628]  [0.07450981 0.02745098 0.01568628]  [0.07450981 0.02745098 0.01568628]] [[0.05098039 0.02352941 0.01568628]  [0.05490196 0.02745098 0.01960784]  [0.0627451  0.03137255 0.01960784]  ...  [0.07450981 0.02745098 0.01568628]  [0.07450981 0.02745098 0.01568628]  [0.07450981 0.02745098 0.01568628]] ... [[0.19215687 0.10196079 0.08235294]  [0.19607843 0.10588235 0.08627451]  [0.2        0.10980392 0.08235294]  ...  [0.06666667 0.02745098 0.02352941]  [0.06666667 0.02745098 0.02352941]  [0.06666667 0.02745098 0.02352941]] [[0.19607843 0.10588235 0.08627451]  [0.2        0.10980392 0.09019608]  [0.20392157 0.10980392 0.08627451]  ...  [0.0627451  0.02352941 0.01960784]  [0.0627451  0.02352941 0.01960784]  [0.06666667 0.02745098 0.02352941]] [[0.19215687 0.10588235 0.08627451]  [0.19607843 0.10980392 0.09019608]  [0.20392157 0.11372549 0.08627451]  ...  [0.05882353 0.01960784 0.01568628]  [0.0627451  0.02352941 0.01568628]  [0.06666667 0.02745098 0.02352941]]]",4.137942967994604,35352,/home/amos/media/tv/The X-Files S01-S11 BluRay 10Bit 1080p Dts-HDMa5 1 HEVC-d3g/The X-Files S08 br 10bit dts hevc-d3g/The.X-Files.S08E07.Via.Negativa.1080p.BluRay.10Bit.Dts-HDMa5.1.HEVC-d3g.mkv351,1080,1920,0,61,398,1399,61,450906,0.217,"[[[0.34117648 0.22745098 0.21568628]  [0.34117648 0.22745098 0.21568628]  [0.32941177 0.21960784 0.20392157]  ...  [0.13725491 0.06666667 0.05490196]  [0.12941177 0.05882353 0.04705882]  [0.12941177 0.05882353 0.04705882]] [[0.34117648 0.22745098 0.21568628]  [0.34117648 0.22745098 0.21568628]  [0.32941177 0.21960784 0.20784314]  ...  [0.13725491 0.06666667 0.05490196]  [0.12941177 0.05882353 0.04705882]  [0.12941177 0.05882353 0.04705882]] [[0.34117648 0.22745098 0.21176471]  [0.34117648 0.22745098 0.21176471]  [0.32941177 0.21568628 0.20392157]  ...  [0.14117648 0.07058824 0.05490196]  [0.13333334 0.0627451  0.05098039]  [0.13333334 0.0627451  0.05098039]] ... [[0.5372549  0.41568628 0.38039216]  [0.5372549  0.41568628 0.38039216]  [0.5372549  0.41568628 0.38039216]  ...  [0.08627451 0.05882353 0.03921569]  [0.09019608 0.0627451  0.04313726]  [0.09019608 0.0627451  0.04313726]] [[0.5411765  0.41960785 0.38431373]  [0.5411765  0.41960785 0.38431373]  [0.5372549  0.41568628 0.38039216]  ...  [0.08627451 0.05882353 0.03921569]  [0.09019608 0.0627451  0.04313726]  [0.09019608 0.0627451  0.04313726]] [[0.5411765  0.41960785 0.38431373]  [0.5411765  0.41960785 0.38431373]  [0.5372549  0.41568628 0.38039216]  ...  [0.08627451 0.05882353 0.03921569]  [0.09019608 0.0627451  0.04313726]  [0.09019608 0.0627451  0.04313726]]]",1.9433221527724527,35880,/home/amos/media/tv/The X-Files S01-S11 BluRay 10Bit 1080p Dts-HDMa5 1 HEVC-d3g/The X-Files S08 br 10bit dts hevc-d3g/The.X-Files.S08E07.Via.Negativa.1080p.BluRay.10Bit.Dts-HDMa5.1.HEVC-d3g.mkv352,1080,1920,0,79,644,1077,79,563870,0.272,"[[[0.14509805 0.10588235 0.10196079]  [0.14509805 0.10588235 0.10196079]  [0.14117648 0.09803922 0.09411765]  ...  [0.28627452 0.20392157 0.18039216]  [0.28235295 0.2        0.1764706 ]  [0.28235295 0.2        0.1764706 ]] [[0.14509805 0.10588235 0.10196079]  [0.14509805 0.10588235 0.10196079]  [0.14117648 0.09803922 0.09411765]  ...  [0.28627452 0.20392157 0.18039216]  [0.28235295 0.2        0.1764706 ]  [0.28235295 0.2        0.1764706 ]] [[0.14509805 0.10588235 0.10196079]  [0.14509805 0.10588235 0.10196079]  [0.14117648 0.09803922 0.09411765]  ...  [0.28627452 0.20392157 0.18039216]  [0.28235295 0.2        0.1764706 ]  [0.28235295 0.2        0.1764706 ]] ... [[0.15294118 0.11764706 0.10980392]  [0.15294118 0.11764706 0.10980392]  [0.15294118 0.11372549 0.10980392]  ...  [0.2509804  0.15686275 0.14901961]  [0.23921569 0.14901961 0.13725491]  [0.23921569 0.14509805 0.13333334]] [[0.15686275 0.11764706 0.11372549]  [0.15686275 0.11764706 0.11372549]  [0.15294118 0.11372549 0.10980392]  ...  [0.2509804  0.15686275 0.14901961]  [0.23921569 0.14509805 0.13725491]  [0.23921569 0.14509805 0.13725491]] [[0.15686275 0.11764706 0.11372549]  [0.15686275 0.11764706 0.11372549]  [0.15294118 0.11372549 0.10980392]  ...  [0.2509804  0.15686275 0.14901961]  [0.23921569 0.14509805 0.13725491]  [0.23921569 0.14509805 0.13725491]]]",0.44788500684080645,36384,/home/amos/media/tv/The X-Files S01-S11 BluRay 10Bit 1080p Dts-HDMa5 1 HEVC-d3g/The X-Files S08 br 10bit dts hevc-d3g/The.X-Files.S08E07.Via.Negativa.1080p.BluRay.10Bit.Dts-HDMa5.1.HEVC-d3g.mkv353,1080,1920,0,383,172,876,383,104023,0.05,"[[[0.05882353 0.01960784 0.02745098]  [0.0627451  0.02352941 0.03137255]  [0.07058824 0.03137255 0.03921569]  ...  [0.14117648 0.10196079 0.10588235]  [0.12941177 0.09019608 0.09411765]  [0.14117648 0.09803922 0.10588235]] [[0.0627451  0.02352941 0.03137255]  [0.06666667 0.02745098 0.03529412]  [0.07058824 0.03137255 0.03921569]  ...  [0.14901961 0.10980392 0.11372549]  [0.13725491 0.09803922 0.10196079]  [0.13333334 0.09803922 0.09803922]] [[0.06666667 0.02745098 0.03529412]  [0.07058824 0.03137255 0.04313726]  [0.07058824 0.03137255 0.03921569]  ...  [0.14901961 0.10980392 0.10980392]  [0.14509805 0.10588235 0.10588235]  [0.13725491 0.09803922 0.09803922]] ... [[0.28235295 0.24705882 0.24313726]  [0.17254902 0.14117648 0.13333334]  [0.07843138 0.04313726 0.03921569]  ...  [0.19607843 0.15686275 0.14117648]  [0.20392157 0.16470589 0.14901961]  [0.19607843 0.15686275 0.14509805]] [[0.17254902 0.13333334 0.12941177]  [0.07843138 0.03921569 0.03921569]  [0.04705882 0.00784314 0.01176471]  ...  [0.19607843 0.15686275 0.14117648]  [0.20392157 0.16470589 0.14901961]  [0.2        0.16078432 0.14509805]] [[0.07450981 0.03529412 0.02745098]  [0.05490196 0.01568628 0.01568628]  [0.0627451  0.02352941 0.02745098]  ...  [0.19607843 0.15686275 0.14117648]  [0.1882353  0.15294118 0.13333334]  [0.19215687 0.15294118 0.13725491]]]",5.192421142884996,36600,/home/amos/media/tv/The X-Files S01-S11 BluRay 10Bit 1080p Dts-HDMa5 1 HEVC-d3g/The X-Files S08 br 10bit dts hevc-d3g/The.X-Files.S08E07.Via.Negativa.1080p.BluRay.10Bit.Dts-HDMa5.1.HEVC-d3g.mkv354,1080,1920,0,310,267,807,310,21371,0.01,"[[[0.07843138 0.05882353 0.05882353]  [0.07843138 0.05882353 0.05882353]  [0.07450981 0.05490196 0.05490196]  ...  [0.04313726 0.01568628 0.01960784]  [0.04705882 0.01960784 0.02352941]  [0.05882353 0.02745098 0.03137255]] [[0.08235294 0.0627451  0.0627451 ]  [0.07843138 0.05882353 0.05882353]  [0.08235294 0.0627451  0.0627451 ]  ...  [0.05098039 0.01960784 0.02745098]  [0.05490196 0.02745098 0.03137255]  [0.05490196 0.02745098 0.03137255]] [[0.07843138 0.05882353 0.05882353]  [0.07450981 0.05490196 0.05490196]  [0.07843138 0.05882353 0.05882353]  ...  [0.05098039 0.02352941 0.02745098]  [0.05490196 0.02745098 0.03137255]  [0.04705882 0.01960784 0.02352941]] ... [[0.07843138 0.05882353 0.05098039]  [0.07843138 0.05882353 0.05490196]  [0.09019608 0.07058824 0.0627451 ]  ...  [0.1254902  0.06666667 0.05490196]  [0.1254902  0.06666667 0.05490196]  [0.12941177 0.07058824 0.05882353]] [[0.08235294 0.0627451  0.05490196]  [0.07843138 0.05882353 0.05490196]  [0.08235294 0.06666667 0.05490196]  ...  [0.12941177 0.07058824 0.05490196]  [0.1254902  0.06666667 0.05098039]  [0.1254902  0.06666667 0.05098039]] [[0.09019608 0.07058824 0.05882353]  [0.08235294 0.0627451  0.05098039]  [0.08235294 0.0627451  0.05098039]  ...  [0.1254902  0.06666667 0.04705882]  [0.12941177 0.07058824 0.05098039]  [0.12941177 0.07058824 0.05098039]]]",7.716713945148513,36648,/home/amos/media/tv/The X-Files S01-S11 BluRay 10Bit 1080p Dts-HDMa5 1 HEVC-d3g/The X-Files S08 br 10bit dts hevc-d3g/The.X-Files.S08E07.Via.Negativa.1080p.BluRay.10Bit.Dts-HDMa5.1.HEVC-d3g.mkv355,1080,1920,0,399,180,488,399,19491,0.009,"[[[0.18431373 0.11764706 0.10980392]  [0.19607843 0.12941177 0.12156863]  [0.21176471 0.14509805 0.13725491]  ...  [0.03529412 0.02745098 0.03137255]  [0.02745098 0.01960784 0.02352941]  [0.02745098 0.01960784 0.02352941]] [[0.16078432 0.09411765 0.08627451]  [0.16862746 0.10196079 0.09411765]  [0.18039216 0.11372549 0.10588235]  ...  [0.03529412 0.02745098 0.03137255]  [0.03529412 0.02745098 0.03137255]  [0.03529412 0.02745098 0.03137255]] [[0.16078432 0.09411765 0.08627451]  [0.16078432 0.09411765 0.08627451]  [0.16078432 0.09411765 0.08627451]  ...  [0.03921569 0.03137255 0.03529412]  [0.03921569 0.03137255 0.03529412]  [0.03921569 0.03137255 0.03529412]] ... [[0.07843138 0.05098039 0.04705882]  [0.07450981 0.04705882 0.04313726]  [0.07843138 0.05098039 0.04705882]  ...  [0.01568628 0.01176471 0.01568628]  [0.01176471 0.00784314 0.01176471]  [0.01176471 0.00784314 0.01176471]] [[0.06666667 0.03921569 0.03529412]  [0.0627451  0.03529412 0.03137255]  [0.07450981 0.04705882 0.04313726]  ...  [0.01568628 0.00784314 0.01568628]  [0.01176471 0.00392157 0.01176471]  [0.01176471 0.00392157 0.01176471]] [[0.06666667 0.03921569 0.03529412]  [0.06666667 0.03921569 0.03529412]  [0.07450981 0.04705882 0.04313726]  ...  [0.01176471 0.00392157 0.01176471]  [0.01176471 0.00392157 0.01176471]  [0.01176471 0.00392157 0.01176471]]]",6.982747153553646,36672,/home/amos/media/tv/The X-Files S01-S11 BluRay 10Bit 1080p Dts-HDMa5 1 HEVC-d3g/The X-Files S08 br 10bit dts hevc-d3g/The.X-Files.S08E07.Via.Negativa.1080p.BluRay.10Bit.Dts-HDMa5.1.HEVC-d3g.mkv356,1080,1920,1,199,643,1536,199,593628,0.286,"[[[0.5294118  0.40392157 0.31764707]  [0.5294118  0.40392157 0.31764707]  [0.5137255  0.38431373 0.29803923]  ...  [0.85882354 0.78039217 0.6666667 ]  [0.85490197 0.7764706  0.6627451 ]  [0.84705883 0.76862746 0.654902  ]] [[0.5294118  0.40392157 0.3137255 ]  [0.5254902  0.4        0.30980393]  [0.52156866 0.39607844 0.29803923]  ...  [0.85882354 0.78039217 0.6666667 ]  [0.84313726 0.7647059  0.6509804 ]  [0.827451   0.7490196  0.63529414]] [[0.53333336 0.40784314 0.3137255 ]  [0.53333336 0.4117647  0.3137255 ]  [0.5372549  0.40784314 0.30980393]  ...  [0.8627451  0.78431374 0.67058825]  [0.8392157  0.7607843  0.64705884]  [0.8156863  0.7372549  0.62352943]] ... [[0.5882353  0.20392157 0.13725491]  [0.5803922  0.19607843 0.12941177]  [0.5686275  0.18039216 0.12941177]  ...  [0.6313726  0.5019608  0.34509805]  [0.6313726  0.49803922 0.34117648]  [0.6313726  0.5019608  0.34509805]] [[0.5921569  0.20784314 0.14117648]  [0.5764706  0.19215687 0.1254902 ]  [0.5529412  0.17254902 0.11764706]  ...  [0.6431373  0.5176471  0.3529412 ]  [0.6431373  0.5176471  0.3529412 ]  [0.6431373  0.5176471  0.3529412 ]] [[0.5882353  0.20784314 0.14117648]  [0.5803922  0.2        0.13333334]  [0.5647059  0.1882353  0.13333334]  ...  [0.654902   0.53333336 0.36862746]  [0.65882355 0.5372549  0.37254903]  [0.6509804  0.5294118  0.3647059 ]]]",2.270899028459098,36672,/home/amos/media/tv/The X-Files S01-S11 BluRay 10Bit 1080p Dts-HDMa5 1 HEVC-d3g/The X-Files S08 br 10bit dts hevc-d3g/The.X-Files.S08E07.Via.Negativa.1080p.BluRay.10Bit.Dts-HDMa5.1.HEVC-d3g.mkv357,1080,1920,0,342,191,788,342,67346,0.032,"[[[0.39607844 0.35686275 0.3529412 ]  [0.36078432 0.32156864 0.31764707]  [0.38431373 0.34509805 0.3372549 ]  ...  [0.04313726 0.00784314 0.02352941]  [0.04313726 0.00784314 0.02352941]  [0.03921569 0.00392157 0.01960784]] [[0.34509805 0.30980393 0.29803923]  [0.34509805 0.30980393 0.29803923]  [0.4        0.3647059  0.3529412 ]  ...  [0.04313726 0.00784314 0.02352941]  [0.04313726 0.00784314 0.02352941]  [0.04313726 0.00784314 0.02352941]] [[0.3764706  0.34117648 0.32941177]  [0.35686275 0.3254902  0.30980393]  [0.3764706  0.34509805 0.3254902 ]  ...  [0.04313726 0.00392157 0.02352941]  [0.04313726 0.00392157 0.02352941]  [0.04705882 0.00784314 0.02745098]] ... [[0.34117648 0.3254902  0.3254902 ]  [0.34509805 0.32941177 0.3254902 ]  [0.34901962 0.33333334 0.33333334]  ...  [0.16078432 0.10588235 0.09803922]  [0.18431373 0.13333334 0.12156863]  [0.22352941 0.17254902 0.16078432]] [[0.3372549  0.32156864 0.32156864]  [0.32941177 0.31764707 0.30980393]  [0.32941177 0.3137255  0.3137255 ]  ...  [0.1254902  0.07058824 0.05882353]  [0.15294118 0.10196079 0.09019608]  [0.2        0.14901961 0.13725491]] [[0.34509805 0.32941177 0.3372549 ]  [0.3372549  0.31764707 0.32941177]  [0.3372549  0.31764707 0.33333334]  ...  [0.10588235 0.05490196 0.04313726]  [0.13725491 0.08627451 0.07450981]  [0.16862746 0.11764706 0.10588235]]]",9.053937984921504,36768,/home/amos/media/tv/The X-Files S01-S11 BluRay 10Bit 1080p Dts-HDMa5 1 HEVC-d3g/The X-Files S08 br 10bit dts hevc-d3g/The.X-Files.S08E07.Via.Negativa.1080p.BluRay.10Bit.Dts-HDMa5.1.HEVC-d3g.mkv358,1080,1920,0,168,351,1004,168,152988,0.074,"[[[0.05098039 0.03921569 0.04705882]  [0.05098039 0.03921569 0.04705882]  [0.05098039 0.03529412 0.04313726]  ...  [0.11764706 0.09803922 0.11372549]  [0.10980392 0.09411765 0.10588235]  [0.10196079 0.08627451 0.09803922]] [[0.05490196 0.04313726 0.05098039]  [0.05490196 0.04313726 0.05098039]  [0.05098039 0.03921569 0.04705882]  ...  [0.11764706 0.09803922 0.10980392]  [0.10980392 0.09411765 0.10588235]  [0.10196079 0.08627451 0.09803922]] [[0.05490196 0.04313726 0.05098039]  [0.05490196 0.04313726 0.05098039]  [0.05490196 0.04313726 0.05098039]  ...  [0.10980392 0.09411765 0.10588235]  [0.10196079 0.08627451 0.09803922]  [0.09803922 0.08235294 0.09411765]] ... [[0.09411765 0.05882353 0.05490196]  [0.09019608 0.05490196 0.05098039]  [0.08235294 0.05098039 0.04705882]  ...  [0.0627451  0.03921569 0.04705882]  [0.05882353 0.04313726 0.05098039]  [0.05882353 0.04313726 0.05098039]] [[0.10196079 0.06666667 0.0627451 ]  [0.09411765 0.05882353 0.05490196]  [0.09019608 0.05490196 0.05098039]  ...  [0.06666667 0.04313726 0.05098039]  [0.05882353 0.04313726 0.05098039]  [0.05882353 0.04313726 0.05098039]] [[0.10588235 0.07058824 0.06666667]  [0.10196079 0.06666667 0.0627451 ]  [0.09411765 0.05882353 0.05882353]  ...  [0.07058824 0.04705882 0.05098039]  [0.06666667 0.04313726 0.05098039]  [0.0627451  0.04313726 0.04705882]]]",7.3333100459421985,36792,/home/amos/media/tv/The X-Files S01-S11 BluRay 10Bit 1080p Dts-HDMa5 1 HEVC-d3g/The X-Files S08 br 10bit dts hevc-d3g/The.X-Files.S08E07.Via.Negativa.1080p.BluRay.10Bit.Dts-HDMa5.1.HEVC-d3g.mkv359,1080,1920,0,184,334,985,184,120150,0.058,"[[[0.06666667 0.05490196 0.05490196]  [0.06666667 0.05490196 0.05490196]  [0.06666667 0.05490196 0.05490196]  ...  [0.07058824 0.05490196 0.0627451 ]  [0.07058824 0.05490196 0.0627451 ]  [0.07058824 0.05490196 0.0627451 ]] [[0.0627451  0.05098039 0.05098039]  [0.0627451  0.05098039 0.05098039]  [0.0627451  0.05098039 0.05098039]  ...  [0.07450981 0.05882353 0.06666667]  [0.07450981 0.05882353 0.06666667]  [0.06666667 0.05098039 0.05882353]] [[0.0627451  0.05098039 0.05098039]  [0.0627451  0.05098039 0.05098039]  [0.0627451  0.05098039 0.05098039]  ...  [0.07058824 0.05490196 0.0627451 ]  [0.07058824 0.05490196 0.0627451 ]  [0.0627451  0.04705882 0.05490196]] ... [[0.10196079 0.0627451  0.0627451 ]  [0.10196079 0.0627451  0.0627451 ]  [0.10588235 0.06666667 0.06666667]  ...  [0.09019608 0.07450981 0.07058824]  [0.09019608 0.07450981 0.07450981]  [0.09411765 0.07843138 0.07843138]] [[0.10196079 0.0627451  0.0627451 ]  [0.10196079 0.0627451  0.0627451 ]  [0.10588235 0.06666667 0.06666667]  ...  [0.09411765 0.07843138 0.07450981]  [0.09411765 0.07843138 0.07450981]  [0.09411765 0.07843138 0.07843138]] [[0.10196079 0.0627451  0.0627451 ]  [0.10196079 0.0627451  0.0627451 ]  [0.10588235 0.06666667 0.06666667]  ...  [0.09411765 0.07843138 0.07843138]  [0.09411765 0.07843138 0.07843138]  [0.09019608 0.07450981 0.07450981]]]",5.551667048071977,36816,/home/amos/media/tv/The X-Files S01-S11 BluRay 10Bit 1080p Dts-HDMa5 1 HEVC-d3g/The X-Files S08 br 10bit dts hevc-d3g/The.X-Files.S08E07.Via.Negativa.1080p.BluRay.10Bit.Dts-HDMa5.1.HEVC-d3g.mkv360,1080,1920,0,410,171,910,410,119500,0.058,"[[[0.10196079 0.05882353 0.05882353]  [0.09411765 0.05098039 0.05098039]  [0.08627451 0.04313726 0.04313726]  ...  [0.08235294 0.05882353 0.05882353]  [0.08235294 0.05882353 0.05882353]  [0.08235294 0.05490196 0.05490196]] [[0.09019608 0.04705882 0.04705882]  [0.08627451 0.04313726 0.04313726]  [0.07450981 0.03137255 0.03137255]  ...  [0.08235294 0.05490196 0.05490196]  [0.08235294 0.05490196 0.05490196]  [0.08235294 0.05490196 0.05490196]] [[0.08235294 0.03921569 0.03921569]  [0.08235294 0.03921569 0.03921569]  [0.07843138 0.03529412 0.03529412]  ...  [0.08627451 0.05882353 0.05882353]  [0.08627451 0.05882353 0.05882353]  [0.09019608 0.0627451  0.0627451 ]] ... [[0.5529412  0.5019608  0.49019608]  [0.46666667 0.40392157 0.3882353 ]  [0.5137255  0.42352942 0.41568628]  ...  [0.1764706  0.13725491 0.13333334]  [0.13333334 0.09411765 0.09019608]  [0.10980392 0.07058824 0.06666667]] [[0.5411765  0.49411765 0.48235294]  [0.5294118  0.47843137 0.4627451 ]  [0.54901963 0.4862745  0.46666667]  ...  [0.17254902 0.13333334 0.12941177]  [0.14509805 0.10588235 0.10196079]  [0.12156863 0.08235294 0.07843138]] [[0.5019608  0.4509804  0.4392157 ]  [0.5137255  0.4627451  0.44705883]  [0.5058824  0.45882353 0.43529412]  ...  [0.1764706  0.13725491 0.13333334]  [0.15686275 0.11764706 0.10980392]  [0.1254902  0.08627451 0.08235294]]]",7.22956510738004,36840,/home/amos/media/tv/The X-Files S01-S11 BluRay 10Bit 1080p Dts-HDMa5 1 HEVC-d3g/The X-Files S08 br 10bit dts hevc-d3g/The.X-Files.S08E07.Via.Negativa.1080p.BluRay.10Bit.Dts-HDMa5.1.HEVC-d3g.mkv361,1080,1920,0,281,198,826,281,45235,0.022,"[[[0.34901962 0.3137255  0.29803923]  [0.3372549  0.3019608  0.28627452]  [0.3372549  0.3019608  0.28627452]  ...  [0.22352941 0.09411765 0.07843138]  [0.21960784 0.09019608 0.07450981]  [0.21568628 0.08627451 0.07058824]] [[0.34117648 0.30588236 0.2901961 ]  [0.3372549  0.3019608  0.28627452]  [0.33333334 0.29803923 0.28235295]  ...  [0.22745098 0.09803922 0.08235294]  [0.22745098 0.09803922 0.08235294]  [0.22352941 0.09411765 0.07843138]] [[0.34509805 0.30980393 0.29411766]  [0.34509805 0.30980393 0.29411766]  [0.34117648 0.30588236 0.2901961 ]  ...  [0.22745098 0.09803922 0.08235294]  [0.22745098 0.09803922 0.08235294]  [0.22745098 0.09803922 0.08235294]] ... [[0.32156864 0.29411766 0.2784314 ]  [0.3254902  0.29803923 0.28235295]  [0.32941177 0.3019608  0.28627452]  ...  [0.12156863 0.02745098 0.02745098]  [0.1254902  0.03137255 0.03137255]  [0.12156863 0.02745098 0.02745098]] [[0.30980393 0.28235295 0.26666668]  [0.3254902  0.29803923 0.28235295]  [0.34901962 0.32156864 0.30588236]  ...  [0.1254902  0.03137255 0.03137255]  [0.12156863 0.03137255 0.03137255]  [0.12156863 0.02745098 0.02745098]] [[0.30588236 0.2784314  0.2627451 ]  [0.30980393 0.28235295 0.26666668]  [0.3372549  0.30980393 0.29411766]  ...  [0.1254902  0.03137255 0.03137255]  [0.12156863 0.02745098 0.02745098]  [0.1254902  0.03137255 0.03137255]]]",0.9537201042985544,36864,/home/amos/media/tv/The X-Files S01-S11 BluRay 10Bit 1080p Dts-HDMa5 1 HEVC-d3g/The X-Files S08 br 10bit dts hevc-d3g/The.X-Files.S08E07.Via.Negativa.1080p.BluRay.10Bit.Dts-HDMa5.1.HEVC-d3g.mkv362,1080,1920,0,441,120,505,441,20544,0.01,"[[[0.21568628 0.14117648 0.1254902 ]  [0.23529412 0.16078432 0.14509805]  [0.23529412 0.16078432 0.14509805]  ...  [0.00392157 0.         0.00392157]  [0.00392157 0.         0.00784314]  [0.00784314 0.         0.00784314]] [[0.22352941 0.14901961 0.13333334]  [0.24705882 0.17254902 0.15686275]  [0.23921569 0.16470589 0.14901961]  ...  [0.01176471 0.00392157 0.01176471]  [0.01176471 0.00392157 0.01568628]  [0.00784314 0.         0.00784314]] [[0.19215687 0.11764706 0.10196079]  [0.20392157 0.12941177 0.11372549]  [0.18039216 0.10588235 0.09019608]  ...  [0.01568628 0.00392157 0.01568628]  [0.01568628 0.00784314 0.01960784]  [0.00784314 0.00392157 0.00784314]] ... [[0.13333334 0.09411765 0.07058824]  [0.12941177 0.09019608 0.07058824]  [0.11764706 0.08235294 0.0627451 ]  ...  [0.00784314 0.         0.        ]  [0.00784314 0.         0.00392157]  [0.01176471 0.00392157 0.00784314]] [[0.10980392 0.07450981 0.05882353]  [0.11372549 0.07843138 0.0627451 ]  [0.11372549 0.07843138 0.0627451 ]  ...  [0.00784314 0.         0.        ]  [0.01176471 0.00392157 0.00784314]  [0.01176471 0.00392157 0.00784314]] [[0.10196079 0.06666667 0.05098039]  [0.09803922 0.0627451  0.04705882]  [0.10196079 0.06666667 0.05098039]  ...  [0.01568628 0.00784314 0.00784314]  [0.00784314 0.         0.00784314]  [0.00784314 0.         0.00784314]]]",1.9016162447514944,36888,/home/amos/media/tv/The X-Files S01-S11 BluRay 10Bit 1080p Dts-HDMa5 1 HEVC-d3g/The X-Files S08 br 10bit dts hevc-d3g/The.X-Files.S08E07.Via.Negativa.1080p.BluRay.10Bit.Dts-HDMa5.1.HEVC-d3g.mkv363,1080,1920,1,206,645,1588,206,606698,0.293,"[[[0.5019608  0.38039216 0.27450982]  [0.5411765  0.41960785 0.30980393]  [0.54509807 0.42352942 0.31764707]  ...  [0.62352943 0.5058824  0.37254903]  [0.6431373  0.52156866 0.3882353 ]  [0.6431373  0.52156866 0.3882353 ]] [[0.50980395 0.3882353  0.28627452]  [0.53333336 0.4117647  0.30980393]  [0.5372549  0.41568628 0.3137255 ]  ...  [0.6313726  0.5137255  0.3764706 ]  [0.64705884 0.5254902  0.3882353 ]  [0.6431373  0.52156866 0.38431373]] [[0.5058824  0.38039216 0.27450982]  [0.5137255  0.3882353  0.28235295]  [0.5137255  0.3882353  0.28235295]  ...  [0.6156863  0.49411765 0.3647059 ]  [0.6392157  0.5176471  0.38431373]  [0.6392157  0.5176471  0.38431373]] ... [[0.6117647  0.19215687 0.15686275]  [0.5803922  0.16078432 0.1254902 ]  [0.5686275  0.14509805 0.11372549]  ...  [0.78431374 0.7137255  0.54509807]  [0.7764706  0.7058824  0.5372549 ]  [0.76862746 0.69803923 0.5294118 ]] [[0.60784316 0.18039216 0.14901961]  [0.5882353  0.16078432 0.12941177]  [0.58431375 0.15294118 0.1254902 ]  ...  [0.79607844 0.7294118  0.56078434]  [0.7764706  0.7058824  0.5372549 ]  [0.76862746 0.69803923 0.5294118 ]] [[0.6156863  0.18431373 0.15294118]  [0.59607846 0.16470589 0.13333334]  [0.59607846 0.16078432 0.13333334]  ...  [0.8039216  0.7372549  0.57254905]  [0.78431374 0.7176471  0.54509807]  [0.76862746 0.7019608  0.5294118 ]]]",2.0525380836916156,36888,/home/amos/media/tv/The X-Files S01-S11 BluRay 10Bit 1080p Dts-HDMa5 1 HEVC-d3g/The X-Files S08 br 10bit dts hevc-d3g/The.X-Files.S08E07.Via.Negativa.1080p.BluRay.10Bit.Dts-HDMa5.1.HEVC-d3g.mkv364,1080,1920,0,458,191,542,458,22428,0.011,"[[[0.2        0.1254902  0.10196079]  [0.20784314 0.12941177 0.10980392]  [0.2        0.12156863 0.09803922]  ...  [0.02352941 0.01176471 0.01176471]  [0.02352941 0.01176471 0.01176471]  [0.02745098 0.01568628 0.01568628]] [[0.22352941 0.14117648 0.12941177]  [0.20392157 0.12156863 0.10980392]  [0.2        0.11764706 0.10196079]  ...  [0.02352941 0.01176471 0.01176471]  [0.02352941 0.01176471 0.01176471]  [0.02352941 0.01176471 0.01176471]] [[0.21568628 0.13333334 0.12156863]  [0.19215687 0.10980392 0.09803922]  [0.17254902 0.09019608 0.07843138]  ...  [0.01960784 0.00784314 0.01176471]  [0.01960784 0.00784314 0.01176471]  [0.01960784 0.00784314 0.01176471]] ... [[0.09803922 0.07450981 0.05882353]  [0.11764706 0.09019608 0.07450981]  [0.14509805 0.10980392 0.09803922]  ...  [0.00392157 0.         0.00392157]  [0.00784314 0.         0.00784314]  [0.00784314 0.         0.00784314]] [[0.09803922 0.07450981 0.05882353]  [0.12156863 0.09803922 0.08235294]  [0.14901961 0.10980392 0.10196079]  ...  [0.00392157 0.         0.00392157]  [0.00392157 0.         0.00392157]  [0.00392157 0.         0.00392157]] [[0.12941177 0.09803922 0.08235294]  [0.14117648 0.10980392 0.09411765]  [0.15294118 0.12156863 0.10588235]  ...  [0.00392157 0.         0.00392157]  [0.00392157 0.         0.00392157]  [0.00392157 0.         0.00392157]]]",0.3399261992308311,36912,/home/amos/media/tv/The X-Files S01-S11 BluRay 10Bit 1080p Dts-HDMa5 1 HEVC-d3g/The X-Files S08 br 10bit dts hevc-d3g/The.X-Files.S08E07.Via.Negativa.1080p.BluRay.10Bit.Dts-HDMa5.1.HEVC-d3g.mkv365,1080,1920,0,165,249,896,165,61404,0.03,"[[[0.11764706 0.08627451 0.08627451]  [0.12156863 0.08627451 0.08627451]  [0.12156863 0.09019608 0.09019608]  ...  [0.20784314 0.09803922 0.09019608]  [0.19607843 0.09019608 0.07843138]  [0.18431373 0.07843138 0.06666667]] [[0.11372549 0.08235294 0.08235294]  [0.11372549 0.08235294 0.08235294]  [0.11372549 0.08235294 0.08235294]  ...  [0.20392157 0.09411765 0.08627451]  [0.2        0.09411765 0.08235294]  [0.19215687 0.08627451 0.07450981]] [[0.10980392 0.07843138 0.07843138]  [0.10588235 0.07450981 0.07450981]  [0.10588235 0.07450981 0.07450981]  ...  [0.2        0.09411765 0.08235294]  [0.20392157 0.09411765 0.08627451]  [0.2        0.09411765 0.08235294]] ... [[0.16862746 0.09803922 0.08235294]  [0.16470589 0.09411765 0.07843138]  [0.16862746 0.09411765 0.07843138]  ...  [0.07058824 0.01568628 0.01568628]  [0.07058824 0.01568628 0.01960784]  [0.07450981 0.01960784 0.02352941]] [[0.16862746 0.09803922 0.08235294]  [0.16470589 0.09411765 0.07843138]  [0.16862746 0.09411765 0.07843138]  ...  [0.0627451  0.00784314 0.01176471]  [0.0627451  0.00784314 0.01176471]  [0.06666667 0.01176471 0.01960784]] [[0.16862746 0.09803922 0.08235294]  [0.16470589 0.09411765 0.07843138]  [0.16862746 0.09411765 0.07843138]  ...  [0.05882353 0.00392157 0.00784314]  [0.0627451  0.00784314 0.01176471]  [0.06666667 0.01176471 0.01568628]]]",2.165941949817352,36984,/home/amos/media/tv/The X-Files S01-S11 BluRay 10Bit 1080p Dts-HDMa5 1 HEVC-d3g/The X-Files S08 br 10bit dts hevc-d3g/The.X-Files.S08E07.Via.Negativa.1080p.BluRay.10Bit.Dts-HDMa5.1.HEVC-d3g.mkv366,1080,1920,0,73,299,862,73,178314,0.086,"[[[0.22352941 0.10980392 0.09019608]  [0.22352941 0.10980392 0.09019608]  [0.22352941 0.10980392 0.09019608]  ...  [0.3137255  0.16862746 0.15686275]  [0.3137255  0.16862746 0.15686275]  [0.3137255  0.16862746 0.15686275]] [[0.22352941 0.10980392 0.09019608]  [0.22352941 0.10980392 0.09019608]  [0.22352941 0.10980392 0.09019608]  ...  [0.3137255  0.16862746 0.15686275]  [0.3137255  0.16862746 0.15686275]  [0.3137255  0.16862746 0.15686275]] [[0.22352941 0.10980392 0.09019608]  [0.22352941 0.10980392 0.09019608]  [0.22352941 0.10588235 0.09019608]  ...  [0.3137255  0.16470589 0.15294118]  [0.3137255  0.16470589 0.15294118]  [0.3137255  0.16470589 0.15294118]] ... [[0.12156863 0.04313726 0.04313726]  [0.12156863 0.04313726 0.04313726]  [0.11764706 0.03921569 0.03921569]  ...  [0.28627452 0.16078432 0.14117648]  [0.28627452 0.16078432 0.14509805]  [0.28627452 0.16078432 0.14509805]] [[0.11764706 0.03921569 0.03921569]  [0.11764706 0.03921569 0.03921569]  [0.11764706 0.03921569 0.03921569]  ...  [0.28627452 0.16078432 0.14509805]  [0.28627452 0.16078432 0.14509805]  [0.28627452 0.16078432 0.14509805]] [[0.11764706 0.03921569 0.03921569]  [0.11764706 0.03921569 0.03921569]  [0.11764706 0.03921569 0.03921569]  ...  [0.28627452 0.16078432 0.14509805]  [0.28627452 0.16078432 0.14509805]  [0.28627452 0.16078432 0.14509805]]]",3.45453910989454,37032,/home/amos/media/tv/The X-Files S01-S11 BluRay 10Bit 1080p Dts-HDMa5 1 HEVC-d3g/The X-Files S08 br 10bit dts hevc-d3g/The.X-Files.S08E07.Via.Negativa.1080p.BluRay.10Bit.Dts-HDMa5.1.HEVC-d3g.mkv367,1080,1920,0,176,89,666,176,42630,0.021,"[[[0.16078432 0.14901961 0.16470589]  [0.15686275 0.14509805 0.16078432]  [0.15294118 0.14117648 0.15686275]  ...  [0.13333334 0.09803922 0.10588235]  [0.12156863 0.08627451 0.09803922]  [0.1254902  0.09411765 0.10196079]] [[0.16470589 0.14901961 0.16862746]  [0.16470589 0.15294118 0.17254902]  [0.16470589 0.15294118 0.17254902]  ...  [0.12941177 0.09411765 0.10196079]  [0.1254902  0.09019608 0.09803922]  [0.13333334 0.09411765 0.10588235]] [[0.16862746 0.15686275 0.17254902]  [0.16862746 0.16078432 0.1764706 ]  [0.1764706  0.16470589 0.18039216]  ...  [0.13333334 0.09411765 0.09803922]  [0.13725491 0.09803922 0.10588235]  [0.14509805 0.10588235 0.11372549]] ... [[0.03137255 0.02352941 0.03921569]  [0.03529412 0.02745098 0.03921569]  [0.03529412 0.02745098 0.04313726]  ...  [0.06666667 0.05882353 0.06666667]  [0.07058824 0.0627451  0.06666667]  [0.07058824 0.0627451  0.06666667]] [[0.03137255 0.02352941 0.03921569]  [0.03137255 0.02352941 0.03921569]  [0.03529412 0.02745098 0.04313726]  ...  [0.06666667 0.0627451  0.06666667]  [0.07058824 0.0627451  0.06666667]  [0.07450981 0.06666667 0.07058824]] [[0.03137255 0.02352941 0.03921569]  [0.03137255 0.02352941 0.03921569]  [0.03137255 0.02352941 0.03921569]  ...  [0.06666667 0.0627451  0.06666667]  [0.07058824 0.0627451  0.06666667]  [0.07450981 0.06666667 0.07058824]]]",6.792977069213521,37080,/home/amos/media/tv/The X-Files S01-S11 BluRay 10Bit 1080p Dts-HDMa5 1 HEVC-d3g/The X-Files S08 br 10bit dts hevc-d3g/The.X-Files.S08E07.Via.Negativa.1080p.BluRay.10Bit.Dts-HDMa5.1.HEVC-d3g.mkv368,1080,1920,1,206,330,1120,206,113336,0.055,"[[[0.07843138 0.05098039 0.05490196]  [0.07843138 0.05098039 0.05490196]  [0.07843138 0.05098039 0.05490196]  ...  [0.0627451  0.04705882 0.05098039]  [0.0627451  0.04705882 0.05098039]  [0.0627451  0.04705882 0.05098039]] [[0.08235294 0.05490196 0.05882353]  [0.07843138 0.05098039 0.05490196]  [0.07450981 0.04705882 0.05098039]  ...  [0.0627451  0.04705882 0.05098039]  [0.0627451  0.04705882 0.05098039]  [0.0627451  0.04705882 0.05098039]] [[0.08235294 0.05490196 0.05882353]  [0.07843138 0.05098039 0.05490196]  [0.07450981 0.04705882 0.05098039]  ...  [0.05882353 0.04313726 0.04705882]  [0.0627451  0.04705882 0.05098039]  [0.0627451  0.04705882 0.05098039]] ... [[0.25882354 0.1254902  0.13725491]  [0.2627451  0.12941177 0.14117648]  [0.24705882 0.12941177 0.13725491]  ...  [0.08235294 0.07450981 0.07058824]  [0.07843138 0.07058824 0.06666667]  [0.07058824 0.0627451  0.05882353]] [[0.31764707 0.17254902 0.1882353 ]  [0.32941177 0.18431373 0.20392157]  [0.32156864 0.19607843 0.20392157]  ...  [0.08235294 0.07450981 0.06666667]  [0.07450981 0.06666667 0.0627451 ]  [0.07058824 0.0627451  0.05882353]] [[0.3529412  0.1882353  0.20784314]  [0.3764706  0.21176471 0.23137255]  [0.38039216 0.23921569 0.24705882]  ...  [0.07450981 0.06666667 0.0627451 ]  [0.07058824 0.0627451  0.05882353]  [0.07058824 0.0627451  0.05882353]]]",5.65924705931684,37080,/home/amos/media/tv/The X-Files S01-S11 BluRay 10Bit 1080p Dts-HDMa5 1 HEVC-d3g/The X-Files S08 br 10bit dts hevc-d3g/The.X-Files.S08E07.Via.Negativa.1080p.BluRay.10Bit.Dts-HDMa5.1.HEVC-d3g.mkv369,1080,1920,0,518,87,853,518,144385,0.07,"[[[0.09411765 0.07843138 0.08235294]  [0.09411765 0.07843138 0.08235294]  [0.10196079 0.08627451 0.09019608]  ...  [0.09019608 0.07058824 0.06666667]  [0.10980392 0.09019608 0.08627451]  [0.10196079 0.08235294 0.07843138]] [[0.09803922 0.08235294 0.08627451]  [0.10588235 0.09019608 0.09411765]  [0.08627451 0.07058824 0.07450981]  ...  [0.10196079 0.08235294 0.07843138]  [0.10588235 0.08627451 0.08235294]  [0.09803922 0.07843138 0.07450981]] [[0.09411765 0.07843138 0.08235294]  [0.09019608 0.07450981 0.07843138]  [0.10588235 0.08627451 0.09019608]  ...  [0.10980392 0.09019608 0.08627451]  [0.09803922 0.07843138 0.07450981]  [0.09411765 0.07450981 0.07058824]] ... [[0.12156863 0.10588235 0.13725491]  [0.12941177 0.11372549 0.14509805]  [0.1254902  0.10980392 0.14117648]  ...  [0.03921569 0.02745098 0.04313726]  [0.03921569 0.02745098 0.04313726]  [0.03921569 0.02745098 0.04313726]] [[0.12156863 0.10980392 0.13333334]  [0.13333334 0.12156863 0.14509805]  [0.11764706 0.10588235 0.12941177]  ...  [0.03921569 0.02745098 0.04313726]  [0.03921569 0.02745098 0.04313726]  [0.03921569 0.02745098 0.04313726]] [[0.08235294 0.07058824 0.09019608]  [0.08235294 0.06666667 0.08627451]  [0.0627451  0.05098039 0.07058824]  ...  [0.04313726 0.03137255 0.04705882]  [0.03921569 0.02745098 0.04313726]  [0.03921569 0.02745098 0.04313726]]]",0.9299470818368718,37296,/home/amos/media/tv/The X-Files S01-S11 BluRay 10Bit 1080p Dts-HDMa5 1 HEVC-d3g/The X-Files S08 br 10bit dts hevc-d3g/The.X-Files.S08E07.Via.Negativa.1080p.BluRay.10Bit.Dts-HDMa5.1.HEVC-d3g.mkv370,1080,1920,0,514,59,848,514,151970,0.073,"[[[0.27450982 0.28627452 0.28627452]  [0.2509804  0.2627451  0.2627451 ]  [0.2627451  0.27450982 0.27450982]  ...  [0.28235295 0.29803923 0.28627452]  [0.28235295 0.3019608  0.28627452]  [0.27450982 0.2901961  0.2784314 ]] [[0.24705882 0.2509804  0.25882354]  [0.25490198 0.25882354 0.26666668]  [0.23529412 0.23921569 0.24705882]  ...  [0.29803923 0.30980393 0.30980393]  [0.28235295 0.29803923 0.2901961 ]  [0.27450982 0.2901961  0.28235295]] [[0.23137255 0.22745098 0.23921569]  [0.23137255 0.23137255 0.24313726]  [0.23921569 0.23529412 0.24705882]  ...  [0.27450982 0.28627452 0.2901961 ]  [0.28235295 0.29411766 0.29411766]  [0.28235295 0.29411766 0.29411766]] ... [[0.08235294 0.07450981 0.10196079]  [0.09411765 0.08627451 0.11372549]  [0.09803922 0.09019608 0.11764706]  ...  [0.1882353  0.08235294 0.13333334]  [0.19607843 0.09019608 0.13333334]  [0.2        0.09803922 0.1254902 ]] [[0.10588235 0.09019608 0.12156863]  [0.09803922 0.08235294 0.11372549]  [0.10196079 0.08627451 0.11764706]  ...  [0.19215687 0.09019608 0.12941177]  [0.2        0.10196079 0.13333334]  [0.20392157 0.10588235 0.13725491]] [[0.10196079 0.08627451 0.11764706]  [0.10588235 0.09411765 0.1254902 ]  [0.10196079 0.08627451 0.11764706]  ...  [0.18431373 0.08235294 0.12156863]  [0.18039216 0.07843138 0.11764706]  [0.18039216 0.08627451 0.12156863]]]",6.138545073452406,37320,/home/amos/media/tv/The X-Files S01-S11 BluRay 10Bit 1080p Dts-HDMa5 1 HEVC-d3g/The X-Files S08 br 10bit dts hevc-d3g/The.X-Files.S08E07.Via.Negativa.1080p.BluRay.10Bit.Dts-HDMa5.1.HEVC-d3g.mkv371,1080,1920,0,517,154,601,517,30492,0.015,"[[[0.11764706 0.06666667 0.05490196]  [0.12156863 0.07058824 0.05882353]  [0.11372549 0.0627451  0.05098039]  ...  [0.47843137 0.38039216 0.32156864]  [0.4745098  0.3764706  0.31764707]  [0.5137255  0.41568628 0.35686275]] [[0.11764706 0.06666667 0.05882353]  [0.11764706 0.06666667 0.05490196]  [0.11372549 0.0627451  0.05098039]  ...  [0.45490196 0.36078432 0.29803923]  [0.46666667 0.36862746 0.30980393]  [0.52156866 0.42352942 0.3647059 ]] [[0.1254902  0.06666667 0.05882353]  [0.11372549 0.05882353 0.05098039]  [0.11372549 0.0627451  0.05098039]  ...  [0.44313726 0.34901962 0.2901961 ]  [0.44313726 0.34901962 0.2901961 ]  [0.5176471  0.42352942 0.3647059 ]] ... [[0.01568628 0.00392157 0.01960784]  [0.01568628 0.00392157 0.01960784]  [0.01568628 0.00392157 0.01960784]  ...  [0.28627452 0.1764706  0.14901961]  [0.30980393 0.19607843 0.16862746]  [0.3019608  0.1882353  0.15686275]] [[0.01568628 0.00392157 0.01960784]  [0.01568628 0.00392157 0.01960784]  [0.01568628 0.00392157 0.01960784]  ...  [0.2901961  0.1764706  0.15294118]  [0.30588236 0.19607843 0.16470589]  [0.29411766 0.18039216 0.14901961]] [[0.01568628 0.00392157 0.01960784]  [0.01568628 0.00392157 0.01960784]  [0.01568628 0.00392157 0.01960784]  ...  [0.28627452 0.17254902 0.14901961]  [0.29411766 0.18431373 0.15686275]  [0.28235295 0.16862746 0.14117648]]]",5.576375111122616,37344,/home/amos/media/tv/The X-Files S01-S11 BluRay 10Bit 1080p Dts-HDMa5 1 HEVC-d3g/The X-Files S08 br 10bit dts hevc-d3g/The.X-Files.S08E07.Via.Negativa.1080p.BluRay.10Bit.Dts-HDMa5.1.HEVC-d3g.mkv372,1080,1920,1,64,478,1306,64,514188,0.248,"[[[0.11372549 0.05098039 0.04313726]  [0.11372549 0.05098039 0.04313726]  [0.11764706 0.05490196 0.04705882]  ...  [0.33333334 0.3019608  0.27450982]  [0.33333334 0.3019608  0.27450982]  [0.33333334 0.3019608  0.27450982]] [[0.11372549 0.05098039 0.04313726]  [0.11372549 0.05098039 0.04313726]  [0.11764706 0.05490196 0.04705882]  ...  [0.33333334 0.3019608  0.27450982]  [0.33333334 0.3019608  0.27450982]  [0.33333334 0.3019608  0.27450982]] [[0.10980392 0.04705882 0.03921569]  [0.10980392 0.04705882 0.03921569]  [0.11764706 0.05490196 0.04705882]  ...  [0.3372549  0.30588236 0.2784314 ]  [0.3372549  0.3019608  0.27450982]  [0.3372549  0.3019608  0.27450982]] ... [[0.15294118 0.09019608 0.08627451]  [0.15294118 0.09019608 0.08627451]  [0.15294118 0.09019608 0.08235294]  ...  [0.3254902  0.28235295 0.23921569]  [0.32156864 0.27450982 0.23137255]  [0.32156864 0.27450982 0.23137255]] [[0.15686275 0.09411765 0.08627451]  [0.15686275 0.09411765 0.08627451]  [0.15686275 0.09411765 0.08627451]  ...  [0.32156864 0.2784314  0.23529412]  [0.31764707 0.27450982 0.23137255]  [0.31764707 0.27450982 0.23137255]] [[0.15686275 0.09411765 0.08627451]  [0.15686275 0.09411765 0.08627451]  [0.15686275 0.09411765 0.08627451]  ...  [0.32156864 0.2784314  0.23529412]  [0.31764707 0.27450982 0.23137255]  [0.31764707 0.27450982 0.23137255]]]",2.5180420541437343,37344,/home/amos/media/tv/The X-Files S01-S11 BluRay 10Bit 1080p Dts-HDMa5 1 HEVC-d3g/The X-Files S08 br 10bit dts hevc-d3g/The.X-Files.S08E07.Via.Negativa.1080p.BluRay.10Bit.Dts-HDMa5.1.HEVC-d3g.mkv373,1080,1920,0,191,447,1227,191,265216,0.128,"[[[0.14901961 0.04313726 0.04705882]  [0.14901961 0.04313726 0.04705882]  [0.15294118 0.04705882 0.04705882]  ...  [0.3254902  0.16862746 0.15294118]  [0.32156864 0.16470589 0.14901961]  [0.         0.         0.        ]] [[0.15294118 0.04705882 0.05098039]  [0.14509805 0.04705882 0.04705882]  [0.14509805 0.04313726 0.04313726]  ...  [0.32156864 0.16470589 0.14901961]  [0.3254902  0.16862746 0.15294118]  [0.         0.         0.        ]] [[0.14509805 0.04313726 0.04705882]  [0.14509805 0.04705882 0.04705882]  [0.14509805 0.04705882 0.04705882]  ...  [0.3254902  0.16862746 0.15294118]  [0.32941177 0.17254902 0.15686275]  [0.         0.         0.        ]] ... [[0.05882353 0.02352941 0.04313726]  [0.0627451  0.02745098 0.04313726]  [0.0627451  0.02745098 0.04705882]  ...  [0.16078432 0.08235294 0.09019608]  [0.17254902 0.09411765 0.09803922]  [0.         0.         0.        ]] [[0.05490196 0.01960784 0.03921569]  [0.05882353 0.02352941 0.04313726]  [0.0627451  0.02745098 0.04705882]  ...  [0.16078432 0.08235294 0.08627451]  [0.16862746 0.09019608 0.09411765]  [0.         0.         0.        ]] [[0.         0.         0.        ]  [0.         0.         0.        ]  [0.         0.         0.        ]  ...  [0.         0.         0.        ]  [0.         0.         0.        ]  [0.         0.         0.        ]]]",4.60588806954911,37440,/home/amos/media/tv/The X-Files S01-S11 BluRay 10Bit 1080p Dts-HDMa5 1 HEVC-d3g/The X-Files S08 br 10bit dts hevc-d3g/The.X-Files.S08E07.Via.Negativa.1080p.BluRay.10Bit.Dts-HDMa5.1.HEVC-d3g.mkv374,1080,1920,0,531,194,772,531,81217,0.039,"[[[0.11372549 0.09019608 0.07450981]  [0.10980392 0.08627451 0.07058824]  [0.10980392 0.08235294 0.06666667]  ...  [0.06666667 0.02745098 0.03137255]  [0.0627451  0.02745098 0.03529412]  [0.05882353 0.01960784 0.03529412]] [[0.1254902  0.10196079 0.08627451]  [0.12156863 0.09803922 0.08235294]  [0.11372549 0.09019608 0.07450981]  ...  [0.0627451  0.02352941 0.02745098]  [0.05490196 0.01960784 0.02745098]  [0.05490196 0.01960784 0.03137255]] [[0.1254902  0.10196079 0.08627451]  [0.12156863 0.09803922 0.08235294]  [0.11372549 0.09019608 0.07450981]  ...  [0.07058824 0.03137255 0.03529412]  [0.05490196 0.01960784 0.02745098]  [0.05490196 0.01960784 0.03529412]] ... [[0.19607843 0.18039216 0.19607843]  [0.20784314 0.19215687 0.20392157]  [0.20392157 0.1882353  0.18431373]  ...  [0.2        0.16470589 0.15294118]  [0.21568628 0.18039216 0.16470589]  [0.20392157 0.16862746 0.15294118]] [[0.20392157 0.19215687 0.20392157]  [0.19215687 0.1764706  0.19215687]  [0.2        0.18431373 0.18039216]  ...  [0.19607843 0.16078432 0.14509805]  [0.2        0.16470589 0.14901961]  [0.2        0.16470589 0.14901961]] [[0.19607843 0.18039216 0.19607843]  [0.19607843 0.18039216 0.19607843]  [0.20784314 0.19215687 0.1882353 ]  ...  [0.20784314 0.17254902 0.16078432]  [0.20392157 0.16862746 0.15294118]  [0.20392157 0.16862746 0.15294118]]]",7.583885950327385,37512,/home/amos/media/tv/The X-Files S01-S11 BluRay 10Bit 1080p Dts-HDMa5 1 HEVC-d3g/The X-Files S08 br 10bit dts hevc-d3g/The.X-Files.S08E07.Via.Negativa.1080p.BluRay.10Bit.Dts-HDMa5.1.HEVC-d3g.mkv375,1080,1920,0,548,97,578,548,13530,0.007,"[[[0.10588235 0.0627451  0.05098039]  [0.10588235 0.06666667 0.05490196]  [0.09803922 0.05490196 0.05098039]  ...  [0.09019608 0.03921569 0.03921569]  [0.08627451 0.03921569 0.03137255]  [0.07450981 0.02745098 0.01960784]] [[0.10196079 0.0627451  0.05098039]  [0.10196079 0.0627451  0.05098039]  [0.10196079 0.05882353 0.05490196]  ...  [0.09019608 0.03921569 0.03921569]  [0.07450981 0.02745098 0.01960784]  [0.08235294 0.03529412 0.03137255]] [[0.10980392 0.07058824 0.05882353]  [0.09803922 0.05882353 0.04705882]  [0.09411765 0.05490196 0.05098039]  ...  [0.08235294 0.03529412 0.03137255]  [0.07843138 0.03529412 0.02745098]  [0.09411765 0.04705882 0.03921569]] ... [[0.01176471 0.         0.01568628]  [0.01176471 0.         0.01568628]  [0.01176471 0.         0.01568628]  ...  [0.04313726 0.02352941 0.03137255]  [0.07058824 0.05098039 0.0627451 ]  [0.03921569 0.01568628 0.02745098]] [[0.01176471 0.         0.01568628]  [0.01176471 0.         0.01568628]  [0.01176471 0.         0.01568628]  ...  [0.03921569 0.01568628 0.02352941]  [0.05882353 0.03921569 0.04705882]  [0.04313726 0.02352941 0.03137255]] [[0.01176471 0.         0.01568628]  [0.01176471 0.         0.01568628]  [0.01176471 0.         0.01568628]  ...  [0.03137255 0.01176471 0.01568628]  [0.03921569 0.01568628 0.02745098]  [0.04705882 0.02352941 0.03529412]]]",5.408461029815953,37608,/home/amos/media/tv/The X-Files S01-S11 BluRay 10Bit 1080p Dts-HDMa5 1 HEVC-d3g/The X-Files S08 br 10bit dts hevc-d3g/The.X-Files.S08E07.Via.Negativa.1080p.BluRay.10Bit.Dts-HDMa5.1.HEVC-d3g.mkv376,1080,1920,0,568,87,565,568,1443,0.001,"[[[0.21568628 0.10588235 0.10588235]  [0.20392157 0.09803922 0.09803922]  [0.19215687 0.09411765 0.09019608]  ...  [0.09019608 0.03529412 0.03921569]  [0.08627451 0.03137255 0.03529412]  [0.         0.         0.        ]] [[0.21176471 0.09411765 0.09411765]  [0.20784314 0.09411765 0.09411765]  [0.20392157 0.09803922 0.09803922]  ...  [0.08627451 0.03137255 0.03529412]  [0.09019608 0.03529412 0.03921569]  [0.         0.         0.        ]] [[0.21960784 0.09803922 0.09803922]  [0.21176471 0.09411765 0.09411765]  [0.21176471 0.10196079 0.09803922]  ...  [0.08627451 0.03137255 0.03529412]  [0.07843138 0.02352941 0.02745098]  [0.         0.         0.        ]] ... [[0.02352941 0.         0.01960784]  [0.01960784 0.         0.01568628]  [0.01960784 0.         0.01568628]  ...  [0.02745098 0.         0.01176471]  [0.02745098 0.         0.01568628]  [0.         0.         0.        ]] [[0.02352941 0.         0.01960784]  [0.02352941 0.         0.01960784]  [0.01960784 0.         0.01568628]  ...  [0.03137255 0.         0.01960784]  [0.03137255 0.         0.01960784]  [0.         0.         0.        ]] [[0.         0.         0.        ]  [0.         0.         0.        ]  [0.         0.         0.        ]  ...  [0.         0.         0.        ]  [0.         0.         0.        ]  [0.         0.         0.        ]]]",2.566933945461642,37632,/home/amos/media/tv/The X-Files S01-S11 BluRay 10Bit 1080p Dts-HDMa5 1 HEVC-d3g/The X-Files S08 br 10bit dts hevc-d3g/The.X-Files.S08E07.Via.Negativa.1080p.BluRay.10Bit.Dts-HDMa5.1.HEVC-d3g.mkv377,1080,1920,0,453,229,799,453,77504,0.037,"[[[0.12941177 0.10196079 0.08627451]  [0.12941177 0.10196079 0.08627451]  [0.13333334 0.10588235 0.09019608]  ...  [0.10196079 0.04705882 0.04705882]  [0.10588235 0.05098039 0.05098039]  [0.10196079 0.04705882 0.04705882]] [[0.12941177 0.10196079 0.08627451]  [0.12941177 0.10196079 0.08627451]  [0.1254902  0.09803922 0.08235294]  ...  [0.08627451 0.03137255 0.03137255]  [0.09411765 0.03921569 0.03921569]  [0.10196079 0.04705882 0.04705882]] [[0.12941177 0.10196079 0.08627451]  [0.12941177 0.10196079 0.08627451]  [0.1254902  0.09803922 0.08235294]  ...  [0.09411765 0.03921569 0.03921569]  [0.09019608 0.03529412 0.03529412]  [0.10196079 0.04705882 0.04705882]] ... [[0.20784314 0.19215687 0.2       ]  [0.19607843 0.18039216 0.19215687]  [0.18039216 0.16470589 0.1764706 ]  ...  [0.16470589 0.10196079 0.08235294]  [0.1764706  0.11372549 0.09411765]  [0.16078432 0.10196079 0.08235294]] [[0.19215687 0.1764706  0.1882353 ]  [0.1882353  0.17254902 0.18431373]  [0.1882353  0.17254902 0.18431373]  ...  [0.14901961 0.08627451 0.06666667]  [0.16470589 0.10196079 0.08235294]  [0.16862746 0.10980392 0.09019608]] [[0.18431373 0.16862746 0.17254902]  [0.18431373 0.17254902 0.18039216]  [0.2        0.18431373 0.19607843]  ...  [0.14901961 0.08627451 0.06666667]  [0.15294118 0.09019608 0.07058824]  [0.15686275 0.09803922 0.07843138]]]",2.1821011632564478,37680,/home/amos/media/tv/The X-Files S01-S11 BluRay 10Bit 1080p Dts-HDMa5 1 HEVC-d3g/The X-Files S08 br 10bit dts hevc-d3g/The.X-Files.S08E07.Via.Negativa.1080p.BluRay.10Bit.Dts-HDMa5.1.HEVC-d3g.mkv378,1080,1920,0,177,88,657,177,42720,0.021,"[[[0.16078432 0.14901961 0.17254902]  [0.16470589 0.14901961 0.1764706 ]  [0.16862746 0.14901961 0.18039216]  ...  [0.08627451 0.04705882 0.05098039]  [0.08627451 0.05490196 0.05490196]  [0.08627451 0.05490196 0.05490196]] [[0.15686275 0.14509805 0.16862746]  [0.16470589 0.14901961 0.1764706 ]  [0.16862746 0.14901961 0.18039216]  ...  [0.07843138 0.04313726 0.04313726]  [0.07843138 0.04705882 0.04705882]  [0.07843138 0.05098039 0.05098039]] [[0.15294118 0.14117648 0.16470589]  [0.16078432 0.14509805 0.17254902]  [0.16862746 0.14901961 0.1764706 ]  ...  [0.07450981 0.03921569 0.03921569]  [0.07058824 0.04313726 0.04313726]  [0.07450981 0.04705882 0.04705882]] ... [[0.02352941 0.01568628 0.03137255]  [0.02352941 0.01176471 0.03137255]  [0.01960784 0.01176471 0.02745098]  ...  [0.08235294 0.06666667 0.08627451]  [0.07843138 0.06666667 0.08235294]  [0.07058824 0.05882353 0.07450981]] [[0.02352941 0.01568628 0.03137255]  [0.01960784 0.01176471 0.02745098]  [0.01960784 0.01176471 0.02745098]  ...  [0.07843138 0.06666667 0.08235294]  [0.07450981 0.0627451  0.07843138]  [0.07058824 0.05882353 0.07450981]] [[0.02352941 0.01568628 0.03137255]  [0.01960784 0.01176471 0.02745098]  [0.01960784 0.01176471 0.02745098]  ...  [0.07843138 0.0627451  0.08235294]  [0.07058824 0.05882353 0.07450981]  [0.06666667 0.05490196 0.07058824]]]",3.5746730623650365,37728,/home/amos/media/tv/The X-Files S01-S11 BluRay 10Bit 1080p Dts-HDMa5 1 HEVC-d3g/The X-Files S08 br 10bit dts hevc-d3g/The.X-Files.S08E07.Via.Negativa.1080p.BluRay.10Bit.Dts-HDMa5.1.HEVC-d3g.mkv379,1080,1920,1,151,390,1039,151,212232,0.102,"[[[0.15294118 0.11372549 0.10980392]  [0.16078432 0.12156863 0.11372549]  [0.16862746 0.12941177 0.11764706]  ...  [0.04313726 0.02352941 0.03921569]  [0.04313726 0.02352941 0.03921569]  [0.04313726 0.02352941 0.03921569]] [[0.15294118 0.11372549 0.10980392]  [0.16078432 0.12156863 0.11372549]  [0.17254902 0.13333334 0.12156863]  ...  [0.04313726 0.02352941 0.03921569]  [0.04313726 0.02352941 0.03921569]  [0.04313726 0.02352941 0.03921569]] [[0.15294118 0.11372549 0.10980392]  [0.16470589 0.12156863 0.11764706]  [0.1764706  0.13333334 0.1254902 ]  ...  [0.04313726 0.02352941 0.03921569]  [0.04313726 0.02352941 0.03921569]  [0.04313726 0.02352941 0.03921569]] ... [[0.04705882 0.01568628 0.01960784]  [0.04705882 0.01960784 0.01960784]  [0.05490196 0.02352941 0.02352941]  ...  [0.21568628 0.14901961 0.12156863]  [0.22745098 0.16078432 0.13333334]  [0.23921569 0.17254902 0.14509805]] [[0.04705882 0.01568628 0.01960784]  [0.04705882 0.01568628 0.01960784]  [0.05098039 0.01960784 0.01960784]  ...  [0.20392157 0.13725491 0.10980392]  [0.21568628 0.14901961 0.12156863]  [0.22352941 0.15686275 0.12941177]] [[0.04705882 0.01568628 0.01960784]  [0.04705882 0.01568628 0.01568628]  [0.04705882 0.01568628 0.01568628]  ...  [0.2        0.13333334 0.10588235]  [0.20784314 0.14117648 0.11372549]  [0.21568628 0.14901961 0.12156863]]]",5.453488058585208,37728,/home/amos/media/tv/The X-Files S01-S11 BluRay 10Bit 1080p Dts-HDMa5 1 HEVC-d3g/The X-Files S08 br 10bit dts hevc-d3g/The.X-Files.S08E07.Via.Negativa.1080p.BluRay.10Bit.Dts-HDMa5.1.HEVC-d3g.mkv380,1080,1920,0,152,115,735,152,21571,0.01,"[[[0.07450981 0.03137255 0.05490196]  [0.07450981 0.03137255 0.05098039]  [0.07843138 0.03529412 0.05098039]  ...  [0.13725491 0.09803922 0.14509805]  [0.1254902  0.08627451 0.13333334]  [0.11764706 0.07843138 0.1254902 ]] [[0.07450981 0.03137255 0.05490196]  [0.07450981 0.03137255 0.05098039]  [0.07843138 0.03529412 0.04705882]  ...  [0.14509805 0.10588235 0.15294118]  [0.13333334 0.09411765 0.14117648]  [0.1254902  0.08627451 0.13333334]] [[0.07450981 0.03137255 0.05490196]  [0.07450981 0.03137255 0.04705882]  [0.07450981 0.03137255 0.04313726]  ...  [0.15686275 0.11372549 0.16078432]  [0.14509805 0.10196079 0.15294118]  [0.13725491 0.09411765 0.14117648]] ... [[0.02745098 0.01176471 0.03921569]  [0.03137255 0.01176471 0.03921569]  [0.03137255 0.01176471 0.03921569]  ...  [0.08627451 0.07058824 0.09019608]  [0.09019608 0.07450981 0.09411765]  [0.09019608 0.07450981 0.09411765]] [[0.02352941 0.01176471 0.03529412]  [0.02745098 0.01176471 0.03921569]  [0.03137255 0.01176471 0.03921569]  ...  [0.07843138 0.06666667 0.08235294]  [0.08627451 0.07058824 0.09019608]  [0.09019608 0.07450981 0.09411765]] [[0.02352941 0.01176471 0.03529412]  [0.02745098 0.01176471 0.03529412]  [0.03137255 0.01176471 0.03921569]  ...  [0.07450981 0.0627451  0.08235294]  [0.08235294 0.06666667 0.08627451]  [0.09019608 0.07450981 0.09411765]]]",8.471112053957768,37776,/home/amos/media/tv/The X-Files S01-S11 BluRay 10Bit 1080p Dts-HDMa5 1 HEVC-d3g/The X-Files S08 br 10bit dts hevc-d3g/The.X-Files.S08E07.Via.Negativa.1080p.BluRay.10Bit.Dts-HDMa5.1.HEVC-d3g.mkv381,1080,1920,1,153,392,1070,153,219163,0.106,"[[[0.07450981 0.03921569 0.04705882]  [0.07058824 0.03529412 0.04313726]  [0.07058824 0.03529412 0.04313726]  ...  [0.05098039 0.03529412 0.04705882]  [0.05098039 0.03529412 0.04705882]  [0.         0.         0.        ]] [[0.07843138 0.03921569 0.04705882]  [0.07843138 0.03921569 0.04705882]  [0.07843138 0.03921569 0.04705882]  ...  [0.05098039 0.03529412 0.04705882]  [0.05098039 0.03529412 0.04705882]  [0.         0.         0.        ]] [[0.08235294 0.04313726 0.05098039]  [0.08235294 0.04313726 0.05098039]  [0.08627451 0.04313726 0.05098039]  ...  [0.05098039 0.03529412 0.04705882]  [0.05098039 0.03529412 0.04705882]  [0.         0.         0.        ]] ... [[0.07843138 0.04705882 0.05098039]  [0.07450981 0.04313726 0.04705882]  [0.07450981 0.04313726 0.04705882]  ...  [0.0627451  0.04313726 0.05490196]  [0.05490196 0.03529412 0.05098039]  [0.         0.         0.        ]] [[0.07843138 0.04705882 0.05098039]  [0.07450981 0.04313726 0.04705882]  [0.07450981 0.04313726 0.04705882]  ...  [0.05882353 0.04313726 0.05098039]  [0.05490196 0.03529412 0.05098039]  [0.         0.         0.        ]] [[0.         0.         0.        ]  [0.         0.         0.        ]  [0.         0.         0.        ]  ...  [0.         0.         0.        ]  [0.         0.         0.        ]  [0.         0.         0.        ]]]",8.119724963908084,37776,/home/amos/media/tv/The X-Files S01-S11 BluRay 10Bit 1080p Dts-HDMa5 1 HEVC-d3g/The X-Files S08 br 10bit dts hevc-d3g/The.X-Files.S08E07.Via.Negativa.1080p.BluRay.10Bit.Dts-HDMa5.1.HEVC-d3g.mkv382,1080,1920,0,183,65,667,183,57112,0.028,"[[[0.1882353  0.18431373 0.22745098]  [0.18431373 0.18039216 0.21568628]  [0.18431373 0.18039216 0.21176471]  ...  [0.16862746 0.14509805 0.15686275]  [0.15686275 0.13333334 0.14901961]  [0.15686275 0.13333334 0.14901961]] [[0.1882353  0.1764706  0.21960784]  [0.18431373 0.1764706  0.21176471]  [0.18431373 0.17254902 0.20784314]  ...  [0.16470589 0.14117648 0.15686275]  [0.15686275 0.13333334 0.14901961]  [0.15686275 0.13333334 0.14901961]] [[0.18431373 0.16862746 0.21176471]  [0.18431373 0.16862746 0.20784314]  [0.18431373 0.16470589 0.20392157]  ...  [0.15686275 0.13333334 0.14901961]  [0.15294118 0.12941177 0.14509805]  [0.15686275 0.13333334 0.14901961]] ... [[0.02352941 0.01176471 0.03529412]  [0.02352941 0.01176471 0.03529412]  [0.01960784 0.01176471 0.03529412]  ...  [0.07843138 0.06666667 0.09019608]  [0.07843138 0.06666667 0.08627451]  [0.07450981 0.0627451  0.08235294]] [[0.01960784 0.01176471 0.03529412]  [0.01960784 0.01176471 0.03529412]  [0.01960784 0.01176471 0.03529412]  ...  [0.07843138 0.0627451  0.08627451]  [0.07450981 0.0627451  0.08235294]  [0.07058824 0.05882353 0.07843138]] [[0.01960784 0.01176471 0.03529412]  [0.01960784 0.01176471 0.03529412]  [0.01960784 0.01176471 0.03529412]  ...  [0.07843138 0.0627451  0.08627451]  [0.07058824 0.05882353 0.07843138]  [0.06666667 0.05490196 0.07450981]]]",7.012935115140863,37800,/home/amos/media/tv/The X-Files S01-S11 BluRay 10Bit 1080p Dts-HDMa5 1 HEVC-d3g/The X-Files S08 br 10bit dts hevc-d3g/The.X-Files.S08E07.Via.Negativa.1080p.BluRay.10Bit.Dts-HDMa5.1.HEVC-d3g.mkv383,1080,1920,1,137,404,375,137,63546,0.031,"[[[0.20392157 0.19215687 0.21176471]  [0.20392157 0.19215687 0.20392157]  [0.20392157 0.19607843 0.19607843]  ...  [0.2        0.19215687 0.20392157]  [0.19607843 0.1882353  0.2       ]  [0.19607843 0.1882353  0.2       ]] [[0.20392157 0.19215687 0.20784314]  [0.20392157 0.19607843 0.20392157]  [0.21176471 0.20392157 0.20392157]  ...  [0.19215687 0.18431373 0.19607843]  [0.19215687 0.18431373 0.19607843]  [0.19215687 0.18431373 0.19607843]] [[0.2        0.1882353  0.20392157]  [0.20784314 0.19607843 0.20784314]  [0.21960784 0.21176471 0.21176471]  ...  [0.18039216 0.17254902 0.18431373]  [0.18039216 0.17254902 0.18431373]  [0.18431373 0.1764706  0.1882353 ]] ... [[0.21568628 0.19607843 0.21176471]  [0.20784314 0.19215687 0.20392157]  [0.19607843 0.18431373 0.19607843]  ...  [0.20784314 0.19215687 0.16470589]  [0.21176471 0.19215687 0.16862746]  [0.21176471 0.19607843 0.16862746]] [[0.21176471 0.19215687 0.20784314]  [0.20784314 0.19215687 0.20784314]  [0.20392157 0.19215687 0.20392157]  ...  [0.20392157 0.1882353  0.16078432]  [0.20392157 0.1882353  0.16078432]  [0.20784314 0.19215687 0.16470589]] [[0.21176471 0.19215687 0.20784314]  [0.20784314 0.19215687 0.20784314]  [0.20784314 0.19607843 0.20784314]  ...  [0.2        0.18431373 0.15686275]  [0.20392157 0.18431373 0.15686275]  [0.20392157 0.1882353  0.16078432]]]",5.783718070131727,37800,/home/amos/media/tv/The X-Files S01-S11 BluRay 10Bit 1080p Dts-HDMa5 1 HEVC-d3g/The X-Files S08 br 10bit dts hevc-d3g/The.X-Files.S08E07.Via.Negativa.1080p.BluRay.10Bit.Dts-HDMa5.1.HEVC-d3g.mkv384,1080,1920,0,169,71,551,169,37436,0.018,"[[[0.19215687 0.13725491 0.14901961]  [0.19607843 0.14901961 0.15686275]  [0.19607843 0.15686275 0.16470589]  ...  [0.14901961 0.14901961 0.21176471]  [0.14901961 0.15686275 0.21960784]  [0.15686275 0.16078432 0.22352941]] [[0.1882353  0.13333334 0.13725491]  [0.1882353  0.14117648 0.14509805]  [0.19215687 0.15294118 0.15294118]  ...  [0.15294118 0.14901961 0.21176471]  [0.15294118 0.15294118 0.21568628]  [0.15294118 0.15686275 0.21960784]] [[0.18431373 0.12941177 0.12941177]  [0.18039216 0.13725491 0.13725491]  [0.18431373 0.14509805 0.14509805]  ...  [0.14901961 0.14901961 0.21176471]  [0.14901961 0.14901961 0.21176471]  [0.14901961 0.14901961 0.21176471]] ... [[0.15686275 0.14901961 0.19215687]  [0.15686275 0.14901961 0.19215687]  [0.15294118 0.14509805 0.19215687]  ...  [0.04313726 0.02745098 0.04313726]  [0.04313726 0.02745098 0.04313726]  [0.04313726 0.02745098 0.04313726]] [[0.16862746 0.15686275 0.2       ]  [0.16470589 0.15294118 0.2       ]  [0.16078432 0.14901961 0.19607843]  ...  [0.03921569 0.02352941 0.03921569]  [0.04313726 0.02745098 0.04313726]  [0.04313726 0.02745098 0.04313726]] [[0.18039216 0.16862746 0.20784314]  [0.1764706  0.16470589 0.20392157]  [0.16470589 0.15294118 0.19607843]  ...  [0.04313726 0.02745098 0.04313726]  [0.04313726 0.02745098 0.04313726]  [0.04313726 0.02745098 0.04313726]]]",2.80816711706575,37824,/home/amos/media/tv/The X-Files S01-S11 BluRay 10Bit 1080p Dts-HDMa5 1 HEVC-d3g/The X-Files S08 br 10bit dts hevc-d3g/The.X-Files.S08E07.Via.Negativa.1080p.BluRay.10Bit.Dts-HDMa5.1.HEVC-d3g.mkv385,1080,1920,1,275,330,1283,275,55440,0.027,"[[[0.11372549 0.0627451  0.07450981]  [0.09803922 0.04705882 0.05490196]  [0.09803922 0.04313726 0.05098039]  ...  [0.02745098 0.01960784 0.03529412]  [0.03137255 0.02352941 0.03921569]  [0.03529412 0.02745098 0.04313726]] [[0.10980392 0.05882353 0.06666667]  [0.09019608 0.03921569 0.04705882]  [0.08627451 0.03529412 0.03921569]  ...  [0.02745098 0.01960784 0.03529412]  [0.03137255 0.02352941 0.03921569]  [0.03137255 0.02352941 0.03921569]] [[0.10588235 0.05490196 0.0627451 ]  [0.09019608 0.03921569 0.04313726]  [0.09019608 0.03529412 0.03921569]  ...  [0.03137255 0.02352941 0.03921569]  [0.03137255 0.02352941 0.03921569]  [0.03137255 0.02352941 0.03921569]] ... [[0.03921569 0.02745098 0.03529412]  [0.04313726 0.02745098 0.03529412]  [0.05098039 0.02745098 0.03137255]  ...  [0.2509804  0.21568628 0.1882353 ]  [0.26666668 0.23137255 0.20392157]  [0.29411766 0.25882354 0.23137255]] [[0.03921569 0.02745098 0.03921569]  [0.04313726 0.02745098 0.03529412]  [0.05098039 0.02745098 0.03529412]  ...  [0.2509804  0.21568628 0.1882353 ]  [0.2627451  0.22745098 0.2       ]  [0.28235295 0.24705882 0.21960784]] [[0.03921569 0.02745098 0.03529412]  [0.04313726 0.02352941 0.03529412]  [0.04705882 0.02745098 0.03529412]  ...  [0.24705882 0.21176471 0.18431373]  [0.25882354 0.22352941 0.19607843]  [0.26666668 0.23137255 0.20392157]]]",2.709151090530213,37824,/home/amos/media/tv/The X-Files S01-S11 BluRay 10Bit 1080p Dts-HDMa5 1 HEVC-d3g/The X-Files S08 br 10bit dts hevc-d3g/The.X-Files.S08E07.Via.Negativa.1080p.BluRay.10Bit.Dts-HDMa5.1.HEVC-d3g.mkv386,1080,1920,2,131,421,328,131,57130,0.028,"[[[0.25882354 0.24705882 0.25490198]  [0.25882354 0.24705882 0.25490198]  [0.2627451  0.2509804  0.25882354]  ...  [0.20392157 0.18039216 0.19607843]  [0.21568628 0.19215687 0.20784314]  [0.22352941 0.2        0.21568628]] [[0.25882354 0.24313726 0.2509804 ]  [0.25882354 0.24705882 0.25490198]  [0.25882354 0.2509804  0.25882354]  ...  [0.2        0.1764706  0.19215687]  [0.21176471 0.1882353  0.20392157]  [0.21568628 0.19215687 0.20784314]] [[0.25490198 0.24313726 0.2509804 ]  [0.25490198 0.24313726 0.2509804 ]  [0.25882354 0.24705882 0.25490198]  ...  [0.19607843 0.17254902 0.1882353 ]  [0.20392157 0.18039216 0.19607843]  [0.20784314 0.18431373 0.2       ]] ... [[0.20392157 0.19215687 0.20392157]  [0.20392157 0.19215687 0.20392157]  [0.20392157 0.19215687 0.20392157]  ...  [0.20784314 0.19215687 0.1882353 ]  [0.21176471 0.19215687 0.19215687]  [0.21176471 0.19607843 0.19215687]] [[0.20392157 0.19215687 0.20392157]  [0.20392157 0.19215687 0.20392157]  [0.2        0.1882353  0.2       ]  ...  [0.20392157 0.1882353  0.18431373]  [0.20784314 0.19215687 0.1882353 ]  [0.21176471 0.19607843 0.19215687]] [[0.20392157 0.19215687 0.20392157]  [0.2        0.19215687 0.2       ]  [0.2        0.1882353  0.2       ]  ...  [0.20392157 0.1882353  0.18431373]  [0.20784314 0.19215687 0.1882353 ]  [0.21176471 0.19607843 0.19215687]]]",6.527078067767434,37824,/home/amos/media/tv/The X-Files S01-S11 BluRay 10Bit 1080p Dts-HDMa5 1 HEVC-d3g/The X-Files S08 br 10bit dts hevc-d3g/The.X-Files.S08E07.Via.Negativa.1080p.BluRay.10Bit.Dts-HDMa5.1.HEVC-d3g.mkv387,1080,1920,0,64,476,845,64,321772,0.155,"[[[0.16078432 0.23921569 0.3882353 ]  [0.16078432 0.23921569 0.3882353 ]  [0.16078432 0.23921569 0.3882353 ]  ...  [0.38431373 0.49411765 0.5882353 ]  [0.39215687 0.5019608  0.6       ]  [0.39215687 0.5019608  0.6       ]] [[0.16078432 0.23921569 0.3882353 ]  [0.16078432 0.23921569 0.3882353 ]  [0.16078432 0.23921569 0.3882353 ]  ...  [0.38039216 0.49019608 0.5882353 ]  [0.39215687 0.5019608  0.6       ]  [0.39215687 0.5019608  0.6       ]] [[0.16078432 0.23921569 0.3882353 ]  [0.16078432 0.23921569 0.3882353 ]  [0.16470589 0.24313726 0.3882353 ]  ...  [0.38431373 0.49411765 0.5921569 ]  [0.39215687 0.5019608  0.6       ]  [0.39215687 0.5019608  0.6       ]] ... [[0.3529412  0.49803922 0.5568628 ]  [0.3529412  0.49803922 0.5568628 ]  [0.3529412  0.49803922 0.5568628 ]  ...  [0.35686275 0.47843137 0.5686275 ]  [0.35686275 0.47843137 0.57254905]  [0.35686275 0.47843137 0.57254905]] [[0.3529412  0.49803922 0.5568628 ]  [0.3529412  0.49803922 0.5568628 ]  [0.3529412  0.49803922 0.5568628 ]  ...  [0.3529412  0.4745098  0.56078434]  [0.3529412  0.4745098  0.5686275 ]  [0.3529412  0.4745098  0.5686275 ]] [[0.3529412  0.49803922 0.5568628 ]  [0.3529412  0.49803922 0.5568628 ]  [0.3529412  0.49803922 0.5568628 ]  ...  [0.3529412  0.4745098  0.5647059 ]  [0.3529412  0.4745098  0.5686275 ]  [0.3529412  0.4745098  0.5686275 ]]]",7.562830001756083,37872,/home/amos/media/tv/The X-Files S01-S11 BluRay 10Bit 1080p Dts-HDMa5 1 HEVC-d3g/The X-Files S08 br 10bit dts hevc-d3g/The.X-Files.S08E07.Via.Negativa.1080p.BluRay.10Bit.Dts-HDMa5.1.HEVC-d3g.mkv388,1080,1920,0,677,31,692,677,9690,0.005,"[[[0.00784314 0.         0.01176471]  [0.00784314 0.         0.01176471]  [0.00784314 0.         0.01176471]  ...  [0.05098039 0.03137255 0.02352941]  [0.05098039 0.03137255 0.02352941]  [0.05490196 0.03529412 0.02745098]] [[0.00784314 0.         0.00784314]  [0.00784314 0.         0.00784314]  [0.00784314 0.         0.00784314]  ...  [0.0627451  0.03137255 0.02745098]  [0.0627451  0.03137255 0.02745098]  [0.0627451  0.03137255 0.02745098]] [[0.00784314 0.         0.00784314]  [0.00784314 0.         0.00784314]  [0.00784314 0.         0.00784314]  ...  [0.0627451  0.03137255 0.02745098]  [0.05882353 0.02745098 0.02352941]  [0.05882353 0.02745098 0.02352941]] ... [[0.05098039 0.03529412 0.03137255]  [0.04705882 0.03137255 0.02745098]  [0.04313726 0.02745098 0.02352941]  ...  [0.21176471 0.12156863 0.08235294]  [0.21568628 0.12156863 0.08627451]  [0.20784314 0.11372549 0.07843138]] [[0.03921569 0.02352941 0.01960784]  [0.04705882 0.03137255 0.02745098]  [0.02352941 0.00784314 0.00784314]  ...  [0.20784314 0.11764706 0.07843138]  [0.20784314 0.11372549 0.07843138]  [0.20784314 0.11372549 0.07843138]] [[0.04313726 0.02352941 0.01568628]  [0.04705882 0.02745098 0.02352941]  [0.04705882 0.03137255 0.02745098]  ...  [0.21176471 0.11372549 0.08235294]  [0.21176471 0.11764706 0.08235294]  [0.21176471 0.11764706 0.08235294]]]",1.3395891139516607,38112,/home/amos/media/tv/The X-Files S01-S11 BluRay 10Bit 1080p Dts-HDMa5 1 HEVC-d3g/The X-Files S08 br 10bit dts hevc-d3g/The.X-Files.S08E07.Via.Negativa.1080p.BluRay.10Bit.Dts-HDMa5.1.HEVC-d3g.mkv389,1080,1920,0,316,222,492,316,16544,0.008,"[[[0.01568628 0.00784314 0.02745098]  [0.01568628 0.00784314 0.02745098]  [0.01176471 0.00392157 0.02352941]  ...  [0.02352941 0.01568628 0.03137255]  [0.01960784 0.01176471 0.02745098]  [0.01568628 0.00784314 0.02352941]] [[0.01568628 0.00784314 0.02745098]  [0.01568628 0.00784314 0.02745098]  [0.01176471 0.00392157 0.02352941]  ...  [0.01960784 0.01176471 0.02745098]  [0.01960784 0.01176471 0.02745098]  [0.01960784 0.01176471 0.02745098]] [[0.01176471 0.00392157 0.02745098]  [0.01176471 0.00392157 0.02352941]  [0.01176471 0.00392157 0.02352941]  ...  [0.01960784 0.01176471 0.02745098]  [0.01960784 0.01176471 0.02745098]  [0.01960784 0.01176471 0.02745098]] ... [[0.01568628 0.01176471 0.02352941]  [0.01568628 0.01176471 0.02352941]  [0.01568628 0.01176471 0.02352941]  ...  [0.09019608 0.05098039 0.04705882]  [0.07450981 0.03529412 0.03137255]  [0.05490196 0.01568628 0.01176471]] [[0.01568628 0.01176471 0.02352941]  [0.01568628 0.01176471 0.02352941]  [0.01568628 0.01176471 0.02352941]  ...  [0.07450981 0.03529412 0.03137255]  [0.05490196 0.01960784 0.01960784]  [0.03529412 0.01176471 0.01568628]] [[0.01568628 0.01176471 0.02352941]  [0.01568628 0.01176471 0.02352941]  [0.01568628 0.01176471 0.02352941]  ...  [0.04705882 0.01568628 0.01568628]  [0.03137255 0.00784314 0.01568628]  [0.01568628 0.00784314 0.02352941]]]",2.575378116569482,38328,/home/amos/media/tv/The X-Files S01-S11 BluRay 10Bit 1080p Dts-HDMa5 1 HEVC-d3g/The X-Files S08 br 10bit dts hevc-d3g/The.X-Files.S08E07.Via.Negativa.1080p.BluRay.10Bit.Dts-HDMa5.1.HEVC-d3g.mkv390,1080,1920,0,322,235,547,322,19575,0.009,"[[[0.01568628 0.01176471 0.03137255]  [0.01568628 0.01176471 0.03137255]  [0.01568628 0.00784314 0.03137255]  ...  [0.02352941 0.01176471 0.02352941]  [0.01960784 0.01176471 0.02745098]  [0.01960784 0.01176471 0.02745098]] [[0.01568628 0.01176471 0.03137255]  [0.01568628 0.01176471 0.03137255]  [0.01176471 0.00392157 0.02352941]  ...  [0.02352941 0.01176471 0.02352941]  [0.01960784 0.01176471 0.02745098]  [0.01960784 0.01176471 0.02745098]] [[0.01176471 0.00784314 0.02745098]  [0.01176471 0.00392157 0.02745098]  [0.01176471 0.00392157 0.02352941]  ...  [0.02352941 0.01176471 0.02352941]  [0.01960784 0.01176471 0.02745098]  [0.01960784 0.01176471 0.02745098]] ... [[0.01568628 0.00784314 0.02352941]  [0.01568628 0.00784314 0.02352941]  [0.01568628 0.00784314 0.02352941]  ...  [0.06666667 0.02352941 0.03137255]  [0.06666667 0.02352941 0.03137255]  [0.0627451  0.01960784 0.02745098]] [[0.01568628 0.00784314 0.02352941]  [0.01568628 0.00784314 0.02352941]  [0.01568628 0.00784314 0.02352941]  ...  [0.06666667 0.02352941 0.03137255]  [0.0627451  0.01960784 0.03137255]  [0.0627451  0.01960784 0.02745098]] [[0.01568628 0.00784314 0.02352941]  [0.01568628 0.00784314 0.02352941]  [0.01568628 0.00784314 0.02352941]  ...  [0.0627451  0.01960784 0.03137255]  [0.06666667 0.02352941 0.03137255]  [0.06666667 0.02352941 0.03137255]]]",2.199557065148838,38472,/home/amos/media/tv/The X-Files S01-S11 BluRay 10Bit 1080p Dts-HDMa5 1 HEVC-d3g/The X-Files S08 br 10bit dts hevc-d3g/The.X-Files.S08E07.Via.Negativa.1080p.BluRay.10Bit.Dts-HDMa5.1.HEVC-d3g.mkv391,1080,1920,0,633,104,781,633,78292,0.038,"[[[0.03137255 0.01960784 0.02745098]  [0.02745098 0.01568628 0.02352941]  [0.02745098 0.01568628 0.02352941]  ...  [0.04705882 0.02745098 0.02745098]  [0.04705882 0.03137255 0.03137255]  [0.05098039 0.03529412 0.03529412]] [[0.02745098 0.01568628 0.02352941]  [0.02745098 0.01568628 0.02352941]  [0.03529412 0.02352941 0.03137255]  ...  [0.05098039 0.03529412 0.03529412]  [0.05098039 0.03529412 0.03529412]  [0.05098039 0.03529412 0.03529412]] [[0.03137255 0.01960784 0.02745098]  [0.03137255 0.01960784 0.02745098]  [0.03137255 0.01960784 0.02745098]  ...  [0.05098039 0.03529412 0.03529412]  [0.05098039 0.03529412 0.03137255]  [0.05098039 0.03529412 0.03529412]] ... [[0.01176471 0.01176471 0.01960784]  [0.01176471 0.01176471 0.01960784]  [0.01176471 0.01176471 0.02352941]  ...  [0.03529412 0.02352941 0.02352941]  [0.02352941 0.01176471 0.01176471]  [0.03921569 0.02745098 0.02745098]] [[0.01176471 0.01176471 0.01960784]  [0.01176471 0.01176471 0.01960784]  [0.01176471 0.01176471 0.01960784]  ...  [0.03137255 0.01960784 0.01960784]  [0.02352941 0.01176471 0.01176471]  [0.03921569 0.02745098 0.02745098]] [[0.01176471 0.01176471 0.01960784]  [0.01176471 0.01176471 0.01960784]  [0.01176471 0.01176471 0.01960784]  ...  [0.02745098 0.01568628 0.01568628]  [0.02745098 0.01568628 0.01176471]  [0.03921569 0.02745098 0.02745098]]]",2.5615180311142467,38568,/home/amos/media/tv/The X-Files S01-S11 BluRay 10Bit 1080p Dts-HDMa5 1 HEVC-d3g/The X-Files S08 br 10bit dts hevc-d3g/The.X-Files.S08E07.Via.Negativa.1080p.BluRay.10Bit.Dts-HDMa5.1.HEVC-d3g.mkv392,1080,1920,1,312,224,491,312,15752,0.008,"[[[0.04313726 0.03137255 0.03137255]  [0.03529412 0.02352941 0.02352941]  [0.03137255 0.01960784 0.01960784]  ...  [0.07450981 0.04705882 0.03137255]  [0.07058824 0.04705882 0.02745098]  [0.07058824 0.04313726 0.02745098]] [[0.04313726 0.03137255 0.03137255]  [0.03137255 0.01960784 0.01960784]  [0.03137255 0.01960784 0.01960784]  ...  [0.07058824 0.04313726 0.02745098]  [0.07058824 0.04313726 0.02745098]  [0.06666667 0.03529412 0.02352941]] [[0.03921569 0.02745098 0.02745098]  [0.03137255 0.01960784 0.01960784]  [0.03529412 0.02352941 0.02352941]  ...  [0.06666667 0.03921569 0.02352941]  [0.0627451  0.03529412 0.01960784]  [0.0627451  0.03529412 0.01960784]] ... [[0.01568628 0.00784314 0.02352941]  [0.01568628 0.00784314 0.02352941]  [0.01568628 0.00784314 0.02352941]  ...  [0.21960784 0.13725491 0.10588235]  [0.21568628 0.12941177 0.09411765]  [0.20784314 0.12941177 0.09411765]] [[0.01568628 0.00784314 0.02352941]  [0.01568628 0.00784314 0.02352941]  [0.01568628 0.00784314 0.02352941]  ...  [0.21960784 0.13333334 0.10588235]  [0.21960784 0.13725491 0.10588235]  [0.21176471 0.13333334 0.09803922]] [[0.01960784 0.01176471 0.02745098]  [0.01568628 0.00784314 0.02352941]  [0.01568628 0.00784314 0.02352941]  ...  [0.22745098 0.14117648 0.11372549]  [0.22352941 0.14117648 0.10980392]  [0.21960784 0.13725491 0.10196079]]]",3.405416100693401,38568,/home/amos/media/tv/The X-Files S01-S11 BluRay 10Bit 1080p Dts-HDMa5 1 HEVC-d3g/The X-Files S08 br 10bit dts hevc-d3g/The.X-Files.S08E07.Via.Negativa.1080p.BluRay.10Bit.Dts-HDMa5.1.HEVC-d3g.mkv393,1080,1920,0,638,101,776,638,74106,0.036,"[[[0.02745098 0.01568628 0.02352941]  [0.03529412 0.02352941 0.03137255]  [0.02745098 0.01568628 0.02352941]  ...  [0.04705882 0.03921569 0.03529412]  [0.03921569 0.03137255 0.03137255]  [0.04705882 0.03529412 0.03529412]] [[0.03529412 0.01960784 0.03137255]  [0.03137255 0.01568628 0.02745098]  [0.02352941 0.00784314 0.01960784]  ...  [0.03921569 0.03137255 0.02745098]  [0.04313726 0.03137255 0.03137255]  [0.04705882 0.03921569 0.03921569]] [[0.02745098 0.01568628 0.02352941]  [0.02745098 0.01568628 0.02352941]  [0.02745098 0.01176471 0.02352941]  ...  [0.04313726 0.03529412 0.03137255]  [0.04705882 0.03529412 0.03529412]  [0.05098039 0.03921569 0.03921569]] ... [[0.01176471 0.00392157 0.01960784]  [0.01176471 0.00392157 0.01960784]  [0.01176471 0.00784314 0.01960784]  ...  [0.04705882 0.03137255 0.02352941]  [0.03921569 0.02745098 0.02352941]  [0.03529412 0.02352941 0.01960784]] [[0.01176471 0.00392157 0.01960784]  [0.01176471 0.00392157 0.01568628]  [0.01568628 0.00392157 0.01960784]  ...  [0.04313726 0.03137255 0.02745098]  [0.03921569 0.02745098 0.02352941]  [0.03137255 0.01960784 0.01960784]] [[0.01568628 0.00784314 0.02352941]  [0.01568628 0.00784314 0.01960784]  [0.01568628 0.00784314 0.01960784]  ...  [0.03921569 0.02745098 0.02352941]  [0.04313726 0.03137255 0.02745098]  [0.03921569 0.02745098 0.02352941]]]",4.559848977427464,38592,/home/amos/media/tv/The X-Files S01-S11 BluRay 10Bit 1080p Dts-HDMa5 1 HEVC-d3g/The X-Files S08 br 10bit dts hevc-d3g/The.X-Files.S08E07.Via.Negativa.1080p.BluRay.10Bit.Dts-HDMa5.1.HEVC-d3g.mkv394,1080,1920,0,267,145,970,267,85766,0.041,"[[[0.01176471 0.01176471 0.01568628]  [0.01176471 0.01176471 0.01568628]  [0.01176471 0.01176471 0.01568628]  ...  [0.01960784 0.00784314 0.00784314]  [0.01568628 0.00392157 0.00392157]  [0.01960784 0.00784314 0.00784314]] [[0.01176471 0.01176471 0.01568628]  [0.01176471 0.01176471 0.01568628]  [0.01176471 0.01176471 0.01568628]  ...  [0.01960784 0.00784314 0.00784314]  [0.01960784 0.01176471 0.00784314]  [0.01960784 0.01176471 0.00784314]] [[0.01176471 0.01176471 0.01568628]  [0.01176471 0.01176471 0.01568628]  [0.01176471 0.01176471 0.01568628]  ...  [0.02352941 0.00784314 0.00784314]  [0.01960784 0.00784314 0.00784314]  [0.01960784 0.00784314 0.00784314]] ... [[0.03137255 0.02745098 0.02745098]  [0.03921569 0.03529412 0.03529412]  [0.04313726 0.03921569 0.03921569]  ...  [0.17254902 0.0627451  0.05882353]  [0.15686275 0.05882353 0.05490196]  [0.13725491 0.05490196 0.05098039]] [[0.03137255 0.02745098 0.02745098]  [0.03529412 0.03137255 0.03137255]  [0.03921569 0.03529412 0.03529412]  ...  [0.15686275 0.05098039 0.04313726]  [0.14901961 0.05098039 0.04705882]  [0.15686275 0.07450981 0.06666667]] [[0.03529412 0.03137255 0.03137255]  [0.03529412 0.03137255 0.03137255]  [0.04313726 0.03921569 0.03921569]  ...  [0.14509805 0.04313726 0.03529412]  [0.16470589 0.06666667 0.05882353]  [0.20784314 0.12156863 0.11372549]]]",4.472913121979218,38760,/home/amos/media/tv/The X-Files S01-S11 BluRay 10Bit 1080p Dts-HDMa5 1 HEVC-d3g/The X-Files S08 br 10bit dts hevc-d3g/The.X-Files.S08E07.Via.Negativa.1080p.BluRay.10Bit.Dts-HDMa5.1.HEVC-d3g.mkv395,1080,1920,0,83,276,1312,83,237197,0.114,"[[[0.19607843 0.09019608 0.08627451]  [0.19607843 0.09019608 0.08627451]  [0.19607843 0.09019608 0.08627451]  ...  [0.01568628 0.01176471 0.01568628]  [0.01568628 0.01176471 0.01568628]  [0.         0.         0.        ]] [[0.19607843 0.09019608 0.08627451]  [0.19607843 0.09019608 0.08627451]  [0.19607843 0.09019608 0.08627451]  ...  [0.01960784 0.01176471 0.01568628]  [0.01568628 0.01176471 0.01568628]  [0.         0.         0.        ]] [[0.19607843 0.09019608 0.08627451]  [0.19607843 0.09019608 0.08627451]  [0.19607843 0.09019608 0.08627451]  ...  [0.02352941 0.01176471 0.01176471]  [0.01960784 0.01176471 0.01568628]  [0.         0.         0.        ]] ... [[0.2509804  0.10980392 0.09803922]  [0.2509804  0.10980392 0.09803922]  [0.2509804  0.10980392 0.09803922]  ...  [0.01960784 0.01568628 0.01960784]  [0.01960784 0.01568628 0.01960784]  [0.         0.         0.        ]] [[0.2509804  0.10980392 0.09803922]  [0.2509804  0.10980392 0.09803922]  [0.2509804  0.10980392 0.09803922]  ...  [0.01960784 0.01568628 0.01960784]  [0.01960784 0.01568628 0.01960784]  [0.         0.         0.        ]] [[0.         0.         0.        ]  [0.         0.         0.        ]  [0.         0.         0.        ]  ...  [0.         0.         0.        ]  [0.         0.         0.        ]  [0.         0.         0.        ]]]",1.6967611237778328,38808,/home/amos/media/tv/The X-Files S01-S11 BluRay 10Bit 1080p Dts-HDMa5 1 HEVC-d3g/The X-Files S08 br 10bit dts hevc-d3g/The.X-Files.S08E07.Via.Negativa.1080p.BluRay.10Bit.Dts-HDMa5.1.HEVC-d3g.mkv396,1080,1920,0,704,98,699,704,3030,0.001,"[[[0.03137255 0.00784314 0.01960784]  [0.03529412 0.01176471 0.02352941]  [0.04313726 0.02352941 0.02745098]  ...  [0.04705882 0.01568628 0.01960784]  [0.05882353 0.02745098 0.03137255]  [0.05098039 0.01960784 0.02352941]] [[0.03529412 0.01176471 0.02352941]  [0.03137255 0.00784314 0.01960784]  [0.02352941 0.00392157 0.01176471]  ...  [0.05882353 0.02352941 0.03137255]  [0.05490196 0.02352941 0.02745098]  [0.03921569 0.00784314 0.01176471]] [[0.03137255 0.00784314 0.01960784]  [0.02745098 0.00392157 0.01568628]  [0.04705882 0.02745098 0.03529412]  ...  [0.04313726 0.01568628 0.01568628]  [0.05490196 0.02352941 0.02745098]  [0.05490196 0.02352941 0.02745098]] ... [[0.01960784 0.01176471 0.01176471]  [0.01960784 0.00784314 0.01568628]  [0.01568628 0.         0.01176471]  ...  [0.01176471 0.00392157 0.00784314]  [0.02352941 0.01568628 0.01960784]  [0.01960784 0.01176471 0.01568628]] [[0.01960784 0.01176471 0.01176471]  [0.01960784 0.00784314 0.01568628]  [0.01568628 0.00392157 0.01568628]  ...  [0.01960784 0.01176471 0.01568628]  [0.01568628 0.00392157 0.01176471]  [0.01960784 0.00784314 0.01568628]] [[0.01960784 0.01176471 0.01176471]  [0.01960784 0.01176471 0.01568628]  [0.01568628 0.00392157 0.00784314]  ...  [0.01960784 0.00784314 0.01960784]  [0.01568628 0.00392157 0.01176471]  [0.01960784 0.00784314 0.01568628]]]",3.173162996012252,38880,/home/amos/media/tv/The X-Files S01-S11 BluRay 10Bit 1080p Dts-HDMa5 1 HEVC-d3g/The X-Files S08 br 10bit dts hevc-d3g/The.X-Files.S08E07.Via.Negativa.1080p.BluRay.10Bit.Dts-HDMa5.1.HEVC-d3g.mkv397,1080,1920,0,720,55,682,720,25270,0.012,"[[[0.0627451  0.05882353 0.05490196]  [0.05882353 0.05490196 0.05098039]  [0.05098039 0.04705882 0.04313726]  ...  [0.08235294 0.05490196 0.04705882]  [0.07450981 0.05098039 0.04705882]  [0.06666667 0.04705882 0.03921569]] [[0.05882353 0.05490196 0.05098039]  [0.05882353 0.05490196 0.05098039]  [0.0627451  0.05882353 0.05098039]  ...  [0.07843138 0.05098039 0.04705882]  [0.07450981 0.05490196 0.04705882]  [0.06666667 0.04705882 0.03921569]] [[0.05490196 0.05098039 0.04705882]  [0.05882353 0.05490196 0.05098039]  [0.05490196 0.05098039 0.04705882]  ...  [0.07843138 0.05098039 0.04705882]  [0.07450981 0.05490196 0.04705882]  [0.0627451  0.03921569 0.03529412]] ... [[0.06666667 0.0627451  0.05882353]  [0.05882353 0.05490196 0.05098039]  [0.06666667 0.0627451  0.05882353]  ...  [0.06666667 0.0627451  0.05882353]  [0.0627451  0.05882353 0.05490196]  [0.06666667 0.0627451  0.05882353]] [[0.06666667 0.0627451  0.05882353]  [0.06666667 0.0627451  0.05490196]  [0.0627451  0.05882353 0.05490196]  ...  [0.06666667 0.0627451  0.05882353]  [0.0627451  0.05882353 0.05490196]  [0.0627451  0.05882353 0.05490196]] [[0.06666667 0.0627451  0.05882353]  [0.06666667 0.0627451  0.05882353]  [0.0627451  0.05882353 0.05490196]  ...  [0.07450981 0.07058824 0.06666667]  [0.0627451  0.05882353 0.05490196]  [0.0627451  0.05882353 0.05490196]]]",7.317397101956885,38904,/home/amos/media/tv/The X-Files S01-S11 BluRay 10Bit 1080p Dts-HDMa5 1 HEVC-d3g/The X-Files S08 br 10bit dts hevc-d3g/The.X-Files.S08E07.Via.Negativa.1080p.BluRay.10Bit.Dts-HDMa5.1.HEVC-d3g.mkv398,1080,1920,0,724,51,652,724,48456,0.023,"[[[0.05098039 0.04705882 0.04313726]  [0.05490196 0.05098039 0.04705882]  [0.05490196 0.05098039 0.04705882]  ...  [0.04313726 0.02745098 0.02745098]  [0.04313726 0.02745098 0.02745098]  [0.04313726 0.02745098 0.02745098]] [[0.05882353 0.05098039 0.05098039]  [0.05490196 0.05098039 0.04705882]  [0.05882353 0.05490196 0.05098039]  ...  [0.04705882 0.03137255 0.03137255]  [0.04313726 0.02745098 0.02745098]  [0.04313726 0.02745098 0.02745098]] [[0.05882353 0.05490196 0.05098039]  [0.05490196 0.05098039 0.04705882]  [0.05490196 0.05098039 0.04705882]  ...  [0.05098039 0.03529412 0.03529412]  [0.04313726 0.02745098 0.02745098]  [0.04313726 0.02745098 0.02745098]] ... [[0.07058824 0.06666667 0.0627451 ]  [0.0627451  0.05882353 0.05882353]  [0.07058824 0.06666667 0.0627451 ]  ...  [0.07058824 0.0627451  0.0627451 ]  [0.06666667 0.0627451  0.05882353]  [0.06666667 0.0627451  0.05882353]] [[0.0627451  0.05882353 0.05490196]  [0.0627451  0.05882353 0.05490196]  [0.06666667 0.0627451  0.05882353]  ...  [0.07843138 0.06666667 0.06666667]  [0.06666667 0.0627451  0.05882353]  [0.06666667 0.0627451  0.05882353]] [[0.0627451  0.05882353 0.05490196]  [0.05882353 0.05490196 0.05098039]  [0.06666667 0.0627451  0.05882353]  ...  [0.08235294 0.07450981 0.07058824]  [0.07058824 0.0627451  0.0627451 ]  [0.07058824 0.06666667 0.0627451 ]]]",7.371690127241891,38928,/home/amos/media/tv/The X-Files S01-S11 BluRay 10Bit 1080p Dts-HDMa5 1 HEVC-d3g/The X-Files S08 br 10bit dts hevc-d3g/The.X-Files.S08E07.Via.Negativa.1080p.BluRay.10Bit.Dts-HDMa5.1.HEVC-d3g.mkv399,1080,1920,0,759,98,677,759,54202,0.026,"[[[0.02352941 0.02352941 0.02745098]  [0.01568628 0.01568628 0.01960784]  [0.01176471 0.01176471 0.01568628]  ...  [0.04313726 0.03921569 0.04313726]  [0.04313726 0.03921569 0.04313726]  [0.04313726 0.03921569 0.04313726]] [[0.02745098 0.02745098 0.03137255]  [0.01960784 0.01960784 0.02352941]  [0.01568628 0.01568628 0.01960784]  ...  [0.05098039 0.04705882 0.05098039]  [0.05098039 0.04705882 0.05098039]  [0.05098039 0.04705882 0.05098039]] [[0.03137255 0.03137255 0.03529412]  [0.01960784 0.01960784 0.02352941]  [0.01960784 0.01960784 0.02352941]  ...  [0.04705882 0.04313726 0.04705882]  [0.04705882 0.04313726 0.04705882]  [0.04313726 0.03921569 0.04313726]] ... [[0.06666667 0.0627451  0.05882353]  [0.06666667 0.0627451  0.05882353]  [0.07450981 0.07058824 0.06666667]  ...  [0.07058824 0.06666667 0.06666667]  [0.07058824 0.06666667 0.06666667]  [0.07058824 0.06666667 0.06666667]] [[0.07450981 0.07058824 0.06666667]  [0.06666667 0.0627451  0.05882353]  [0.07450981 0.07058824 0.06666667]  ...  [0.06666667 0.0627451  0.0627451 ]  [0.0627451  0.05882353 0.05882353]  [0.06666667 0.0627451  0.0627451 ]] [[0.07058824 0.06666667 0.0627451 ]  [0.0627451  0.05882353 0.05490196]  [0.07058824 0.06666667 0.0627451 ]  ...  [0.07058824 0.06666667 0.06666667]  [0.07058824 0.06666667 0.06666667]  [0.07058824 0.06666667 0.06666667]]]",5.20946510520298,38952,/home/amos/media/tv/The X-Files S01-S11 BluRay 10Bit 1080p Dts-HDMa5 1 HEVC-d3g/The X-Files S08 br 10bit dts hevc-d3g/The.X-Files.S08E07.Via.Negativa.1080p.BluRay.10Bit.Dts-HDMa5.1.HEVC-d3g.mkv400,1080,1920,0,770,56,662,770,77112,0.037,"[[[0.0627451  0.05882353 0.05490196]  [0.05098039 0.04705882 0.04313726]  [0.05490196 0.05490196 0.05098039]  ...  [0.04313726 0.03921569 0.03921569]  [0.04313726 0.04313726 0.03921569]  [0.04705882 0.04705882 0.04313726]] [[0.0627451  0.05882353 0.05490196]  [0.05098039 0.04705882 0.04313726]  [0.05490196 0.05490196 0.05098039]  ...  [0.04705882 0.04313726 0.04313726]  [0.05098039 0.05098039 0.04705882]  [0.04313726 0.04313726 0.04313726]] [[0.05098039 0.04705882 0.04313726]  [0.05882353 0.05490196 0.05098039]  [0.05882353 0.05882353 0.05490196]  ...  [0.05490196 0.05098039 0.05098039]  [0.05098039 0.04705882 0.04705882]  [0.05098039 0.05098039 0.05098039]] ... [[0.0627451  0.05882353 0.05490196]  [0.0627451  0.05882353 0.05490196]  [0.07058824 0.06666667 0.0627451 ]  ...  [0.07450981 0.07058824 0.07058824]  [0.07450981 0.07058824 0.06666667]  [0.07058824 0.06666667 0.0627451 ]] [[0.0627451  0.05882353 0.05490196]  [0.0627451  0.05882353 0.05490196]  [0.07058824 0.06666667 0.0627451 ]  ...  [0.07058824 0.07058824 0.07058824]  [0.07058824 0.06666667 0.0627451 ]  [0.07058824 0.06666667 0.0627451 ]] [[0.07058824 0.06666667 0.0627451 ]  [0.0627451  0.05882353 0.05490196]  [0.0627451  0.05882353 0.05490196]  ...  [0.07058824 0.06666667 0.06666667]  [0.06666667 0.0627451  0.05882353]  [0.07058824 0.06666667 0.0627451 ]]]",7.234076101507526,38976,/home/amos/media/tv/The X-Files S01-S11 BluRay 10Bit 1080p Dts-HDMa5 1 HEVC-d3g/The X-Files S08 br 10bit dts hevc-d3g/The.X-Files.S08E07.Via.Negativa.1080p.BluRay.10Bit.Dts-HDMa5.1.HEVC-d3g.mkv401,1080,1920,0,753,47,653,753,70600,0.034,"[[[0.05882353 0.05490196 0.05490196]  [0.05098039 0.04705882 0.04313726]  [0.05882353 0.05490196 0.05098039]  ...  [0.03921569 0.02745098 0.02745098]  [0.03529412 0.03137255 0.02745098]  [0.03529412 0.03137255 0.02745098]] [[0.05490196 0.05098039 0.04705882]  [0.05490196 0.05098039 0.04705882]  [0.0627451  0.05882353 0.05490196]  ...  [0.04313726 0.03137255 0.03137255]  [0.02745098 0.03137255 0.02352941]  [0.02745098 0.03137255 0.02352941]] [[0.05490196 0.05098039 0.04705882]  [0.05490196 0.05098039 0.04705882]  [0.05882353 0.05490196 0.05098039]  ...  [0.04313726 0.03137255 0.03137255]  [0.01960784 0.02352941 0.01568628]  [0.02745098 0.03137255 0.02745098]] ... [[0.05882353 0.05490196 0.05098039]  [0.0627451  0.05882353 0.05490196]  [0.0627451  0.05882353 0.05490196]  ...  [0.07058824 0.06666667 0.0627451 ]  [0.07058824 0.06666667 0.0627451 ]  [0.07058824 0.06666667 0.0627451 ]] [[0.07058824 0.06666667 0.0627451 ]  [0.06666667 0.0627451  0.05882353]  [0.0627451  0.05882353 0.05490196]  ...  [0.07058824 0.06666667 0.0627451 ]  [0.07058824 0.06666667 0.0627451 ]  [0.07058824 0.06666667 0.0627451 ]] [[0.07450981 0.07058824 0.06666667]  [0.06666667 0.0627451  0.05882353]  [0.0627451  0.0627451  0.05490196]  ...  [0.07058824 0.06666667 0.0627451 ]  [0.07058824 0.06666667 0.0627451 ]  [0.07058824 0.06666667 0.0627451 ]]]",8.11996606073808,39000,/home/amos/media/tv/The X-Files S01-S11 BluRay 10Bit 1080p Dts-HDMa5 1 HEVC-d3g/The X-Files S08 br 10bit dts hevc-d3g/The.X-Files.S08E07.Via.Negativa.1080p.BluRay.10Bit.Dts-HDMa5.1.HEVC-d3g.mkv402,1080,1920,0,741,84,741,741,0,0.0,"[[[0.02745098 0.02352941 0.02745098]  [0.02745098 0.02352941 0.02745098]  [0.02745098 0.02352941 0.02745098]  ...  [0.04705882 0.04705882 0.03921569]  [0.04705882 0.04705882 0.03921569]  [0.04705882 0.04705882 0.03921569]] [[0.02745098 0.02352941 0.02745098]  [0.02745098 0.02352941 0.02745098]  [0.02352941 0.01960784 0.02352941]  ...  [0.05098039 0.05098039 0.04313726]  [0.05098039 0.05098039 0.04313726]  [0.04705882 0.04705882 0.03921569]] [[0.02352941 0.01960784 0.02352941]  [0.02745098 0.02352941 0.02745098]  [0.02352941 0.01960784 0.02352941]  ...  [0.04313726 0.04313726 0.03529412]  [0.04705882 0.04705882 0.03921569]  [0.04705882 0.04705882 0.03921569]] ... [[0.07058824 0.06666667 0.06666667]  [0.0627451  0.05882353 0.05882353]  [0.05882353 0.05490196 0.05490196]  ...  [0.06666667 0.0627451  0.05882353]  [0.06666667 0.0627451  0.05882353]  [0.0627451  0.05882353 0.05490196]] [[0.0627451  0.05882353 0.05882353]  [0.0627451  0.05882353 0.05882353]  [0.0627451  0.05882353 0.05882353]  ...  [0.05490196 0.05098039 0.04705882]  [0.06666667 0.0627451  0.05882353]  [0.0627451  0.05882353 0.05490196]] [[0.07058824 0.06666667 0.06666667]  [0.0627451  0.05882353 0.05882353]  [0.0627451  0.05882353 0.05882353]  ...  [0.06666667 0.0627451  0.05882353]  [0.07058824 0.06666667 0.0627451 ]  [0.07450981 0.07058824 0.06666667]]]",5.085645988758188,39024,/home/amos/media/tv/The X-Files S01-S11 BluRay 10Bit 1080p Dts-HDMa5 1 HEVC-d3g/The X-Files S08 br 10bit dts hevc-d3g/The.X-Files.S08E07.Via.Negativa.1080p.BluRay.10Bit.Dts-HDMa5.1.HEVC-d3g.mkv403,1080,1920,0,635,62,835,635,114600,0.055,"[[[0.00784314 0.         0.01176471]  [0.00784314 0.         0.01176471]  [0.00784314 0.         0.01176471]  ...  [0.01176471 0.00392157 0.01960784]  [0.01176471 0.00392157 0.01960784]  [0.01176471 0.00392157 0.01960784]] [[0.00784314 0.         0.01568628]  [0.00784314 0.         0.01568628]  [0.00784314 0.         0.01568628]  ...  [0.00784314 0.         0.01176471]  [0.00784314 0.         0.01176471]  [0.01176471 0.00392157 0.01568628]] [[0.00784314 0.         0.01568628]  [0.00784314 0.         0.01568628]  [0.00784314 0.         0.01568628]  ...  [0.01176471 0.00392157 0.01568628]  [0.01176471 0.00392157 0.01176471]  [0.00784314 0.         0.01176471]] ... [[0.04705882 0.02745098 0.02352941]  [0.03921569 0.01960784 0.01568628]  [0.0627451  0.04313726 0.03921569]  ...  [0.01960784 0.00784314 0.01568628]  [0.01960784 0.00784314 0.01568628]  [0.02352941 0.01176471 0.01960784]] [[0.03529412 0.01568628 0.01568628]  [0.03529412 0.01568628 0.01568628]  [0.04705882 0.02745098 0.02745098]  ...  [0.01960784 0.00784314 0.01568628]  [0.01960784 0.00784314 0.01568628]  [0.02352941 0.01176471 0.01960784]] [[0.05098039 0.03137255 0.03137255]  [0.03137255 0.01176471 0.01176471]  [0.04705882 0.02745098 0.02745098]  ...  [0.01960784 0.00784314 0.01568628]  [0.01960784 0.00784314 0.01568628]  [0.01960784 0.00784314 0.01568628]]]",4.851283100142609,39096,/home/amos/media/tv/The X-Files S01-S11 BluRay 10Bit 1080p Dts-HDMa5 1 HEVC-d3g/The X-Files S08 br 10bit dts hevc-d3g/The.X-Files.S08E07.Via.Negativa.1080p.BluRay.10Bit.Dts-HDMa5.1.HEVC-d3g.mkv404,1080,1920,0,738,58,702,738,24480,0.012,"[[[0.01960784 0.01960784 0.02352941]  [0.02352941 0.02352941 0.02745098]  [0.02352941 0.02352941 0.02745098]  ...  [0.04313726 0.03529412 0.04313726]  [0.03921569 0.03921569 0.04313726]  [0.03921569 0.03921569 0.04313726]] [[0.01568628 0.01960784 0.02352941]  [0.01960784 0.02352941 0.02745098]  [0.01960784 0.02352941 0.02745098]  ...  [0.04313726 0.04313726 0.04313726]  [0.03921569 0.04313726 0.04313726]  [0.04313726 0.04313726 0.04705882]] [[0.01568628 0.01960784 0.02352941]  [0.01568628 0.02352941 0.02352941]  [0.01960784 0.02745098 0.02745098]  ...  [0.04705882 0.05098039 0.04313726]  [0.04705882 0.05098039 0.04313726]  [0.04705882 0.05098039 0.04313726]] ... [[0.05882353 0.05490196 0.05098039]  [0.06666667 0.0627451  0.05882353]  [0.0627451  0.05882353 0.0627451 ]  ...  [0.0627451  0.05882353 0.05490196]  [0.0627451  0.05882353 0.05490196]  [0.06666667 0.0627451  0.05882353]] [[0.07058824 0.06666667 0.0627451 ]  [0.07058824 0.06666667 0.0627451 ]  [0.06666667 0.0627451  0.0627451 ]  ...  [0.07058824 0.06666667 0.0627451 ]  [0.07058824 0.06666667 0.0627451 ]  [0.07058824 0.06666667 0.0627451 ]] [[0.05882353 0.05490196 0.05098039]  [0.06666667 0.0627451  0.05882353]  [0.06666667 0.05882353 0.0627451 ]  ...  [0.06666667 0.0627451  0.05882353]  [0.05882353 0.05490196 0.05098039]  [0.06666667 0.0627451  0.05882353]]]",4.003014997288119,39120,/home/amos/media/tv/The X-Files S01-S11 BluRay 10Bit 1080p Dts-HDMa5 1 HEVC-d3g/The X-Files S08 br 10bit dts hevc-d3g/The.X-Files.S08E07.Via.Negativa.1080p.BluRay.10Bit.Dts-HDMa5.1.HEVC-d3g.mkv405,1080,1920,0,697,34,722,697,16575,0.008,"[[[0.01960784 0.02352941 0.02352941]  [0.01960784 0.02352941 0.02352941]  [0.02352941 0.02745098 0.02745098]  ...  [0.07843138 0.07450981 0.08235294]  [0.07058824 0.07058824 0.07843138]  [0.         0.         0.        ]] [[0.01960784 0.02352941 0.02352941]  [0.01960784 0.02352941 0.02352941]  [0.02352941 0.02745098 0.02745098]  ...  [0.08235294 0.07843138 0.08627451]  [0.07058824 0.07058824 0.08235294]  [0.         0.         0.        ]] [[0.01960784 0.02352941 0.02352941]  [0.01960784 0.02352941 0.02352941]  [0.02352941 0.02745098 0.02745098]  ...  [0.08627451 0.08235294 0.09019608]  [0.07058824 0.07058824 0.07843138]  [0.         0.         0.        ]] ... [[0.06666667 0.0627451  0.05882353]  [0.0627451  0.05882353 0.05490196]  [0.0627451  0.05882353 0.05490196]  ...  [0.0627451  0.05882353 0.05490196]  [0.06666667 0.0627451  0.05490196]  [0.         0.         0.        ]] [[0.06666667 0.0627451  0.05882353]  [0.05882353 0.05490196 0.05098039]  [0.0627451  0.05882353 0.05490196]  ...  [0.0627451  0.05882353 0.05490196]  [0.07843138 0.07450981 0.07058824]  [0.         0.         0.        ]] [[0.         0.         0.        ]  [0.         0.         0.        ]  [0.         0.         0.        ]  ...  [0.         0.         0.        ]  [0.         0.         0.        ]  [0.         0.         0.        ]]]",3.7274870718247257,39144,/home/amos/media/tv/The X-Files S01-S11 BluRay 10Bit 1080p Dts-HDMa5 1 HEVC-d3g/The X-Files S08 br 10bit dts hevc-d3g/The.X-Files.S08E07.Via.Negativa.1080p.BluRay.10Bit.Dts-HDMa5.1.HEVC-d3g.mkv406,1080,1920,0,690,52,718,690,17864,0.009,"[[[0.02352941 0.02352941 0.02745098]  [0.02745098 0.02352941 0.02745098]  [0.03137255 0.02352941 0.03137255]  ...  [0.07450981 0.05882353 0.07450981]  [0.07450981 0.0627451  0.07843138]  [0.         0.         0.        ]] [[0.02352941 0.02352941 0.02745098]  [0.02745098 0.02352941 0.02745098]  [0.02745098 0.01960784 0.02745098]  ...  [0.07843138 0.0627451  0.07843138]  [0.07450981 0.06666667 0.08235294]  [0.         0.         0.        ]] [[0.02352941 0.02352941 0.02745098]  [0.02745098 0.02352941 0.02745098]  [0.02745098 0.01960784 0.02745098]  ...  [0.08235294 0.06666667 0.08235294]  [0.07843138 0.07058824 0.08627451]  [0.         0.         0.        ]] ... [[0.07058824 0.06666667 0.0627451 ]  [0.05882353 0.05490196 0.05098039]  [0.05098039 0.04705882 0.04313726]  ...  [0.0627451  0.05882353 0.05882353]  [0.0627451  0.05882353 0.05882353]  [0.         0.         0.        ]] [[0.0627451  0.05882353 0.05490196]  [0.07058824 0.06666667 0.0627451 ]  [0.06666667 0.0627451  0.05882353]  ...  [0.0627451  0.05882353 0.0627451 ]  [0.0627451  0.05882353 0.05882353]  [0.         0.         0.        ]] [[0.         0.         0.        ]  [0.         0.         0.        ]  [0.         0.         0.        ]  ...  [0.         0.         0.        ]  [0.         0.         0.        ]  [0.         0.         0.        ]]]",5.5729240497457795,39168,/home/amos/media/tv/The X-Files S01-S11 BluRay 10Bit 1080p Dts-HDMa5 1 HEVC-d3g/The X-Files S08 br 10bit dts hevc-d3g/The.X-Files.S08E07.Via.Negativa.1080p.BluRay.10Bit.Dts-HDMa5.1.HEVC-d3g.mkv407,1080,1920,0,733,38,697,733,25020,0.012,"[[[0.00784314 0.01568628 0.01568628]  [0.01568628 0.02352941 0.02352941]  [0.01960784 0.02352941 0.02352941]  ...  [0.06666667 0.05882353 0.06666667]  [0.05490196 0.04705882 0.05490196]  [0.04313726 0.03529412 0.04313726]] [[0.01176471 0.01960784 0.01960784]  [0.01568628 0.02352941 0.02352941]  [0.01960784 0.02352941 0.02352941]  ...  [0.05882353 0.05098039 0.05882353]  [0.05882353 0.05098039 0.05882353]  [0.05098039 0.04313726 0.05098039]] [[0.01176471 0.01960784 0.01960784]  [0.01568628 0.02352941 0.02352941]  [0.01960784 0.02352941 0.02352941]  ...  [0.06666667 0.05882353 0.06666667]  [0.05882353 0.05098039 0.05882353]  [0.05098039 0.04313726 0.05098039]] ... [[0.05882353 0.05490196 0.05098039]  [0.06666667 0.0627451  0.05882353]  [0.06666667 0.0627451  0.05882353]  ...  [0.06666667 0.0627451  0.05882353]  [0.0627451  0.05882353 0.05490196]  [0.06666667 0.0627451  0.05882353]] [[0.06666667 0.05882353 0.05490196]  [0.06666667 0.05882353 0.05490196]  [0.0627451  0.05882353 0.05490196]  ...  [0.0627451  0.05882353 0.05490196]  [0.06666667 0.0627451  0.05882353]  [0.0627451  0.05882353 0.05490196]] [[0.0627451  0.05882353 0.05490196]  [0.06666667 0.0627451  0.05882353]  [0.06666667 0.0627451  0.05882353]  ...  [0.0627451  0.05882353 0.05490196]  [0.06666667 0.0627451  0.05882353]  [0.06666667 0.0627451  0.05882353]]]",6.809656028810423,39192,/home/amos/media/tv/The X-Files S01-S11 BluRay 10Bit 1080p Dts-HDMa5 1 HEVC-d3g/The X-Files S08 br 10bit dts hevc-d3g/The.X-Files.S08E07.Via.Negativa.1080p.BluRay.10Bit.Dts-HDMa5.1.HEVC-d3g.mkv408,1080,1920,0,92,141,1223,92,55419,0.027,"[[[0.06666667 0.07058824 0.05882353]  [0.06666667 0.07058824 0.05882353]  [0.06666667 0.06666667 0.0627451 ]  ...  [0.08235294 0.06666667 0.0627451 ]  [0.07450981 0.05882353 0.05882353]  [0.07450981 0.05882353 0.05882353]] [[0.06666667 0.07058824 0.05882353]  [0.06666667 0.07058824 0.05882353]  [0.06666667 0.06666667 0.0627451 ]  ...  [0.08235294 0.06666667 0.0627451 ]  [0.07450981 0.05882353 0.05882353]  [0.07450981 0.05882353 0.05882353]] [[0.06666667 0.07058824 0.05882353]  [0.06666667 0.07058824 0.05882353]  [0.0627451  0.06666667 0.0627451 ]  ...  [0.07843138 0.0627451  0.05882353]  [0.07450981 0.05882353 0.05490196]  [0.07058824 0.05490196 0.05490196]] ... [[0.00784314 0.01176471 0.02352941]  [0.00784314 0.01176471 0.02352941]  [0.01176471 0.01176471 0.02352941]  ...  [0.04705882 0.03529412 0.02745098]  [0.04705882 0.03529412 0.02352941]  [0.04705882 0.03137255 0.02352941]] [[0.00784314 0.01176471 0.02352941]  [0.00784314 0.01176471 0.02352941]  [0.01176471 0.01176471 0.02745098]  ...  [0.04705882 0.03529412 0.02745098]  [0.04313726 0.03137255 0.02352941]  [0.04313726 0.03137255 0.02352941]] [[0.00784314 0.01176471 0.02352941]  [0.00784314 0.01176471 0.02352941]  [0.01176471 0.01176471 0.02352941]  ...  [0.04313726 0.03529412 0.02745098]  [0.04313726 0.03137255 0.02352941]  [0.04313726 0.03137255 0.02352941]]]",4.564619070966728,39288,/home/amos/media/tv/The X-Files S01-S11 BluRay 10Bit 1080p Dts-HDMa5 1 HEVC-d3g/The X-Files S08 br 10bit dts hevc-d3g/The.X-Files.S08E07.Via.Negativa.1080p.BluRay.10Bit.Dts-HDMa5.1.HEVC-d3g.mkv409,1080,1920,0,74,172,1055,74,96138,0.046,"[[[0.01568628 0.01568628 0.03137255]  [0.01568628 0.01568628 0.03137255]  [0.01568628 0.01568628 0.03137255]  ...  [0.10196079 0.07843138 0.07450981]  [0.10196079 0.08235294 0.07843138]  [0.10196079 0.08235294 0.07843138]] [[0.01568628 0.01568628 0.03137255]  [0.01568628 0.01568628 0.03137255]  [0.01568628 0.01568628 0.03137255]  ...  [0.10588235 0.07843138 0.07450981]  [0.10196079 0.08235294 0.07843138]  [0.10196079 0.08235294 0.07843138]] [[0.01568628 0.01568628 0.03137255]  [0.01568628 0.01568628 0.03137255]  [0.01568628 0.01568628 0.03137255]  ...  [0.10196079 0.07843138 0.07058824]  [0.10196079 0.08235294 0.07450981]  [0.10196079 0.08235294 0.07450981]] ... [[0.05882353 0.03529412 0.03921569]  [0.05882353 0.03529412 0.03921569]  [0.05882353 0.04313726 0.04313726]  ...  [0.02352941 0.01176471 0.02745098]  [0.02352941 0.00784314 0.03137255]  [0.02352941 0.00784314 0.03137255]] [[0.05098039 0.03137255 0.03529412]  [0.05098039 0.03137255 0.03529412]  [0.05490196 0.03529412 0.03921569]  ...  [0.02352941 0.00784314 0.02745098]  [0.02352941 0.00784314 0.03137255]  [0.02352941 0.00784314 0.03137255]] [[0.05098039 0.03137255 0.03529412]  [0.05098039 0.03137255 0.03529412]  [0.05490196 0.03529412 0.03921569]  ...  [0.02352941 0.00784314 0.02745098]  [0.02352941 0.00784314 0.03137255]  [0.02352941 0.00784314 0.03137255]]]",3.3513580576400273,39312,/home/amos/media/tv/The X-Files S01-S11 BluRay 10Bit 1080p Dts-HDMa5 1 HEVC-d3g/The X-Files S08 br 10bit dts hevc-d3g/The.X-Files.S08E07.Via.Negativa.1080p.BluRay.10Bit.Dts-HDMa5.1.HEVC-d3g.mkv410,1080,1920,0,92,147,1150,92,58190,0.028,"[[[0.02745098 0.02352941 0.01960784]  [0.02745098 0.02352941 0.01960784]  [0.02352941 0.01960784 0.01568628]  ...  [0.0627451  0.05490196 0.03921569]  [0.0627451  0.05490196 0.03921569]  [0.0627451  0.05490196 0.03921569]] [[0.02745098 0.02352941 0.01960784]  [0.02352941 0.02352941 0.01568628]  [0.02352941 0.01960784 0.01568628]  ...  [0.0627451  0.05490196 0.04313726]  [0.0627451  0.05490196 0.03921569]  [0.0627451  0.05490196 0.03921569]] [[0.02352941 0.01960784 0.01568628]  [0.02352941 0.01960784 0.01568628]  [0.02352941 0.01960784 0.01568628]  ...  [0.06666667 0.05882353 0.04313726]  [0.0627451  0.05490196 0.03921569]  [0.0627451  0.05490196 0.03921569]] ... [[0.01568628 0.01568628 0.02745098]  [0.01568628 0.01568628 0.02745098]  [0.01568628 0.01568628 0.02745098]  ...  [0.04705882 0.04313726 0.04705882]  [0.04313726 0.03921569 0.04313726]  [0.03921569 0.03529412 0.03921569]] [[0.01568628 0.01568628 0.02745098]  [0.01568628 0.01568628 0.02745098]  [0.01568628 0.01568628 0.02745098]  ...  [0.05098039 0.04705882 0.05098039]  [0.04705882 0.04313726 0.04705882]  [0.04705882 0.03921569 0.04705882]] [[0.01568628 0.01568628 0.02745098]  [0.01568628 0.01568628 0.02745098]  [0.01568628 0.01568628 0.02745098]  ...  [0.05098039 0.04705882 0.05098039]  [0.04705882 0.04313726 0.04705882]  [0.04705882 0.04313726 0.04705882]]]",7.548111004172824,39336,/home/amos/media/tv/The X-Files S01-S11 BluRay 10Bit 1080p Dts-HDMa5 1 HEVC-d3g/The X-Files S08 br 10bit dts hevc-d3g/The.X-Files.S08E07.Via.Negativa.1080p.BluRay.10Bit.Dts-HDMa5.1.HEVC-d3g.mkv411,1080,1920,1,77,170,1036,77,89187,0.043,"[[[0.01568628 0.01568628 0.02745098]  [0.01568628 0.01568628 0.02745098]  [0.01568628 0.01568628 0.02745098]  ...  [0.05098039 0.03137255 0.02745098]  [0.05490196 0.02745098 0.01960784]  [0.05490196 0.02745098 0.01960784]] [[0.01568628 0.01568628 0.02745098]  [0.01568628 0.01568628 0.02745098]  [0.01568628 0.01568628 0.02745098]  ...  [0.05098039 0.03137255 0.02745098]  [0.05490196 0.02745098 0.01960784]  [0.05490196 0.02745098 0.01960784]] [[0.01568628 0.01568628 0.02745098]  [0.01568628 0.01568628 0.02745098]  [0.01568628 0.01568628 0.02745098]  ...  [0.05098039 0.03137255 0.02745098]  [0.05098039 0.02745098 0.01960784]  [0.05098039 0.02352941 0.01568628]] ... [[0.01176471 0.00392157 0.00392157]  [0.01176471 0.00392157 0.00392157]  [0.01568628 0.00784314 0.00784314]  ...  [0.00784314 0.00784314 0.01568628]  [0.00784314 0.00784314 0.01568628]  [0.00784314 0.00784314 0.01568628]] [[0.01176471 0.00392157 0.00392157]  [0.01176471 0.00392157 0.00392157]  [0.01568628 0.00784314 0.00784314]  ...  [0.00784314 0.00784314 0.01568628]  [0.00784314 0.00784314 0.01568628]  [0.00784314 0.00784314 0.01568628]] [[0.01176471 0.00392157 0.00392157]  [0.01176471 0.00392157 0.00392157]  [0.01176471 0.00784314 0.00784314]  ...  [0.00784314 0.00784314 0.01568628]  [0.00784314 0.00784314 0.01568628]  [0.00784314 0.00784314 0.01568628]]]",2.764940022607334,39336,/home/amos/media/tv/The X-Files S01-S11 BluRay 10Bit 1080p Dts-HDMa5 1 HEVC-d3g/The X-Files S08 br 10bit dts hevc-d3g/The.X-Files.S08E07.Via.Negativa.1080p.BluRay.10Bit.Dts-HDMa5.1.HEVC-d3g.mkv412,1080,1920,2,99,403,888,99,239856,0.116,"[[[0.07450981 0.05098039 0.05882353]  [0.07450981 0.05490196 0.0627451 ]  [0.08235294 0.05882353 0.06666667]  ...  [0.02352941 0.01568628 0.02745098]  [0.02745098 0.01960784 0.03137255]  [0.02745098 0.01960784 0.03137255]] [[0.07450981 0.05098039 0.05882353]  [0.07450981 0.05490196 0.0627451 ]  [0.08235294 0.05882353 0.06666667]  ...  [0.02352941 0.01568628 0.02745098]  [0.02745098 0.01960784 0.03137255]  [0.02745098 0.01960784 0.03137255]] [[0.07450981 0.05098039 0.05882353]  [0.07843138 0.05490196 0.05882353]  [0.08235294 0.0627451  0.06666667]  ...  [0.02745098 0.01960784 0.03137255]  [0.02745098 0.01960784 0.03137255]  [0.03137255 0.01960784 0.03137255]] ... [[0.04705882 0.         0.        ]  [0.04705882 0.         0.        ]  [0.04705882 0.         0.        ]  ...  [0.         0.00784314 0.01568628]  [0.00392157 0.00784314 0.01960784]  [0.00392157 0.00784314 0.01960784]] [[0.04313726 0.         0.        ]  [0.04313726 0.         0.        ]  [0.04313726 0.         0.        ]  ...  [0.00392157 0.00784314 0.01960784]  [0.00392157 0.00784314 0.01960784]  [0.00392157 0.00784314 0.01960784]] [[0.04313726 0.         0.        ]  [0.04313726 0.         0.        ]  [0.04313726 0.         0.        ]  ...  [0.00392157 0.00784314 0.01960784]  [0.00392157 0.00784314 0.01960784]  [0.00392157 0.00784314 0.01960784]]]",4.0404781106626615,39336,/home/amos/media/tv/The X-Files S01-S11 BluRay 10Bit 1080p Dts-HDMa5 1 HEVC-d3g/The X-Files S08 br 10bit dts hevc-d3g/The.X-Files.S08E07.Via.Negativa.1080p.BluRay.10Bit.Dts-HDMa5.1.HEVC-d3g.mkv413,1080,1920,0,100,403,859,100,229977,0.111,"[[[0.06666667 0.05490196 0.05490196]  [0.06666667 0.05490196 0.05490196]  [0.07058824 0.05882353 0.05882353]  ...  [0.00784314 0.01176471 0.03137255]  [0.00784314 0.01568628 0.02745098]  [0.00784314 0.01568628 0.02745098]] [[0.06666667 0.05490196 0.05490196]  [0.07058824 0.05882353 0.05882353]  [0.07058824 0.05882353 0.05882353]  ...  [0.00784314 0.01176471 0.02745098]  [0.00784314 0.01176471 0.02745098]  [0.00784314 0.01568628 0.02745098]] [[0.07058824 0.05882353 0.05882353]  [0.07058824 0.0627451  0.0627451 ]  [0.07450981 0.0627451  0.0627451 ]  ...  [0.00784314 0.01176471 0.02745098]  [0.00392157 0.01176471 0.02352941]  [0.00392157 0.01176471 0.02352941]] ... [[0.0627451  0.01176471 0.01176471]  [0.0627451  0.01176471 0.01176471]  [0.0627451  0.01176471 0.00784314]  ...  [0.00784314 0.00784314 0.01960784]  [0.00784314 0.00784314 0.01960784]  [0.00784314 0.00784314 0.01960784]] [[0.07058824 0.01960784 0.01960784]  [0.07058824 0.01960784 0.01960784]  [0.07058824 0.02352941 0.01568628]  ...  [0.00784314 0.00784314 0.01960784]  [0.00784314 0.00784314 0.01960784]  [0.00784314 0.00784314 0.01960784]] [[0.07450981 0.02352941 0.02352941]  [0.07450981 0.02352941 0.02352941]  [0.07450981 0.02745098 0.01960784]  ...  [0.00784314 0.00784314 0.01960784]  [0.00784314 0.00784314 0.01960784]  [0.00784314 0.00784314 0.01960784]]]",4.579380132840015,39360,/home/amos/media/tv/The X-Files S01-S11 BluRay 10Bit 1080p Dts-HDMa5 1 HEVC-d3g/The X-Files S08 br 10bit dts hevc-d3g/The.X-Files.S08E07.Via.Negativa.1080p.BluRay.10Bit.Dts-HDMa5.1.HEVC-d3g.mkv414,1080,1920,0,208,363,612,208,62620,0.03,"[[[0.04705882 0.04313726 0.05098039]  [0.05098039 0.04705882 0.05490196]  [0.05098039 0.04313726 0.05490196]  ...  [0.09803922 0.08235294 0.08235294]  [0.08627451 0.07058824 0.07058824]  [0.08627451 0.07058824 0.07058824]] [[0.04705882 0.04313726 0.05490196]  [0.05098039 0.04705882 0.05882353]  [0.05098039 0.04313726 0.05490196]  ...  [0.09411765 0.08235294 0.08235294]  [0.08627451 0.07058824 0.07058824]  [0.08627451 0.07058824 0.07058824]] [[0.05098039 0.04705882 0.0627451 ]  [0.05490196 0.05098039 0.0627451 ]  [0.05490196 0.04705882 0.0627451 ]  ...  [0.08627451 0.07058824 0.07058824]  [0.08627451 0.07058824 0.07058824]  [0.09019608 0.07450981 0.07450981]] ... [[0.08627451 0.08235294 0.07058824]  [0.08627451 0.08235294 0.07058824]  [0.08627451 0.08235294 0.07058824]  ...  [0.25882354 0.13725491 0.10588235]  [0.25882354 0.13725491 0.10588235]  [0.2627451  0.14117648 0.10980392]] [[0.08627451 0.08235294 0.07058824]  [0.08627451 0.08235294 0.07058824]  [0.08627451 0.08235294 0.07058824]  ...  [0.25490198 0.13725491 0.10980392]  [0.25490198 0.13333334 0.10196079]  [0.2627451  0.14117648 0.10980392]] [[0.08627451 0.08235294 0.07058824]  [0.08627451 0.08235294 0.07058824]  [0.08627451 0.08235294 0.07058824]  ...  [0.25882354 0.14117648 0.10980392]  [0.25490198 0.13333334 0.10196079]  [0.2627451  0.14117648 0.10980392]]]",5.043927965511102,39480,/home/amos/media/tv/The X-Files S01-S11 BluRay 10Bit 1080p Dts-HDMa5 1 HEVC-d3g/The X-Files S08 br 10bit dts hevc-d3g/The.X-Files.S08E07.Via.Negativa.1080p.BluRay.10Bit.Dts-HDMa5.1.HEVC-d3g.mkv415,1080,1920,0,95,158,777,95,42966,0.021,"[[[0.21960784 0.1764706  0.17254902]  [0.22352941 0.18039216 0.1764706 ]  [0.23529412 0.1882353  0.1882353 ]  ...  [0.10588235 0.07058824 0.05882353]  [0.10588235 0.07058824 0.05882353]  [0.         0.         0.        ]] [[0.21960784 0.1764706  0.17254902]  [0.22352941 0.18039216 0.1764706 ]  [0.23529412 0.1882353  0.1882353 ]  ...  [0.10588235 0.07058824 0.05882353]  [0.10588235 0.07058824 0.05882353]  [0.         0.         0.        ]] [[0.21960784 0.1764706  0.17254902]  [0.22352941 0.18039216 0.1764706 ]  [0.23529412 0.1882353  0.1882353 ]  ...  [0.10980392 0.07450981 0.0627451 ]  [0.10588235 0.07058824 0.0627451 ]  [0.         0.         0.        ]] ... [[0.44313726 0.36078432 0.3372549 ]  [0.44313726 0.36078432 0.3372549 ]  [0.44313726 0.36078432 0.3372549 ]  ...  [0.17254902 0.08235294 0.08235294]  [0.17254902 0.08235294 0.08235294]  [0.         0.         0.        ]] [[0.44313726 0.36078432 0.3372549 ]  [0.44313726 0.36078432 0.3372549 ]  [0.44313726 0.36078432 0.3372549 ]  ...  [0.17254902 0.08235294 0.08235294]  [0.17254902 0.08235294 0.08235294]  [0.         0.         0.        ]] [[0.         0.         0.        ]  [0.         0.         0.        ]  [0.         0.         0.        ]  ...  [0.         0.         0.        ]  [0.         0.         0.        ]  [0.         0.         0.        ]]]",2.830509065708611,39600,/home/amos/media/tv/The X-Files S01-S11 BluRay 10Bit 1080p Dts-HDMa5 1 HEVC-d3g/The X-Files S08 br 10bit dts hevc-d3g/The.X-Files.S08E07.Via.Negativa.1080p.BluRay.10Bit.Dts-HDMa5.1.HEVC-d3g.mkv416,1080,1920,0,435,190,654,435,53655,0.026,"[[[0.10980392 0.06666667 0.0627451 ]  [0.12156863 0.07450981 0.07450981]  [0.1254902  0.07450981 0.07450981]  ...  [0.15294118 0.14509805 0.13725491]  [0.16470589 0.15294118 0.14509805]  [0.1764706  0.15686275 0.14901961]] [[0.1254902  0.08235294 0.07450981]  [0.12156863 0.07058824 0.07058824]  [0.1254902  0.07450981 0.07450981]  ...  [0.16078432 0.15294118 0.14509805]  [0.17254902 0.15686275 0.14901961]  [0.1764706  0.16078432 0.15294118]] [[0.1254902  0.08235294 0.07843138]  [0.12156863 0.07058824 0.07058824]  [0.14117648 0.09019608 0.09019608]  ...  [0.17254902 0.15686275 0.15686275]  [0.1764706  0.16078432 0.15686275]  [0.1764706  0.15686275 0.15294118]] ... [[0.27450982 0.18431373 0.14117648]  [0.27450982 0.18039216 0.14509805]  [0.2784314  0.18431373 0.14901961]  ...  [0.16078432 0.14117648 0.15686275]  [0.16862746 0.14509805 0.16470589]  [0.17254902 0.15294118 0.16862746]] [[0.2784314  0.18431373 0.14509805]  [0.2784314  0.18431373 0.14509805]  [0.28235295 0.1882353  0.15294118]  ...  [0.16078432 0.14117648 0.15686275]  [0.17254902 0.15294118 0.16862746]  [0.1764706  0.15686275 0.16862746]] [[0.28235295 0.1882353  0.14901961]  [0.2784314  0.18431373 0.14901961]  [0.27058825 0.1764706  0.14117648]  ...  [0.14901961 0.12941177 0.14901961]  [0.17254902 0.15294118 0.16862746]  [0.18039216 0.16078432 0.17254902]]]",1.0365110409329645,39648,/home/amos/media/tv/The X-Files S01-S11 BluRay 10Bit 1080p Dts-HDMa5 1 HEVC-d3g/The X-Files S08 br 10bit dts hevc-d3g/The.X-Files.S08E07.Via.Negativa.1080p.BluRay.10Bit.Dts-HDMa5.1.HEVC-d3g.mkv417,1080,1920,0,429,197,642,429,49416,0.024,"[[[0.14117648 0.09411765 0.09411765]  [0.1254902  0.07450981 0.07450981]  [0.1254902  0.07450981 0.07450981]  ...  [0.14117648 0.1254902  0.13333334]  [0.14117648 0.1254902  0.13333334]  [0.14509805 0.12941177 0.14117648]] [[0.13333334 0.09019608 0.08627451]  [0.11372549 0.0627451  0.0627451 ]  [0.1254902  0.07450981 0.07843138]  ...  [0.13725491 0.12156863 0.12941177]  [0.13725491 0.12156863 0.12941177]  [0.14509805 0.12941177 0.13725491]] [[0.13333334 0.08235294 0.09019608]  [0.1254902  0.07450981 0.07843138]  [0.1254902  0.07450981 0.07843138]  ...  [0.14509805 0.12941177 0.13725491]  [0.14901961 0.12941177 0.13725491]  [0.15686275 0.13725491 0.14509805]] ... [[0.27058825 0.17254902 0.14117648]  [0.26666668 0.16862746 0.14117648]  [0.26666668 0.16862746 0.14509805]  ...  [0.16078432 0.13725491 0.15686275]  [0.16078432 0.14117648 0.15686275]  [0.16862746 0.14509805 0.16078432]] [[0.27450982 0.18039216 0.14509805]  [0.27450982 0.18039216 0.14509805]  [0.27058825 0.17254902 0.14509805]  ...  [0.16078432 0.13725491 0.15686275]  [0.16470589 0.14117648 0.16078432]  [0.16470589 0.14117648 0.15686275]] [[0.2784314  0.18431373 0.14509805]  [0.2784314  0.18431373 0.14509805]  [0.2784314  0.18431373 0.14509805]  ...  [0.16862746 0.14509805 0.16470589]  [0.16078432 0.13725491 0.15686275]  [0.15686275 0.13333334 0.15294118]]]",3.5909430418978445,39696,/home/amos/media/tv/The X-Files S01-S11 BluRay 10Bit 1080p Dts-HDMa5 1 HEVC-d3g/The X-Files S08 br 10bit dts hevc-d3g/The.X-Files.S08E07.Via.Negativa.1080p.BluRay.10Bit.Dts-HDMa5.1.HEVC-d3g.mkv418,1080,1920,0,462,171,620,462,45978,0.022,"[[[0.05882353 0.04705882 0.0627451 ]  [0.05098039 0.03921569 0.05882353]  [0.05098039 0.03529412 0.05882353]  ...  [0.15294118 0.13725491 0.13725491]  [0.16078432 0.14509805 0.14117648]  [0.16470589 0.14509805 0.14117648]] [[0.05882353 0.04705882 0.0627451 ]  [0.05882353 0.04705882 0.06666667]  [0.05098039 0.03921569 0.0627451 ]  ...  [0.15686275 0.14117648 0.14117648]  [0.15686275 0.14117648 0.13725491]  [0.16470589 0.14509805 0.14117648]] [[0.05490196 0.04313726 0.05490196]  [0.05882353 0.04705882 0.06666667]  [0.0627451  0.04313726 0.07058824]  ...  [0.14901961 0.13333334 0.13333334]  [0.16078432 0.14509805 0.14117648]  [0.1764706  0.15686275 0.15686275]] ... [[0.27450982 0.1764706  0.15686275]  [0.27450982 0.1764706  0.15294118]  [0.27058825 0.17254902 0.14509805]  ...  [0.16078432 0.13725491 0.14901961]  [0.17254902 0.15294118 0.16470589]  [0.18039216 0.16078432 0.17254902]] [[0.27450982 0.1764706  0.15294118]  [0.2784314  0.1764706  0.15294118]  [0.27058825 0.17254902 0.14509805]  ...  [0.17254902 0.15294118 0.16470589]  [0.17254902 0.15294118 0.16470589]  [0.17254902 0.15294118 0.16470589]] [[0.27450982 0.1764706  0.17254902]  [0.2784314  0.1764706  0.18039216]  [0.27450982 0.1764706  0.15294118]  ...  [0.16078432 0.14117648 0.15294118]  [0.16078432 0.14117648 0.15294118]  [0.16078432 0.14117648 0.15294118]]]",2.557452079781797,39792,/home/amos/media/tv/The X-Files S01-S11 BluRay 10Bit 1080p Dts-HDMa5 1 HEVC-d3g/The X-Files S08 br 10bit dts hevc-d3g/The.X-Files.S08E07.Via.Negativa.1080p.BluRay.10Bit.Dts-HDMa5.1.HEVC-d3g.mkv419,1080,1920,0,462,173,583,462,34969,0.017,"[[[0.04705882 0.03529412 0.05490196]  [0.04313726 0.03137255 0.05490196]  [0.04313726 0.03137255 0.05490196]  ...  [0.13725491 0.11372549 0.14117648]  [0.13725491 0.11372549 0.14117648]  [0.14901961 0.1254902  0.15294118]] [[0.05098039 0.03921569 0.0627451 ]  [0.04313726 0.02745098 0.05490196]  [0.04313726 0.02745098 0.05490196]  ...  [0.13333334 0.10980392 0.13333334]  [0.14509805 0.12156863 0.14901961]  [0.15686275 0.13333334 0.16470589]] [[0.05882353 0.04705882 0.07058824]  [0.04705882 0.03137255 0.05882353]  [0.04705882 0.02745098 0.05490196]  ...  [0.14901961 0.1254902  0.14117648]  [0.13725491 0.11372549 0.13333334]  [0.13333334 0.10980392 0.13333334]] ... [[0.27058825 0.17254902 0.14901961]  [0.27058825 0.17254902 0.14901961]  [0.27058825 0.16862746 0.14901961]  ...  [0.14509805 0.13333334 0.16078432]  [0.14509805 0.12941177 0.15686275]  [0.14901961 0.12941177 0.15686275]] [[0.26666668 0.16862746 0.14509805]  [0.27450982 0.1764706  0.15294118]  [0.27450982 0.18039216 0.15686275]  ...  [0.14117648 0.1254902  0.14509805]  [0.13725491 0.1254902  0.14117648]  [0.14117648 0.12156863 0.14901961]] [[0.26666668 0.16862746 0.14117648]  [0.26666668 0.16862746 0.14117648]  [0.26666668 0.16862746 0.14509805]  ...  [0.13725491 0.1254902  0.13725491]  [0.13333334 0.12156863 0.13333334]  [0.13725491 0.12156863 0.14509805]]]",3.5973200827720575,39816,/home/amos/media/tv/The X-Files S01-S11 BluRay 10Bit 1080p Dts-HDMa5 1 HEVC-d3g/The X-Files S08 br 10bit dts hevc-d3g/The.X-Files.S08E07.Via.Negativa.1080p.BluRay.10Bit.Dts-HDMa5.1.HEVC-d3g.mkv420,1080,1920,0,130,446,947,130,258172,0.125,"[[[0.1882353  0.14509805 0.12156863]  [0.18039216 0.13725491 0.11372549]  [0.17254902 0.12941177 0.10588235]  ...  [0.31764707 0.20392157 0.1882353 ]  [0.32156864 0.20784314 0.19607843]  [0.3254902  0.21176471 0.2       ]] [[0.19215687 0.14901961 0.1254902 ]  [0.1882353  0.14117648 0.11764706]  [0.1764706  0.13333334 0.10980392]  ...  [0.31764707 0.20392157 0.1882353 ]  [0.3254902  0.21176471 0.19607843]  [0.3254902  0.21176471 0.2       ]] [[0.2        0.15294118 0.12941177]  [0.19215687 0.14509805 0.12156863]  [0.18431373 0.13725491 0.11372549]  ...  [0.32156864 0.20784314 0.19215687]  [0.3254902  0.21176471 0.19607843]  [0.32941177 0.21568628 0.2       ]] ... [[0.2        0.15294118 0.14117648]  [0.2        0.15294118 0.14117648]  [0.20392157 0.15686275 0.14509805]  ...  [0.3372549  0.21960784 0.21568628]  [0.32941177 0.21176471 0.20784314]  [0.3254902  0.20784314 0.20392157]] [[0.2        0.15294118 0.13725491]  [0.20392157 0.15686275 0.14117648]  [0.20784314 0.16078432 0.14509805]  ...  [0.34117648 0.22352941 0.22352941]  [0.3372549  0.21960784 0.21568628]  [0.33333334 0.21568628 0.21176471]] [[0.2        0.15294118 0.13725491]  [0.20392157 0.15686275 0.14117648]  [0.21176471 0.16470589 0.14901961]  ...  [0.34509805 0.22745098 0.22745098]  [0.34117648 0.22352941 0.22352941]  [0.3372549  0.21960784 0.21960784]]]",1.6874299577320926,39864,/home/amos/media/tv/The X-Files S01-S11 BluRay 10Bit 1080p Dts-HDMa5 1 HEVC-d3g/The X-Files S08 br 10bit dts hevc-d3g/The.X-Files.S08E07.Via.Negativa.1080p.BluRay.10Bit.Dts-HDMa5.1.HEVC-d3g.mkv421,1080,1920,0,55,273,913,55,187044,0.09,"[[[0.24313726 0.18039216 0.1882353 ]  [0.24313726 0.18039216 0.1882353 ]  [0.2509804  0.18431373 0.19215687]  ...  [0.21176471 0.15686275 0.16078432]  [0.21176471 0.15686275 0.16078432]  [0.         0.         0.        ]] [[0.24313726 0.18039216 0.1882353 ]  [0.24313726 0.18039216 0.1882353 ]  [0.2509804  0.18431373 0.19215687]  ...  [0.21176471 0.15686275 0.16078432]  [0.21176471 0.15686275 0.16078432]  [0.         0.         0.        ]] [[0.24313726 0.18039216 0.1882353 ]  [0.24313726 0.18039216 0.1882353 ]  [0.25490198 0.18431373 0.19607843]  ...  [0.21176471 0.15686275 0.16078432]  [0.21176471 0.15686275 0.16078432]  [0.         0.         0.        ]] ... [[0.24313726 0.18039216 0.16862746]  [0.24313726 0.18039216 0.16862746]  [0.25490198 0.18431373 0.1764706 ]  ...  [0.8        0.5764706  0.6509804 ]  [0.8        0.5764706  0.6509804 ]  [0.         0.         0.        ]] [[0.24313726 0.18039216 0.16862746]  [0.24313726 0.18039216 0.16862746]  [0.25490198 0.18431373 0.1764706 ]  ...  [0.8        0.5764706  0.6509804 ]  [0.8        0.5764706  0.6509804 ]  [0.         0.         0.        ]] [[0.         0.         0.        ]  [0.         0.         0.        ]  [0.         0.         0.        ]  ...  [0.         0.         0.        ]  [0.         0.         0.        ]  [0.         0.         0.        ]]]",1.8433360945782624,40056,/home/amos/media/tv/The X-Files S01-S11 BluRay 10Bit 1080p Dts-HDMa5 1 HEVC-d3g/The X-Files S08 br 10bit dts hevc-d3g/The.X-Files.S08E07.Via.Negativa.1080p.BluRay.10Bit.Dts-HDMa5.1.HEVC-d3g.mkv422,1080,1920,0,771,53,692,771,56722,0.027,"[[[0.2509804  0.18431373 0.09803922]  [0.2509804  0.18039216 0.09803922]  [0.25490198 0.18431373 0.10588235]  ...  [0.04705882 0.03529412 0.04313726]  [0.07058824 0.05882353 0.05882353]  [0.08235294 0.07058824 0.07058824]] [[0.24705882 0.1882353  0.09019608]  [0.27058825 0.2        0.11372549]  [0.2627451  0.19607843 0.10588235]  ...  [0.05490196 0.04313726 0.05098039]  [0.05882353 0.04705882 0.04705882]  [0.07058824 0.05882353 0.05882353]] [[0.2627451  0.20392157 0.10196079]  [0.26666668 0.19607843 0.10980392]  [0.24705882 0.1764706  0.09019608]  ...  [0.06666667 0.05490196 0.0627451 ]  [0.06666667 0.05490196 0.05490196]  [0.07843138 0.06666667 0.06666667]] ... [[0.2784314  0.25490198 0.25490198]  [0.2784314  0.25490198 0.26666668]  [0.26666668 0.24313726 0.25882354]  ...  [0.02352941 0.02352941 0.04313726]  [0.01960784 0.01960784 0.03921569]  [0.02745098 0.02745098 0.04705882]] [[0.29803923 0.27058825 0.2784314 ]  [0.29411766 0.26666668 0.27450982]  [0.28235295 0.25490198 0.2627451 ]  ...  [0.01568628 0.01568628 0.03529412]  [0.01568628 0.01568628 0.03529412]  [0.01568628 0.01568628 0.03529412]] [[0.30588236 0.2784314  0.28627452]  [0.3137255  0.28627452 0.29411766]  [0.32156864 0.29411766 0.3019608 ]  ...  [0.01960784 0.01960784 0.03921569]  [0.01176471 0.01176471 0.03137255]  [0.01568628 0.01568628 0.03529412]]]",4.18398406036431,40176,/home/amos/media/tv/The X-Files S01-S11 BluRay 10Bit 1080p Dts-HDMa5 1 HEVC-d3g/The X-Files S08 br 10bit dts hevc-d3g/The.X-Files.S08E07.Via.Negativa.1080p.BluRay.10Bit.Dts-HDMa5.1.HEVC-d3g.mkv423,1080,1920,0,757,27,649,757,78840,0.038,"[[[0.24313726 0.1882353  0.1254902 ]  [0.2509804  0.1882353  0.1254902 ]  [0.23137255 0.17254902 0.09803922]  ...  [0.0627451  0.05882353 0.07058824]  [0.03921569 0.03529412 0.04705882]  [0.05882353 0.05490196 0.0627451 ]] [[0.25882354 0.20392157 0.14117648]  [0.2627451  0.2        0.13725491]  [0.25882354 0.2        0.1254902 ]  ...  [0.0627451  0.05882353 0.07058824]  [0.03529412 0.03137255 0.04313726]  [0.05490196 0.04705882 0.05882353]] [[0.26666668 0.21176471 0.14509805]  [0.25490198 0.19607843 0.12941177]  [0.22352941 0.16470589 0.08627451]  ...  [0.05882353 0.05490196 0.06666667]  [0.02745098 0.02352941 0.03529412]  [0.04705882 0.04705882 0.05490196]] ... [[0.23137255 0.21568628 0.20784314]  [0.22745098 0.21176471 0.20392157]  [0.22745098 0.21176471 0.20392157]  ...  [0.03529412 0.03529412 0.05098039]  [0.03921569 0.03921569 0.05490196]  [0.02745098 0.02745098 0.04313726]] [[0.19607843 0.18039216 0.1764706 ]  [0.21176471 0.19607843 0.19215687]  [0.21568628 0.2        0.19607843]  ...  [0.02745098 0.02745098 0.04313726]  [0.02745098 0.02745098 0.04313726]  [0.03137255 0.03137255 0.04705882]] [[0.2        0.18431373 0.18431373]  [0.23921569 0.22352941 0.22352941]  [0.22745098 0.21176471 0.20784314]  ...  [0.02745098 0.02745098 0.04313726]  [0.02745098 0.02745098 0.04313726]  [0.02745098 0.02745098 0.04313726]]]",1.8102570776245557,40200,/home/amos/media/tv/The X-Files S01-S11 BluRay 10Bit 1080p Dts-HDMa5 1 HEVC-d3g/The X-Files S08 br 10bit dts hevc-d3g/The.X-Files.S08E07.Via.Negativa.1080p.BluRay.10Bit.Dts-HDMa5.1.HEVC-d3g.mkv424,1080,1920,0,55,761,1354,55,917094,0.442,"[[[0.03921569 0.02745098 0.04313726]  [0.03921569 0.02745098 0.04313726]  [0.03921569 0.02745098 0.04313726]  ...  [0.0627451  0.05490196 0.06666667]  [0.0627451  0.05490196 0.06666667]  [0.         0.         0.        ]] [[0.03921569 0.02745098 0.04313726]  [0.03921569 0.02745098 0.04313726]  [0.03921569 0.02745098 0.04313726]  ...  [0.0627451  0.05490196 0.06666667]  [0.0627451  0.05490196 0.06666667]  [0.         0.         0.        ]] [[0.03921569 0.02745098 0.04313726]  [0.03921569 0.02745098 0.04313726]  [0.03921569 0.02745098 0.04313726]  ...  [0.0627451  0.05490196 0.06666667]  [0.0627451  0.05490196 0.06666667]  [0.         0.         0.        ]] ... [[0.09411765 0.07450981 0.09411765]  [0.09411765 0.07450981 0.09411765]  [0.09803922 0.07843138 0.09803922]  ...  [0.03529412 0.02745098 0.04705882]  [0.03529412 0.02745098 0.04705882]  [0.         0.         0.        ]] [[0.09411765 0.07450981 0.09411765]  [0.09411765 0.07450981 0.09411765]  [0.09803922 0.07843138 0.09803922]  ...  [0.03529412 0.02745098 0.04705882]  [0.03529412 0.02745098 0.04705882]  [0.         0.         0.        ]] [[0.         0.         0.        ]  [0.         0.         0.        ]  [0.         0.         0.        ]  ...  [0.         0.         0.        ]  [0.         0.         0.        ]  [0.         0.         0.        ]]]",1.1276679303846322,40224,/home/amos/media/tv/The X-Files S01-S11 BluRay 10Bit 1080p Dts-HDMa5 1 HEVC-d3g/The X-Files S08 br 10bit dts hevc-d3g/The.X-Files.S08E07.Via.Negativa.1080p.BluRay.10Bit.Dts-HDMa5.1.HEVC-d3g.mkv425,1080,1920,0,418,181,685,418,63279,0.031,"[[[0. 0. 0.]  [0. 0. 0.]  [0. 0. 0.]  ...  [0. 0. 0.]  [0. 0. 0.]  [0. 0. 0.]] [[0. 0. 0.]  [0. 0. 0.]  [0. 0. 0.]  ...  [0. 0. 0.]  [0. 0. 0.]  [0. 0. 0.]] [[0. 0. 0.]  [0. 0. 0.]  [0. 0. 0.]  ...  [0. 0. 0.]  [0. 0. 0.]  [0. 0. 0.]] ... [[0. 0. 0.]  [0. 0. 0.]  [0. 0. 0.]  ...  [0. 0. 0.]  [0. 0. 0.]  [0. 0. 0.]] [[0. 0. 0.]  [0. 0. 0.]  [0. 0. 0.]  ...  [0. 0. 0.]  [0. 0. 0.]  [0. 0. 0.]] [[0. 0. 0.]  [0. 0. 0.]  [0. 0. 0.]  ...  [0. 0. 0.]  [0. 0. 0.]  [0. 0. 0.]]]",1.6032350833411328,40272,/home/amos/media/tv/The X-Files S01-S11 BluRay 10Bit 1080p Dts-HDMa5 1 HEVC-d3g/The X-Files S08 br 10bit dts hevc-d3g/The.X-Files.S08E07.Via.Negativa.1080p.BluRay.10Bit.Dts-HDMa5.1.HEVC-d3g.mkv426,1080,1920,0,464,183,648,464,51704,0.025,"[[[0.0627451  0.03137255 0.05098039]  [0.08627451 0.05490196 0.07058824]  [0.09019608 0.05882353 0.07058824]  ...  [0.12156863 0.10980392 0.10980392]  [0.11764706 0.10588235 0.10588235]  [0.12941177 0.11764706 0.11764706]] [[0.07058824 0.03921569 0.05882353]  [0.05490196 0.02352941 0.04313726]  [0.07843138 0.04705882 0.05882353]  ...  [0.12156863 0.10980392 0.10980392]  [0.11764706 0.10588235 0.10588235]  [0.12941177 0.11764706 0.11764706]] [[0.07843138 0.05098039 0.07058824]  [0.0627451  0.03137255 0.04705882]  [0.09019608 0.0627451  0.07450981]  ...  [0.12156863 0.10980392 0.10980392]  [0.11764706 0.10588235 0.10588235]  [0.1254902  0.11372549 0.11372549]] ... [[0.2627451  0.16470589 0.12156863]  [0.2627451  0.16470589 0.12156863]  [0.26666668 0.16862746 0.1254902 ]  ...  [0.14509805 0.12156863 0.14117648]  [0.14901961 0.1254902  0.14117648]  [0.14901961 0.1254902  0.14117648]] [[0.25882354 0.16078432 0.12156863]  [0.2627451  0.16470589 0.12156863]  [0.26666668 0.16862746 0.1254902 ]  ...  [0.14509805 0.12156863 0.13725491]  [0.16470589 0.14117648 0.15686275]  [0.15294118 0.12941177 0.14509805]] [[0.25882354 0.16078432 0.11764706]  [0.2627451  0.16470589 0.12156863]  [0.2627451  0.16470589 0.12156863]  ...  [0.14509805 0.12156863 0.13725491]  [0.14901961 0.1254902  0.14117648]  [0.14901961 0.1254902  0.14117648]]]",1.699027067690622,40344,/home/amos/media/tv/The X-Files S01-S11 BluRay 10Bit 1080p Dts-HDMa5 1 HEVC-d3g/The X-Files S08 br 10bit dts hevc-d3g/The.X-Files.S08E07.Via.Negativa.1080p.BluRay.10Bit.Dts-HDMa5.1.HEVC-d3g.mkv427,1080,1920,0,465,187,530,465,18070,0.009,"[[[0.10980392 0.05882353 0.05098039]  [0.11764706 0.06666667 0.05882353]  [0.12156863 0.07058824 0.05882353]  ...  [0.10980392 0.09019608 0.09411765]  [0.11764706 0.09411765 0.10588235]  [0.12156863 0.09803922 0.11372549]] [[0.10980392 0.0627451  0.05490196]  [0.11764706 0.06666667 0.05490196]  [0.11764706 0.06666667 0.05490196]  ...  [0.11372549 0.09019608 0.09803922]  [0.11372549 0.09411765 0.10588235]  [0.11764706 0.09803922 0.11372549]] [[0.12156863 0.07058824 0.0627451 ]  [0.12156863 0.07058824 0.05882353]  [0.11372549 0.0627451  0.05098039]  ...  [0.11372549 0.09411765 0.10196079]  [0.11764706 0.09803922 0.10980392]  [0.1254902  0.10588235 0.11764706]] ... [[0.24705882 0.15686275 0.11764706]  [0.24705882 0.16078432 0.11764706]  [0.23921569 0.14509805 0.10980392]  ...  [0.28627452 0.1764706  0.12941177]  [0.28627452 0.18039216 0.13333334]  [0.2901961  0.18039216 0.14117648]] [[0.2509804  0.15686275 0.12156863]  [0.23921569 0.14901961 0.10980392]  [0.24313726 0.15686275 0.11372549]  ...  [0.28627452 0.1764706  0.12941177]  [0.28627452 0.1764706  0.13333334]  [0.2901961  0.18039216 0.13725491]] [[0.24705882 0.15686275 0.11764706]  [0.24313726 0.15294118 0.11372549]  [0.24313726 0.15686275 0.11372549]  ...  [0.28235295 0.17254902 0.1254902 ]  [0.2784314  0.16862746 0.12941177]  [0.28627452 0.1764706  0.13725491]]]",2.539448043971788,40392,/home/amos/media/tv/The X-Files S01-S11 BluRay 10Bit 1080p Dts-HDMa5 1 HEVC-d3g/The X-Files S08 br 10bit dts hevc-d3g/The.X-Files.S08E07.Via.Negativa.1080p.BluRay.10Bit.Dts-HDMa5.1.HEVC-d3g.mkv428,1080,1920,0,578,160,574,578,1672,0.001,"[[[0.04705882 0.02745098 0.04313726]  [0.04705882 0.02745098 0.04313726]  [0.02745098 0.00784314 0.02352941]  ...  [0.24705882 0.2        0.18431373]  [0.2509804  0.20392157 0.1882353 ]  [0.2509804  0.20392157 0.1882353 ]] [[0.03137255 0.01176471 0.02745098]  [0.04313726 0.02352941 0.04313726]  [0.03921569 0.02352941 0.03921569]  ...  [0.22745098 0.19215687 0.1764706 ]  [0.22745098 0.1882353  0.17254902]  [0.23921569 0.19215687 0.18039216]] [[0.05490196 0.03137255 0.05098039]  [0.03921569 0.01960784 0.03921569]  [0.03529412 0.01568628 0.03529412]  ...  [0.22352941 0.1882353  0.1764706 ]  [0.22745098 0.19215687 0.18039216]  [0.22352941 0.18431373 0.17254902]] ... [[0.24313726 0.14901961 0.10588235]  [0.23921569 0.14509805 0.10588235]  [0.23921569 0.14509805 0.10588235]  ...  [0.36862746 0.33333334 0.34901962]  [0.38039216 0.34509805 0.36078432]  [0.38039216 0.34509805 0.36078432]] [[0.2509804  0.15686275 0.11372549]  [0.24313726 0.15294118 0.11372549]  [0.24313726 0.15294118 0.11372549]  ...  [0.36862746 0.33333334 0.34901962]  [0.37254903 0.3372549  0.3529412 ]  [0.38039216 0.34509805 0.36078432]] [[0.24705882 0.15294118 0.11372549]  [0.24705882 0.15294118 0.11372549]  [0.25490198 0.16078432 0.12156863]  ...  [0.3647059  0.32941177 0.34509805]  [0.37254903 0.33333334 0.3529412 ]  [0.3764706  0.34117648 0.35686275]]]",1.8975151136983186,40416,/home/amos/media/tv/The X-Files S01-S11 BluRay 10Bit 1080p Dts-HDMa5 1 HEVC-d3g/The X-Files S08 br 10bit dts hevc-d3g/The.X-Files.S08E07.Via.Negativa.1080p.BluRay.10Bit.Dts-HDMa5.1.HEVC-d3g.mkv429,1080,1920,0,613,76,589,613,12888,0.006,"[[[0.01568628 0.         0.01960784]  [0.01960784 0.00392157 0.02352941]  [0.01960784 0.00392157 0.02745098]  ...  [0.3254902  0.2627451  0.22745098]  [0.32156864 0.2627451  0.22745098]  [0.32156864 0.2627451  0.22745098]] [[0.01176471 0.         0.01568628]  [0.01176471 0.         0.01568628]  [0.01568628 0.00392157 0.02352941]  ...  [0.3254902  0.2627451  0.23137255]  [0.3254902  0.26666668 0.23137255]  [0.3254902  0.26666668 0.23137255]] [[0.01176471 0.         0.01568628]  [0.01176471 0.         0.01568628]  [0.00784314 0.         0.01176471]  ...  [0.32156864 0.2627451  0.22745098]  [0.32156864 0.2627451  0.22745098]  [0.32156864 0.2627451  0.22745098]] ... [[0.27450982 0.17254902 0.12156863]  [0.27450982 0.16862746 0.11764706]  [0.27450982 0.17254902 0.12156863]  ...  [0.35686275 0.32156864 0.34117648]  [0.34901962 0.30980393 0.32941177]  [0.3529412  0.31764707 0.32156864]] [[0.27450982 0.17254902 0.1254902 ]  [0.26666668 0.16470589 0.11372549]  [0.2627451  0.16078432 0.10980392]  ...  [0.34901962 0.30980393 0.32941177]  [0.3529412  0.3137255  0.33333334]  [0.35686275 0.32156864 0.3254902 ]] [[0.27058825 0.16862746 0.11764706]  [0.27058825 0.16470589 0.11372549]  [0.2784314  0.18039216 0.12941177]  ...  [0.34117648 0.3019608  0.33333334]  [0.3529412  0.3137255  0.34117648]  [0.34901962 0.3137255  0.32941177]]]",2.321486171684228,40464,/home/amos/media/tv/The X-Files S01-S11 BluRay 10Bit 1080p Dts-HDMa5 1 HEVC-d3g/The X-Files S08 br 10bit dts hevc-d3g/The.X-Files.S08E07.Via.Negativa.1080p.BluRay.10Bit.Dts-HDMa5.1.HEVC-d3g.mkv430,1080,1920,0,104,183,719,104,48585,0.023,"[[[0.20392157 0.16078432 0.18039216]  [0.20784314 0.16078432 0.1764706 ]  [0.21176471 0.16078432 0.17254902]  ...  [0.09803922 0.05490196 0.04705882]  [0.09803922 0.05490196 0.04705882]  [0.09803922 0.05490196 0.04705882]] [[0.20392157 0.16078432 0.1764706 ]  [0.20784314 0.16078432 0.17254902]  [0.21176471 0.16078432 0.17254902]  ...  [0.09803922 0.05490196 0.04313726]  [0.09803922 0.05490196 0.04313726]  [0.09803922 0.05490196 0.04313726]] [[0.20392157 0.16078432 0.16862746]  [0.20392157 0.16078432 0.16470589]  [0.21176471 0.16470589 0.16078432]  ...  [0.09803922 0.05882353 0.03921569]  [0.09803922 0.05882353 0.03921569]  [0.09803922 0.05882353 0.03921569]] ... [[0.14117648 0.10196079 0.09803922]  [0.14117648 0.10196079 0.09803922]  [0.14509805 0.10588235 0.09803922]  ...  [0.17254902 0.10588235 0.07843138]  [0.17254902 0.10588235 0.08235294]  [0.17254902 0.10588235 0.08627451]] [[0.14509805 0.10196079 0.09411765]  [0.14509805 0.10196079 0.09411765]  [0.14509805 0.10196079 0.09803922]  ...  [0.17254902 0.10196079 0.07450981]  [0.16862746 0.10588235 0.08235294]  [0.16862746 0.10588235 0.08627451]] [[0.14509805 0.10196079 0.09411765]  [0.14509805 0.10196079 0.09411765]  [0.14901961 0.10588235 0.09803922]  ...  [0.16862746 0.10196079 0.07450981]  [0.16862746 0.10588235 0.08235294]  [0.16862746 0.10588235 0.08627451]]]",2.2623871085816063,40608,/home/amos/media/tv/The X-Files S01-S11 BluRay 10Bit 1080p Dts-HDMa5 1 HEVC-d3g/The X-Files S08 br 10bit dts hevc-d3g/The.X-Files.S08E07.Via.Negativa.1080p.BluRay.10Bit.Dts-HDMa5.1.HEVC-d3g.mkv431,1080,1920,0,108,186,732,108,48672,0.023,"[[[0.2509804  0.15294118 0.13333334]  [0.2509804  0.15686275 0.13333334]  [0.25882354 0.16078432 0.14117648]  ...  [0.14509805 0.09411765 0.07058824]  [0.14117648 0.09019608 0.06666667]  [0.14117648 0.09019608 0.06666667]] [[0.2509804  0.15294118 0.13333334]  [0.2509804  0.15294118 0.13333334]  [0.25882354 0.16078432 0.14117648]  ...  [0.14901961 0.09411765 0.07450981]  [0.14509805 0.09019608 0.07058824]  [0.14117648 0.09019608 0.06666667]] [[0.24705882 0.14901961 0.12941177]  [0.2509804  0.15294118 0.13333334]  [0.25490198 0.15686275 0.13725491]  ...  [0.14901961 0.09803922 0.07450981]  [0.14509805 0.09411765 0.07058824]  [0.14509805 0.09411765 0.07058824]] ... [[0.14901961 0.09803922 0.07450981]  [0.14901961 0.09803922 0.07450981]  [0.14901961 0.09803922 0.07450981]  ...  [0.05098039 0.03529412 0.02745098]  [0.05098039 0.03529412 0.02745098]  [0.05098039 0.03529412 0.02745098]] [[0.16470589 0.10980392 0.07843138]  [0.16470589 0.10980392 0.07843138]  [0.16470589 0.10980392 0.07843138]  ...  [0.05098039 0.03137255 0.02352941]  [0.05098039 0.03529412 0.02745098]  [0.05098039 0.03529412 0.02745098]] [[0.17254902 0.11372549 0.07843138]  [0.17254902 0.11372549 0.07843138]  [0.17254902 0.11372549 0.07843138]  ...  [0.04705882 0.03137255 0.02352941]  [0.05098039 0.03529412 0.02745098]  [0.05098039 0.03529412 0.02745098]]]",1.5160550821456127,40632,/home/amos/media/tv/The X-Files S01-S11 BluRay 10Bit 1080p Dts-HDMa5 1 HEVC-d3g/The X-Files S08 br 10bit dts hevc-d3g/The.X-Files.S08E07.Via.Negativa.1080p.BluRay.10Bit.Dts-HDMa5.1.HEVC-d3g.mkv432,1080,1920,0,107,190,722,107,51045,0.025,"[[[0.24705882 0.15294118 0.14901961]  [0.2509804  0.15686275 0.15294118]  [0.25490198 0.16078432 0.15686275]  ...  [0.11764706 0.07843138 0.05882353]  [0.11764706 0.07843138 0.05882353]  [0.         0.         0.        ]] [[0.24313726 0.14901961 0.14509805]  [0.24705882 0.15294118 0.14901961]  [0.2509804  0.16078432 0.15686275]  ...  [0.11764706 0.07843138 0.05882353]  [0.11764706 0.07843138 0.05882353]  [0.         0.         0.        ]] [[0.23921569 0.14509805 0.14117648]  [0.23921569 0.14901961 0.14509805]  [0.24705882 0.15686275 0.15294118]  ...  [0.11764706 0.07843138 0.05882353]  [0.11764706 0.07843138 0.05882353]  [0.         0.         0.        ]] ... [[0.29803923 0.18039216 0.13333334]  [0.29803923 0.18039216 0.13333334]  [0.29803923 0.18039216 0.13333334]  ...  [0.03921569 0.01960784 0.01568628]  [0.03921569 0.01960784 0.01568628]  [0.         0.         0.        ]] [[0.30980393 0.1882353  0.13333334]  [0.30980393 0.1882353  0.13333334]  [0.30980393 0.1882353  0.13333334]  ...  [0.03921569 0.02352941 0.01568628]  [0.03921569 0.02352941 0.01568628]  [0.         0.         0.        ]] [[0.         0.         0.        ]  [0.         0.         0.        ]  [0.         0.         0.        ]  ...  [0.         0.         0.        ]  [0.         0.         0.        ]  [0.         0.         0.        ]]]",2.816095165151637,40704,/home/amos/media/tv/The X-Files S01-S11 BluRay 10Bit 1080p Dts-HDMa5 1 HEVC-d3g/The X-Files S08 br 10bit dts hevc-d3g/The.X-Files.S08E07.Via.Negativa.1080p.BluRay.10Bit.Dts-HDMa5.1.HEVC-d3g.mkv433,1080,1920,0,154,365,696,154,114362,0.055,"[[[0.46666667 0.37254903 0.37254903]  [0.4627451  0.36862746 0.36862746]  [0.45882353 0.3647059  0.36078432]  ...  [0.05098039 0.04313726 0.04705882]  [0.04705882 0.03921569 0.04313726]  [0.04705882 0.03921569 0.04313726]] [[0.47058824 0.37254903 0.37254903]  [0.46666667 0.36862746 0.36862746]  [0.45882353 0.3647059  0.36078432]  ...  [0.04705882 0.03921569 0.04313726]  [0.04705882 0.03921569 0.04313726]  [0.04705882 0.03921569 0.04313726]] [[0.46666667 0.3647059  0.3647059 ]  [0.4627451  0.3647059  0.3647059 ]  [0.45882353 0.36078432 0.35686275]  ...  [0.04313726 0.03529412 0.03921569]  [0.04313726 0.03529412 0.03921569]  [0.04705882 0.03921569 0.04313726]] ... [[0.18431373 0.07058824 0.07843138]  [0.22352941 0.10588235 0.11764706]  [0.2901961  0.16470589 0.1764706 ]  ...  [0.21960784 0.14509805 0.1254902 ]  [0.21960784 0.14901961 0.12941177]  [0.21568628 0.14509805 0.12941177]] [[0.18039216 0.07058824 0.07450981]  [0.20784314 0.09803922 0.10588235]  [0.27058825 0.15294118 0.16078432]  ...  [0.23921569 0.16470589 0.14509805]  [0.23137255 0.16078432 0.14117648]  [0.21960784 0.14509805 0.12941177]] [[0.1764706  0.07058824 0.07450981]  [0.2        0.09411765 0.09803922]  [0.25882354 0.14117648 0.14901961]  ...  [0.24705882 0.1764706  0.16078432]  [0.23529412 0.16470589 0.14901961]  [0.21568628 0.14509805 0.12941177]]]",3.1761700875940733,41040,/home/amos/media/tv/The X-Files S01-S11 BluRay 10Bit 1080p Dts-HDMa5 1 HEVC-d3g/The X-Files S08 br 10bit dts hevc-d3g/The.X-Files.S08E07.Via.Negativa.1080p.BluRay.10Bit.Dts-HDMa5.1.HEVC-d3g.mkv434,1080,1920,0,106,215,788,106,74338,0.036,"[[[0.17254902 0.09411765 0.08627451]  [0.16862746 0.09019608 0.08235294]  [0.15686275 0.07843138 0.07058824]  ...  [0.1764706  0.07843138 0.07450981]  [0.17254902 0.07843138 0.07058824]  [0.17254902 0.07843138 0.07058824]] [[0.17254902 0.09411765 0.08627451]  [0.16862746 0.09019608 0.08235294]  [0.16078432 0.08235294 0.07450981]  ...  [0.1764706  0.08235294 0.07450981]  [0.17254902 0.07843138 0.07058824]  [0.17254902 0.07843138 0.07058824]] [[0.1764706  0.09411765 0.08627451]  [0.1764706  0.09019608 0.08235294]  [0.16862746 0.08627451 0.07843138]  ...  [0.1764706  0.08235294 0.07450981]  [0.1764706  0.08235294 0.07450981]  [0.1764706  0.08235294 0.07058824]] ... [[0.3882353  0.28235295 0.25882354]  [0.38039216 0.27058825 0.24705882]  [0.3529412  0.24313726 0.22352941]  ...  [0.10588235 0.08235294 0.09411765]  [0.10588235 0.08235294 0.09411765]  [0.10588235 0.08235294 0.09411765]] [[0.39215687 0.28235295 0.25882354]  [0.38039216 0.27450982 0.24705882]  [0.3529412  0.24705882 0.21960784]  ...  [0.10588235 0.08235294 0.09411765]  [0.10588235 0.08235294 0.09803922]  [0.10980392 0.08627451 0.09803922]] [[0.39215687 0.28627452 0.25882354]  [0.38039216 0.27450982 0.24705882]  [0.3529412  0.24705882 0.21960784]  ...  [0.10588235 0.08235294 0.09411765]  [0.10980392 0.08627451 0.09803922]  [0.10980392 0.08627451 0.09803922]]]",3.053466063167434,41064,/home/amos/media/tv/The X-Files S01-S11 BluRay 10Bit 1080p Dts-HDMa5 1 HEVC-d3g/The X-Files S08 br 10bit dts hevc-d3g/The.X-Files.S08E07.Via.Negativa.1080p.BluRay.10Bit.Dts-HDMa5.1.HEVC-d3g.mkv435,1080,1920,0,106,217,782,106,75036,0.036,"[[[0.15294118 0.07843138 0.0627451 ]  [0.15294118 0.07843138 0.0627451 ]  [0.15686275 0.08235294 0.06666667]  ...  [0.20784314 0.09411765 0.10196079]  [0.20392157 0.09411765 0.09803922]  [0.20392157 0.09411765 0.09803922]] [[0.15294118 0.07843138 0.0627451 ]  [0.15294118 0.08235294 0.0627451 ]  [0.15686275 0.08627451 0.06666667]  ...  [0.20784314 0.09411765 0.10196079]  [0.20392157 0.09411765 0.09803922]  [0.20392157 0.09411765 0.09803922]] [[0.15294118 0.08235294 0.06666667]  [0.15294118 0.08235294 0.06666667]  [0.16078432 0.08627451 0.07450981]  ...  [0.20784314 0.09803922 0.10196079]  [0.20784314 0.09803922 0.10196079]  [0.20392157 0.09803922 0.10196079]] ... [[0.45490196 0.34901962 0.33333334]  [0.45490196 0.34509805 0.32941177]  [0.4509804  0.34509805 0.32941177]  ...  [0.06666667 0.04705882 0.05882353]  [0.07058824 0.04705882 0.0627451 ]  [0.07058824 0.05098039 0.0627451 ]] [[0.4509804  0.34509805 0.32941177]  [0.4509804  0.34509805 0.32941177]  [0.4509804  0.34117648 0.3254902 ]  ...  [0.06666667 0.04705882 0.05882353]  [0.06666667 0.04705882 0.0627451 ]  [0.07058824 0.05098039 0.0627451 ]] [[0.4509804  0.34509805 0.32941177]  [0.4509804  0.34509805 0.32941177]  [0.44705883 0.34117648 0.3254902 ]  ...  [0.06666667 0.04705882 0.05882353]  [0.06666667 0.05098039 0.05882353]  [0.07058824 0.05098039 0.0627451 ]]]",2.2286201987299137,41088,/home/amos/media/tv/The X-Files S01-S11 BluRay 10Bit 1080p Dts-HDMa5 1 HEVC-d3g/The X-Files S08 br 10bit dts hevc-d3g/The.X-Files.S08E07.Via.Negativa.1080p.BluRay.10Bit.Dts-HDMa5.1.HEVC-d3g.mkv436,1080,1920,0,111,211,761,111,65000,0.031,"[[[0.2509804  0.16470589 0.15294118]  [0.2509804  0.16470589 0.15294118]  [0.2509804  0.16470589 0.14901961]  ...  [0.16470589 0.09411765 0.08627451]  [0.16470589 0.09411765 0.08627451]  [0.         0.         0.        ]] [[0.25490198 0.16862746 0.15686275]  [0.25490198 0.16862746 0.15686275]  [0.25490198 0.16862746 0.15686275]  ...  [0.16470589 0.09411765 0.08627451]  [0.16470589 0.09411765 0.08627451]  [0.         0.         0.        ]] [[0.26666668 0.1764706  0.16862746]  [0.26666668 0.1764706  0.16862746]  [0.26666668 0.1764706  0.16862746]  ...  [0.16078432 0.09019608 0.08235294]  [0.16078432 0.09019608 0.08235294]  [0.         0.         0.        ]] ... [[0.12941177 0.10588235 0.10588235]  [0.13725491 0.10588235 0.10588235]  [0.14509805 0.10588235 0.10588235]  ...  [0.05490196 0.03921569 0.03921569]  [0.05490196 0.03921569 0.03921569]  [0.         0.         0.        ]] [[0.12941177 0.10588235 0.10588235]  [0.13333334 0.10588235 0.10588235]  [0.14509805 0.10196079 0.10196079]  ...  [0.05490196 0.03921569 0.03921569]  [0.05490196 0.03921569 0.03921569]  [0.         0.         0.        ]] [[0.         0.         0.        ]  [0.         0.         0.        ]  [0.         0.         0.        ]  ...  [0.         0.         0.        ]  [0.         0.         0.        ]  [0.         0.         0.        ]]]",1.2985222127172165,41112,/home/amos/media/tv/The X-Files S01-S11 BluRay 10Bit 1080p Dts-HDMa5 1 HEVC-d3g/The X-Files S08 br 10bit dts hevc-d3g/The.X-Files.S08E07.Via.Negativa.1080p.BluRay.10Bit.Dts-HDMa5.1.HEVC-d3g.mkv437,1080,1920,0,71,179,308,71,25596,0.012,"[[[0.38039216 0.27450982 0.28235295]  [0.38039216 0.27450982 0.28235295]  [0.38039216 0.27450982 0.28235295]  ...  [0.6784314  0.60784316 0.6039216 ]  [0.6784314  0.60784316 0.6039216 ]  [0.         0.         0.        ]] [[0.38039216 0.27450982 0.28235295]  [0.38039216 0.27450982 0.28235295]  [0.38039216 0.27450982 0.28235295]  ...  [0.6784314  0.60784316 0.6039216 ]  [0.6784314  0.60784316 0.6039216 ]  [0.         0.         0.        ]] [[0.38039216 0.27450982 0.28235295]  [0.38039216 0.27450982 0.28235295]  [0.38039216 0.27450982 0.28235295]  ...  [0.67058825 0.6        0.59607846]  [0.67058825 0.6        0.59607846]  [0.         0.         0.        ]] ... [[0.24313726 0.20392157 0.20392157]  [0.24313726 0.20392157 0.20392157]  [0.23921569 0.2        0.2       ]  ...  [0.5686275  0.5529412  0.5294118 ]  [0.5686275  0.5529412  0.5294118 ]  [0.         0.         0.        ]] [[0.24313726 0.20392157 0.20392157]  [0.24313726 0.20392157 0.20392157]  [0.23921569 0.2        0.2       ]  ...  [0.5686275  0.5529412  0.5294118 ]  [0.5686275  0.5529412  0.5294118 ]  [0.         0.         0.        ]] [[0.         0.         0.        ]  [0.         0.         0.        ]  [0.         0.         0.        ]  ...  [0.         0.         0.        ]  [0.         0.         0.        ]  [0.         0.         0.        ]]]",1.5449370273272507,41136,/home/amos/media/tv/The X-Files S01-S11 BluRay 10Bit 1080p Dts-HDMa5 1 HEVC-d3g/The X-Files S08 br 10bit dts hevc-d3g/The.X-Files.S08E07.Via.Negativa.1080p.BluRay.10Bit.Dts-HDMa5.1.HEVC-d3g.mkv438,1080,1920,0,76,262,1287,76,225246,0.109,"[[[0.28235295 0.27450982 0.26666668]  [0.28235295 0.27450982 0.26666668]  [0.2901961  0.2784314  0.27058825]  ...  [0.49019608 0.5294118  0.53333336]  [0.49019608 0.5294118  0.5372549 ]  [0.49019608 0.5294118  0.5372549 ]] [[0.28235295 0.27450982 0.26666668]  [0.28235295 0.27450982 0.26666668]  [0.2901961  0.2784314  0.27058825]  ...  [0.49019608 0.5294118  0.53333336]  [0.49019608 0.5294118  0.5372549 ]  [0.49019608 0.5294118  0.5372549 ]] [[0.28235295 0.27450982 0.26666668]  [0.28235295 0.27450982 0.26666668]  [0.2901961  0.2784314  0.27450982]  ...  [0.49411765 0.53333336 0.5372549 ]  [0.49411765 0.53333336 0.5411765 ]  [0.49411765 0.53333336 0.5411765 ]] ... [[0.3647059  0.34117648 0.36078432]  [0.3647059  0.34117648 0.36078432]  [0.36862746 0.34509805 0.3647059 ]  ...  [0.59607846 0.6431373  0.65882355]  [0.5921569  0.6392157  0.654902  ]  [0.5921569  0.6392157  0.654902  ]] [[0.36862746 0.34509805 0.3647059 ]  [0.36862746 0.34509805 0.3647059 ]  [0.37254903 0.34901962 0.36862746]  ...  [0.6039216  0.6509804  0.6666667 ]  [0.6039216  0.6509804  0.6666667 ]  [0.6039216  0.6509804  0.6666667 ]] [[0.36862746 0.34509805 0.3647059 ]  [0.36862746 0.34509805 0.3647059 ]  [0.37254903 0.34901962 0.3647059 ]  ...  [0.6039216  0.6509804  0.6666667 ]  [0.6039216  0.6509804  0.6666667 ]  [0.6039216  0.6509804  0.6666667 ]]]",1.8180901672458276,41352,/home/amos/media/tv/The X-Files S01-S11 BluRay 10Bit 1080p Dts-HDMa5 1 HEVC-d3g/The X-Files S08 br 10bit dts hevc-d3g/The.X-Files.S08E07.Via.Negativa.1080p.BluRay.10Bit.Dts-HDMa5.1.HEVC-d3g.mkv439,1080,1920,0,74,362,1430,74,390528,0.188,"[[[0.34901962 0.34901962 0.34117648]  [0.34901962 0.34901962 0.34117648]  [0.32156864 0.32156864 0.3137255 ]  ...  [0.4745098  0.5176471  0.5254902 ]  [0.4745098  0.52156866 0.5254902 ]  [0.4745098  0.52156866 0.5254902 ]] [[0.34901962 0.34901962 0.34117648]  [0.34901962 0.34901962 0.34117648]  [0.32156864 0.32156864 0.3137255 ]  ...  [0.4745098  0.52156866 0.5254902 ]  [0.4745098  0.52156866 0.5254902 ]  [0.4745098  0.52156866 0.5254902 ]] [[0.35686275 0.35686275 0.34901962]  [0.35686275 0.35686275 0.34901962]  [0.32941177 0.32941177 0.32156864]  ...  [0.47058824 0.5176471  0.52156866]  [0.4745098  0.5176471  0.5254902 ]  [0.4745098  0.5176471  0.5254902 ]] ... [[0.32941177 0.32156864 0.34509805]  [0.32941177 0.32156864 0.34509805]  [0.32941177 0.32156864 0.34509805]  ...  [0.2901961  0.30980393 0.32941177]  [0.29411766 0.3137255  0.33333334]  [0.29411766 0.3137255  0.33333334]] [[0.32941177 0.32156864 0.34509805]  [0.32941177 0.32156864 0.34509805]  [0.32941177 0.32156864 0.34509805]  ...  [0.29411766 0.3137255  0.33333334]  [0.29803923 0.31764707 0.3372549 ]  [0.29803923 0.31764707 0.3372549 ]] [[0.32941177 0.32156864 0.34509805]  [0.32941177 0.32156864 0.34509805]  [0.32941177 0.32156864 0.34509805]  ...  [0.29411766 0.3137255  0.33333334]  [0.29803923 0.31764707 0.3372549 ]  [0.29803923 0.31764707 0.3372549 ]]]",5.652205040270928,41376,/home/amos/media/tv/The X-Files S01-S11 BluRay 10Bit 1080p Dts-HDMa5 1 HEVC-d3g/The X-Files S08 br 10bit dts hevc-d3g/The.X-Files.S08E07.Via.Negativa.1080p.BluRay.10Bit.Dts-HDMa5.1.HEVC-d3g.mkv440,1080,1920,1,89,390,694,89,182105,0.088,"[[[0.7490196  0.58431375 0.6117647 ]  [0.7529412  0.5882353  0.6156863 ]  [0.76862746 0.6039216  0.6313726 ]  ...  [0.1764706  0.16470589 0.18431373]  [0.18039216 0.16862746 0.1882353 ]  [0.18039216 0.16862746 0.19215687]] [[0.7490196  0.58431375 0.6117647 ]  [0.7529412  0.5882353  0.6156863 ]  [0.77254903 0.60784316 0.63529414]  ...  [0.1764706  0.16470589 0.18431373]  [0.18039216 0.16862746 0.19215687]  [0.18039216 0.16862746 0.19215687]] [[0.75686276 0.5921569  0.61960787]  [0.7607843  0.59607846 0.62352943]  [0.78039217 0.6117647  0.6392157 ]  ...  [0.18039216 0.16470589 0.1882353 ]  [0.18431373 0.16862746 0.19215687]  [0.18431373 0.17254902 0.19607843]] ... [[0.87058824 0.75686276 0.76862746]  [0.85882354 0.7411765  0.75686276]  [0.8117647  0.69411767 0.7058824 ]  ...  [0.25882354 0.32156864 0.41960785]  [0.2627451  0.32156864 0.41960785]  [0.2627451  0.32156864 0.41960785]] [[0.9019608  0.8        0.8117647 ]  [0.8901961  0.7882353  0.8       ]  [0.84705883 0.74509805 0.75686276]  ...  [0.25882354 0.31764707 0.41960785]  [0.2627451  0.32156864 0.41960785]  [0.2627451  0.32156864 0.41960785]] [[0.9098039  0.8117647  0.8235294 ]  [0.8980392  0.8        0.8117647 ]  [0.85490197 0.75686276 0.7647059 ]  ...  [0.25882354 0.31764707 0.41960785]  [0.2627451  0.32156864 0.41960785]  [0.2627451  0.32156864 0.41960785]]]",2.325350024329964,41376,/home/amos/media/tv/The X-Files S01-S11 BluRay 10Bit 1080p Dts-HDMa5 1 HEVC-d3g/The X-Files S08 br 10bit dts hevc-d3g/The.X-Files.S08E07.Via.Negativa.1080p.BluRay.10Bit.Dts-HDMa5.1.HEVC-d3g.mkv441,1080,1920,0,102,726,1324,102,762528,0.368,"[[[0.2901961  0.3137255  0.41568628]  [0.2901961  0.30980393 0.41568628]  [0.28627452 0.30980393 0.4117647 ]  ...  [0.3254902  0.32941177 0.3254902 ]  [0.33333334 0.3372549  0.33333334]  [0.3372549  0.34117648 0.3372549 ]] [[0.2901961  0.3137255  0.41568628]  [0.28627452 0.3137255  0.41568628]  [0.28235295 0.30588236 0.40784314]  ...  [0.32156864 0.3254902  0.31764707]  [0.3254902  0.33333334 0.3254902 ]  [0.32941177 0.33333334 0.32941177]] [[0.2901961  0.3137255  0.41568628]  [0.28627452 0.30980393 0.4117647 ]  [0.28235295 0.30588236 0.40784314]  ...  [0.30980393 0.3137255  0.30588236]  [0.3137255  0.31764707 0.30980393]  [0.3137255  0.31764707 0.3137255 ]] ... [[0.3137255  0.28627452 0.35686275]  [0.3137255  0.2901961  0.35686275]  [0.31764707 0.29411766 0.36078432]  ...  [0.13333334 0.15294118 0.19607843]  [0.13725491 0.15686275 0.19607843]  [0.13725491 0.15686275 0.19607843]] [[0.30980393 0.28627452 0.3529412 ]  [0.30980393 0.2901961  0.3529412 ]  [0.31764707 0.29411766 0.36078432]  ...  [0.13725491 0.15686275 0.19607843]  [0.13725491 0.15686275 0.19607843]  [0.13725491 0.15686275 0.19607843]] [[0.30980393 0.28627452 0.3529412 ]  [0.30980393 0.2901961  0.3529412 ]  [0.31764707 0.29411766 0.36078432]  ...  [0.14117648 0.16078432 0.19607843]  [0.14117648 0.16078432 0.19607843]  [0.14117648 0.16078432 0.19607843]]]",5.13403003901476,41400,/home/amos/media/tv/The X-Files S01-S11 BluRay 10Bit 1080p Dts-HDMa5 1 HEVC-d3g/The X-Files S08 br 10bit dts hevc-d3g/The.X-Files.S08E07.Via.Negativa.1080p.BluRay.10Bit.Dts-HDMa5.1.HEVC-d3g.mkv442,1080,1920,0,64,745,1090,64,698706,0.337,"[[[0.16078432 0.06666667 0.05882353]  [0.16078432 0.06666667 0.05882353]  [0.16078432 0.06666667 0.05882353]  ...  [0.21568628 0.21960784 0.2627451 ]  [0.21960784 0.22352941 0.2627451 ]  [0.21960784 0.22352941 0.2627451 ]] [[0.16078432 0.06666667 0.05882353]  [0.16078432 0.06666667 0.05882353]  [0.16078432 0.06666667 0.05882353]  ...  [0.21568628 0.22352941 0.25882354]  [0.21960784 0.22352941 0.2627451 ]  [0.21960784 0.22352941 0.2627451 ]] [[0.16078432 0.07058824 0.0627451 ]  [0.16078432 0.07058824 0.0627451 ]  [0.16078432 0.06666667 0.0627451 ]  ...  [0.21960784 0.22352941 0.2627451 ]  [0.21960784 0.22352941 0.2627451 ]  [0.21960784 0.22352941 0.2627451 ]] ... [[0.16862746 0.07450981 0.07058824]  [0.16862746 0.07450981 0.07058824]  [0.16862746 0.07450981 0.07058824]  ...  [0.24705882 0.24705882 0.2901961 ]  [0.24313726 0.24313726 0.28627452]  [0.24313726 0.24313726 0.28627452]] [[0.16862746 0.07450981 0.07058824]  [0.16862746 0.07450981 0.07058824]  [0.16862746 0.07450981 0.07058824]  ...  [0.24313726 0.24313726 0.28627452]  [0.24313726 0.24313726 0.28627452]  [0.24313726 0.24313726 0.28627452]] [[0.16862746 0.07450981 0.07058824]  [0.16862746 0.07450981 0.07058824]  [0.16862746 0.07450981 0.07058824]  ...  [0.24705882 0.24705882 0.2901961 ]  [0.24313726 0.24313726 0.28627452]  [0.24313726 0.24313726 0.28627452]]]",2.212847068149131,41448,/home/amos/media/tv/The X-Files S01-S11 BluRay 10Bit 1080p Dts-HDMa5 1 HEVC-d3g/The X-Files S08 br 10bit dts hevc-d3g/The.X-Files.S08E07.Via.Negativa.1080p.BluRay.10Bit.Dts-HDMa5.1.HEVC-d3g.mkv443,1080,1920,0,148,246,967,148,80262,0.039,"[[[0.16470589 0.11764706 0.10196079]  [0.16078432 0.11372549 0.09803922]  [0.15686275 0.10980392 0.09411765]  ...  [0.23921569 0.20392157 0.2627451 ]  [0.22745098 0.2        0.25490198]  [0.22352941 0.2        0.2509804 ]] [[0.16078432 0.11372549 0.09803922]  [0.15686275 0.10980392 0.09411765]  [0.15294118 0.10588235 0.09019608]  ...  [0.23529412 0.20784314 0.2627451 ]  [0.23137255 0.20784314 0.25882354]  [0.23137255 0.20784314 0.25882354]] [[0.15686275 0.10980392 0.09411765]  [0.15294118 0.10588235 0.09019608]  [0.14901961 0.10196079 0.08627451]  ...  [0.23137255 0.20784314 0.25882354]  [0.23529412 0.21176471 0.2627451 ]  [0.23921569 0.21568628 0.26666668]] ... [[0.08235294 0.05098039 0.04705882]  [0.08235294 0.05098039 0.04705882]  [0.08235294 0.05098039 0.04705882]  ...  [0.7882353  0.5568628  0.53333336]  [0.77254903 0.54509807 0.52156866]  [0.75686276 0.53333336 0.5137255 ]] [[0.08235294 0.05098039 0.04705882]  [0.08235294 0.05098039 0.04705882]  [0.08235294 0.05098039 0.04705882]  ...  [0.78039217 0.54509807 0.5176471 ]  [0.7607843  0.53333336 0.5058824 ]  [0.7490196  0.5254902  0.49803922]] [[0.08235294 0.05098039 0.04705882]  [0.08235294 0.05098039 0.04705882]  [0.08627451 0.05490196 0.05098039]  ...  [0.77254903 0.5372549  0.50980395]  [0.7529412  0.5254902  0.49803922]  [0.7411765  0.5176471  0.49019608]]]",3.0788620958919637,42072,/home/amos/media/tv/The X-Files S01-S11 BluRay 10Bit 1080p Dts-HDMa5 1 HEVC-d3g/The X-Files S08 br 10bit dts hevc-d3g/The.X-Files.S08E07.Via.Negativa.1080p.BluRay.10Bit.Dts-HDMa5.1.HEVC-d3g.mkv444,1080,1920,0,138,107,1127,138,30659,0.015,"[[[0.17254902 0.1764706  0.20392157]  [0.16862746 0.17254902 0.2       ]  [0.16862746 0.16862746 0.2       ]  ...  [0.40784314 0.3019608  0.2901961 ]  [0.4117647  0.30588236 0.29803923]  [0.41568628 0.30980393 0.30588236]] [[0.17254902 0.17254902 0.2       ]  [0.17254902 0.17254902 0.2       ]  [0.17254902 0.16470589 0.19607843]  ...  [0.4117647  0.3019608  0.2901961 ]  [0.41568628 0.30588236 0.29803923]  [0.41960785 0.30980393 0.30588236]] [[0.1764706  0.17254902 0.2       ]  [0.1764706  0.16862746 0.2       ]  [0.1764706  0.16470589 0.19607843]  ...  [0.41960785 0.30588236 0.29411766]  [0.42352942 0.30980393 0.3019608 ]  [0.42352942 0.3137255  0.30588236]] ... [[0.49803922 0.36862746 0.38431373]  [0.50980395 0.37254903 0.38431373]  [0.5294118  0.3764706  0.3882353 ]  ...  [0.09019608 0.08235294 0.09803922]  [0.09019608 0.08235294 0.09411765]  [0.09019608 0.08235294 0.09411765]] [[0.49411765 0.36862746 0.38431373]  [0.50980395 0.37254903 0.3882353 ]  [0.5294118  0.38039216 0.39215687]  ...  [0.09019608 0.08235294 0.09803922]  [0.09019608 0.08235294 0.09411765]  [0.09019608 0.08235294 0.09411765]] [[0.49411765 0.36862746 0.3882353 ]  [0.50980395 0.37254903 0.3882353 ]  [0.5294118  0.38039216 0.39215687]  ...  [0.09019608 0.08235294 0.09803922]  [0.09019608 0.08235294 0.09411765]  [0.09019608 0.08235294 0.09411765]]]",2.353201174584683,42264,/home/amos/media/tv/The X-Files S01-S11 BluRay 10Bit 1080p Dts-HDMa5 1 HEVC-d3g/The X-Files S08 br 10bit dts hevc-d3g/The.X-Files.S08E07.Via.Negativa.1080p.BluRay.10Bit.Dts-HDMa5.1.HEVC-d3g.mkv445,1080,1920,0,141,111,1074,141,27990,0.013,"[[[0.1764706  0.17254902 0.21960784]  [0.1764706  0.17254902 0.21960784]  [0.1764706  0.17254902 0.21960784]  ...  [0.34117648 0.2509804  0.25490198]  [0.32941177 0.24313726 0.25490198]  [0.32156864 0.24313726 0.25490198]] [[0.1764706  0.17254902 0.21960784]  [0.18039216 0.17254902 0.21960784]  [0.18039216 0.1764706  0.21960784]  ...  [0.34509805 0.25490198 0.2627451 ]  [0.33333334 0.2509804  0.25882354]  [0.3254902  0.24705882 0.25882354]] [[0.18039216 0.1764706  0.21960784]  [0.18431373 0.18039216 0.22352941]  [0.18431373 0.18039216 0.22352941]  ...  [0.35686275 0.26666668 0.27058825]  [0.34509805 0.25882354 0.26666668]  [0.33333334 0.25490198 0.26666668]] ... [[0.5294118  0.3882353  0.4117647 ]  [0.5294118  0.3882353  0.4117647 ]  [0.53333336 0.39215687 0.41568628]  ...  [0.09411765 0.07450981 0.09019608]  [0.09019608 0.07450981 0.09019608]  [0.09019608 0.07450981 0.09019608]] [[0.5294118  0.3882353  0.4117647 ]  [0.53333336 0.39215687 0.41568628]  [0.5372549  0.39215687 0.41568628]  ...  [0.09411765 0.07450981 0.09019608]  [0.09019608 0.07450981 0.09019608]  [0.09019608 0.07450981 0.09019608]] [[0.53333336 0.39215687 0.41568628]  [0.53333336 0.39215687 0.41568628]  [0.5372549  0.39607844 0.41960785]  ...  [0.09411765 0.07450981 0.09019608]  [0.09019608 0.07450981 0.09019608]  [0.09019608 0.07450981 0.09019608]]]",2.8539470857358538,42288,/home/amos/media/tv/The X-Files S01-S11 BluRay 10Bit 1080p Dts-HDMa5 1 HEVC-d3g/The X-Files S08 br 10bit dts hevc-d3g/The.X-Files.S08E07.Via.Negativa.1080p.BluRay.10Bit.Dts-HDMa5.1.HEVC-d3g.mkv446,1080,1920,0,71,426,1424,71,480315,0.232,"[[[0.25882354 0.12156863 0.11764706]  [0.25882354 0.12156863 0.11764706]  [0.27450982 0.13725491 0.13333334]  ...  [0.23921569 0.14901961 0.14509805]  [0.23921569 0.14901961 0.14509805]  [0.         0.         0.        ]] [[0.25882354 0.12156863 0.11764706]  [0.25882354 0.12156863 0.11764706]  [0.27450982 0.13725491 0.13333334]  ...  [0.23921569 0.14901961 0.14509805]  [0.23921569 0.14901961 0.14509805]  [0.         0.         0.        ]] [[0.25490198 0.12156863 0.11764706]  [0.25490198 0.12156863 0.11764706]  [0.27450982 0.13725491 0.13333334]  ...  [0.23137255 0.14509805 0.14117648]  [0.23137255 0.14509805 0.14117648]  [0.         0.         0.        ]] ... [[0.10196079 0.01960784 0.02352941]  [0.10196079 0.01960784 0.02352941]  [0.09803922 0.01568628 0.01960784]  ...  [0.09803922 0.07450981 0.05882353]  [0.09803922 0.07450981 0.05882353]  [0.         0.         0.        ]] [[0.10196079 0.01960784 0.02352941]  [0.10196079 0.01960784 0.02352941]  [0.09803922 0.01568628 0.01960784]  ...  [0.09803922 0.07450981 0.05882353]  [0.09803922 0.07450981 0.05882353]  [0.         0.         0.        ]] [[0.         0.         0.        ]  [0.         0.         0.        ]  [0.         0.         0.        ]  ...  [0.         0.         0.        ]  [0.         0.         0.        ]  [0.         0.         0.        ]]]",3.232551069173496,43176,/home/amos/media/tv/The X-Files S01-S11 BluRay 10Bit 1080p Dts-HDMa5 1 HEVC-d3g/The X-Files S08 br 10bit dts hevc-d3g/The.X-Files.S08E07.Via.Negativa.1080p.BluRay.10Bit.Dts-HDMa5.1.HEVC-d3g.mkv447,1080,1920,0,79,531,1224,79,517540,0.25,"[[[0.88235295 0.8156863  0.8862745 ]  [0.88235295 0.8156863  0.8862745 ]  [0.8784314  0.8117647  0.88235295]  ...  [0.8156863  0.7176471  0.78039217]  [0.8156863  0.7137255  0.77254903]  [0.8156863  0.7137255  0.77254903]] [[0.88235295 0.8156863  0.8862745 ]  [0.88235295 0.8156863  0.8862745 ]  [0.8784314  0.8117647  0.88235295]  ...  [0.8156863  0.7176471  0.78039217]  [0.8156863  0.7137255  0.77254903]  [0.8156863  0.7137255  0.77254903]] [[0.8862745  0.81960785 0.8901961 ]  [0.8862745  0.81960785 0.8901961 ]  [0.8862745  0.81960785 0.8862745 ]  ...  [0.8156863  0.7176471  0.78039217]  [0.8156863  0.7137255  0.7764706 ]  [0.8156863  0.7137255  0.7764706 ]] ... [[0.40784314 0.20392157 0.1254902 ]  [0.40784314 0.20392157 0.1254902 ]  [0.41568628 0.21568628 0.13333334]  ...  [0.81960785 0.74509805 0.8156863 ]  [0.8117647  0.73333335 0.80784315]  [0.8117647  0.73333335 0.80784315]] [[0.3764706  0.18039216 0.10196079]  [0.3764706  0.18431373 0.10196079]  [0.38431373 0.19215687 0.11372549]  ...  [0.81960785 0.7411765  0.8156863 ]  [0.8117647  0.73333335 0.80784315]  [0.8117647  0.73333335 0.80784315]] [[0.37254903 0.18039216 0.10196079]  [0.37254903 0.18039216 0.10196079]  [0.38431373 0.19215687 0.11372549]  ...  [0.81960785 0.7411765  0.8156863 ]  [0.8117647  0.73333335 0.80784315]  [0.8117647  0.73333335 0.80784315]]]",1.2880220177466981,43272,/home/amos/media/tv/The X-Files S01-S11 BluRay 10Bit 1080p Dts-HDMa5 1 HEVC-d3g/The X-Files S08 br 10bit dts hevc-d3g/The.X-Files.S08E07.Via.Negativa.1080p.BluRay.10Bit.Dts-HDMa5.1.HEVC-d3g.mkv448,1080,1920,0,546,50,713,546,82832,0.04,"[[[0.01568628 0.00784314 0.02352941]  [0.01568628 0.00784314 0.02352941]  [0.01568628 0.00784314 0.02352941]  ...  [0.18039216 0.14117648 0.12941177]  [0.16862746 0.12941177 0.12156863]  [0.14901961 0.12156863 0.10588235]] [[0.01176471 0.00392157 0.02352941]  [0.01568628 0.00784314 0.02352941]  [0.01568628 0.00784314 0.02352941]  ...  [0.1764706  0.13725491 0.1254902 ]  [0.16862746 0.12941177 0.11764706]  [0.14901961 0.1254902  0.10588235]] [[0.01176471 0.00392157 0.01960784]  [0.01176471 0.00392157 0.01960784]  [0.01176471 0.00392157 0.01960784]  ...  [0.18431373 0.14509805 0.13333334]  [0.17254902 0.13333334 0.12156863]  [0.13333334 0.10588235 0.09019608]] ... [[0.01176471 0.00392157 0.01960784]  [0.01176471 0.00392157 0.01960784]  [0.01568628 0.00784314 0.02352941]  ...  [0.02352941 0.01176471 0.02352941]  [0.01568628 0.00784314 0.01568628]  [0.01960784 0.00784314 0.01960784]] [[0.01568628 0.00784314 0.02352941]  [0.01176471 0.00392157 0.01960784]  [0.01176471 0.00392157 0.01960784]  ...  [0.01568628 0.00784314 0.01960784]  [0.01568628 0.00784314 0.01960784]  [0.02352941 0.01568628 0.02745098]] [[0.01568628 0.00784314 0.02352941]  [0.01568628 0.00784314 0.02352941]  [0.01176471 0.00784314 0.01960784]  ...  [0.02352941 0.01568628 0.02745098]  [0.02352941 0.01568628 0.02745098]  [0.02352941 0.01568628 0.02745098]]]",5.870427009125706,43368,/home/amos/media/tv/The X-Files S01-S11 BluRay 10Bit 1080p Dts-HDMa5 1 HEVC-d3g/The X-Files S08 br 10bit dts hevc-d3g/The.X-Files.S08E07.Via.Negativa.1080p.BluRay.10Bit.Dts-HDMa5.1.HEVC-d3g.mkv449,1080,1920,0,563,75,604,563,20008,0.01,"[[[0.03137255 0.         0.01568628]  [0.02352941 0.         0.01568628]  [0.00784314 0.         0.00784314]  ...  [0.07058824 0.03921569 0.03921569]  [0.05098039 0.01960784 0.01960784]  [0.04705882 0.01568628 0.01568628]] [[0.02352941 0.         0.01176471]  [0.01176471 0.         0.00784314]  [0.00392157 0.         0.00784314]  ...  [0.05490196 0.02352941 0.02352941]  [0.05490196 0.02352941 0.02352941]  [0.05882353 0.02745098 0.02745098]] [[0.01568628 0.         0.01176471]  [0.00784314 0.         0.01176471]  [0.00392157 0.         0.01176471]  ...  [0.0627451  0.03137255 0.03137255]  [0.06666667 0.03529412 0.03529412]  [0.05882353 0.02745098 0.02745098]] ... [[0.01568628 0.         0.02352941]  [0.01960784 0.         0.01960784]  [0.01960784 0.         0.01568628]  ...  [0.01176471 0.         0.01568628]  [0.01960784 0.00392157 0.01960784]  [0.01568628 0.         0.01960784]] [[0.01568628 0.         0.02352941]  [0.01960784 0.         0.01960784]  [0.01960784 0.         0.01568628]  ...  [0.01176471 0.         0.01568628]  [0.01568628 0.         0.01960784]  [0.01568628 0.         0.01960784]] [[0.01568628 0.         0.02352941]  [0.01960784 0.         0.01960784]  [0.01960784 0.         0.01568628]  ...  [0.01568628 0.         0.01960784]  [0.01176471 0.         0.01568628]  [0.01568628 0.         0.01960784]]]",5.292835004394874,43464,/home/amos/media/tv/The X-Files S01-S11 BluRay 10Bit 1080p Dts-HDMa5 1 HEVC-d3g/The X-Files S08 br 10bit dts hevc-d3g/The.X-Files.S08E07.Via.Negativa.1080p.BluRay.10Bit.Dts-HDMa5.1.HEVC-d3g.mkv450,1080,1920,0,111,554,353,111,107206,0.052,"[[[0.16078432 0.13333334 0.12941177]  [0.15686275 0.13333334 0.1254902 ]  [0.15294118 0.12941177 0.11764706]  ...  [0.28627452 0.23921569 0.2784314 ]  [0.28235295 0.23921569 0.27450982]  [0.         0.         0.        ]] [[0.15686275 0.12941177 0.1254902 ]  [0.15686275 0.12941177 0.12156863]  [0.15294118 0.1254902  0.11372549]  ...  [0.28235295 0.23529412 0.27058825]  [0.2784314  0.23529412 0.27058825]  [0.         0.         0.        ]] [[0.15294118 0.1254902  0.12156863]  [0.14901961 0.12156863 0.11764706]  [0.14509805 0.12156863 0.10980392]  ...  [0.2784314  0.22352941 0.25882354]  [0.27450982 0.22352941 0.25882354]  [0.         0.         0.        ]] ... [[0.1254902  0.10980392 0.10588235]  [0.1254902  0.10980392 0.10588235]  [0.1254902  0.10980392 0.10588235]  ...  [0.07450981 0.04705882 0.04313726]  [0.07450981 0.04705882 0.04313726]  [0.         0.         0.        ]] [[0.1254902  0.10980392 0.10196079]  [0.1254902  0.10980392 0.10196079]  [0.1254902  0.10980392 0.10196079]  ...  [0.07450981 0.04705882 0.04313726]  [0.07450981 0.04705882 0.04313726]  [0.         0.         0.        ]] [[0.         0.         0.        ]  [0.         0.         0.        ]  [0.         0.         0.        ]  ...  [0.         0.         0.        ]  [0.         0.         0.        ]  [0.         0.         0.        ]]]",3.5299809964490123,43512,/home/amos/media/tv/The X-Files S01-S11 BluRay 10Bit 1080p Dts-HDMa5 1 HEVC-d3g/The X-Files S08 br 10bit dts hevc-d3g/The.X-Files.S08E07.Via.Negativa.1080p.BluRay.10Bit.Dts-HDMa5.1.HEVC-d3g.mkv451,1080,1920,0,436,90,364,436,24912,0.012,"[[[0.14509805 0.11764706 0.07843138]  [0.14509805 0.11764706 0.09019608]  [0.13333334 0.10588235 0.08235294]  ...  [0.27450982 0.1764706  0.10588235]  [0.25882354 0.16078432 0.09019608]  [0.25490198 0.15686275 0.08627451]] [[0.12941177 0.09803922 0.05882353]  [0.10980392 0.08235294 0.05098039]  [0.10196079 0.07450981 0.05098039]  ...  [0.2627451  0.16470589 0.09411765]  [0.27058825 0.17254902 0.10196079]  [0.2509804  0.15294118 0.08235294]] [[0.10980392 0.07843138 0.04313726]  [0.09803922 0.07450981 0.03921569]  [0.09411765 0.07058824 0.05098039]  ...  [0.25490198 0.15686275 0.08627451]  [0.2627451  0.16470589 0.09411765]  [0.27058825 0.17254902 0.10196079]] ... [[0.12941177 0.08235294 0.05882353]  [0.12941177 0.08235294 0.05882353]  [0.12156863 0.07450981 0.05098039]  ...  [0.3137255  0.21176471 0.14901961]  [0.30980393 0.20784314 0.14509805]  [0.30588236 0.2        0.13333334]] [[0.12156863 0.07450981 0.05098039]  [0.13333334 0.08235294 0.05882353]  [0.12941177 0.08235294 0.05882353]  ...  [0.2901961  0.1882353  0.12941177]  [0.29803923 0.19607843 0.13725491]  [0.30588236 0.2        0.13333334]] [[0.11764706 0.07058824 0.04705882]  [0.12156863 0.07450981 0.05490196]  [0.13333334 0.08627451 0.0627451 ]  ...  [0.27450982 0.17254902 0.11372549]  [0.2784314  0.17254902 0.11764706]  [0.29411766 0.1882353  0.12156863]]]",5.626884163240902,43536,/home/amos/media/tv/The X-Files S01-S11 BluRay 10Bit 1080p Dts-HDMa5 1 HEVC-d3g/The X-Files S08 br 10bit dts hevc-d3g/The.X-Files.S08E07.Via.Negativa.1080p.BluRay.10Bit.Dts-HDMa5.1.HEVC-d3g.mkv452,1080,1920,0,272,220,860,272,30576,0.015,"[[[0.09019608 0.06666667 0.03921569]  [0.09411765 0.06666667 0.04313726]  [0.10980392 0.07450981 0.05490196]  ...  [0.13333334 0.09411765 0.08235294]  [0.1254902  0.08627451 0.07843138]  [0.12156863 0.08235294 0.07450981]] [[0.09803922 0.07058824 0.04313726]  [0.10588235 0.07450981 0.04705882]  [0.11372549 0.07843138 0.05490196]  ...  [0.13333334 0.09803922 0.08627451]  [0.12941177 0.09019608 0.08235294]  [0.12156863 0.08235294 0.07843138]] [[0.10980392 0.07450981 0.04705882]  [0.11764706 0.08235294 0.05490196]  [0.1254902  0.08235294 0.05882353]  ...  [0.13725491 0.09803922 0.08627451]  [0.13333334 0.09411765 0.08627451]  [0.1254902  0.09019608 0.08627451]] ... [[0.16470589 0.14509805 0.13333334]  [0.16078432 0.14117648 0.12941177]  [0.15686275 0.13725491 0.1254902 ]  ...  [0.05490196 0.04705882 0.05882353]  [0.05098039 0.04313726 0.05490196]  [0.04705882 0.03921569 0.05098039]] [[0.16078432 0.14117648 0.12941177]  [0.15686275 0.13725491 0.1254902 ]  [0.15686275 0.13333334 0.1254902 ]  ...  [0.05882353 0.05098039 0.0627451 ]  [0.05490196 0.04705882 0.05882353]  [0.05490196 0.04705882 0.05490196]] [[0.15686275 0.13725491 0.1254902 ]  [0.15294118 0.13333334 0.12156863]  [0.14901961 0.12941177 0.11764706]  ...  [0.06666667 0.05882353 0.07058824]  [0.06666667 0.05882353 0.07058824]  [0.0627451  0.05490196 0.06666667]]]",6.23364309075987,43560,/home/amos/media/tv/The X-Files S01-S11 BluRay 10Bit 1080p Dts-HDMa5 1 HEVC-d3g/The X-Files S08 br 10bit dts hevc-d3g/The.X-Files.S08E07.Via.Negativa.1080p.BluRay.10Bit.Dts-HDMa5.1.HEVC-d3g.mkv453,1080,1920,0,479,145,431,479,16032,0.008,"[[[0.13725491 0.13333334 0.10980392]  [0.12941177 0.1254902  0.10196079]  [0.14117648 0.13725491 0.11372549]  ...  [0.07450981 0.03137255 0.01568628]  [0.07843138 0.03921569 0.01960784]  [0.07843138 0.03921569 0.01568628]] [[0.13333334 0.12941177 0.10588235]  [0.12941177 0.1254902  0.10196079]  [0.14117648 0.13725491 0.11764706]  ...  [0.07058824 0.03137255 0.01176471]  [0.07843138 0.03921569 0.01960784]  [0.08235294 0.04313726 0.02352941]] [[0.12941177 0.1254902  0.10196079]  [0.13333334 0.12941177 0.10588235]  [0.14117648 0.13725491 0.11372549]  ...  [0.0627451  0.02352941 0.00784314]  [0.07450981 0.03529412 0.01960784]  [0.07843138 0.03921569 0.02352941]] ... [[0.15686275 0.15294118 0.14509805]  [0.13725491 0.13333334 0.12156863]  [0.13725491 0.13333334 0.1254902 ]  ...  [0.5529412  0.5764706  0.58431375]  [0.5058824  0.5294118  0.5372549 ]  [0.5137255  0.5372549  0.54509807]] [[0.13333334 0.13333334 0.1254902 ]  [0.11764706 0.10980392 0.10196079]  [0.11764706 0.11372549 0.10588235]  ...  [0.49411765 0.5176471  0.52156866]  [0.5058824  0.5294118  0.53333336]  [0.5294118  0.5529412  0.5568628 ]] [[0.09411765 0.09803922 0.08627451]  [0.08235294 0.08235294 0.07058824]  [0.09411765 0.09411765 0.08235294]  ...  [0.5019608  0.5254902  0.5294118 ]  [0.5254902  0.54901963 0.5529412 ]  [0.5176471  0.5411765  0.54509807]]]",3.6570301397587173,43584,/home/amos/media/tv/The X-Files S01-S11 BluRay 10Bit 1080p Dts-HDMa5 1 HEVC-d3g/The X-Files S08 br 10bit dts hevc-d3g/The.X-Files.S08E07.Via.Negativa.1080p.BluRay.10Bit.Dts-HDMa5.1.HEVC-d3g.mkv454,1080,1920,0,169,612,1060,169,394713,0.19,"[[[0.11372549 0.0627451  0.05490196]  [0.11372549 0.06666667 0.05882353]  [0.11372549 0.06666667 0.05882353]  ...  [0.21960784 0.11764706 0.10196079]  [0.21960784 0.11372549 0.09803922]  [0.21568628 0.11372549 0.09803922]] [[0.10980392 0.05882353 0.05098039]  [0.11372549 0.0627451  0.05490196]  [0.11372549 0.0627451  0.05490196]  ...  [0.21960784 0.11372549 0.09803922]  [0.21568628 0.10980392 0.09411765]  [0.21176471 0.10980392 0.09411765]] [[0.10196079 0.05098039 0.04313726]  [0.10588235 0.05490196 0.04705882]  [0.10980392 0.05882353 0.04705882]  ...  [0.21568628 0.10980392 0.09411765]  [0.21176471 0.10588235 0.09019608]  [0.21176471 0.10588235 0.09019608]] ... [[0.2        0.4        0.38039216]  [0.2        0.4        0.38039216]  [0.2        0.4        0.38039216]  ...  [0.49803922 0.2901961  0.25882354]  [0.49019608 0.28235295 0.2509804 ]  [0.48235294 0.27450982 0.24313726]] [[0.2        0.4        0.38039216]  [0.2        0.4        0.38039216]  [0.2        0.4        0.38039216]  ...  [0.49803922 0.2901961  0.25882354]  [0.49019608 0.28235295 0.2509804 ]  [0.47843137 0.27058825 0.23921569]] [[0.2        0.4        0.38039216]  [0.2        0.4        0.38039216]  [0.2        0.4        0.38039216]  ...  [0.49019608 0.28235295 0.2509804 ]  [0.4862745  0.2784314  0.24705882]  [0.48235294 0.27450982 0.24313726]]]",6.771304022928234,43656,/home/amos/media/tv/The X-Files S01-S11 BluRay 10Bit 1080p Dts-HDMa5 1 HEVC-d3g/The X-Files S08 br 10bit dts hevc-d3g/The.X-Files.S08E07.Via.Negativa.1080p.BluRay.10Bit.Dts-HDMa5.1.HEVC-d3g.mkv455,1080,1920,0,61,294,857,61,185468,0.089,"[[[0.2784314  0.12156863 0.09019608]  [0.2784314  0.12156863 0.09019608]  [0.2901961  0.12941177 0.09411765]  ...  [0.1882353  0.18039216 0.17254902]  [0.1882353  0.18039216 0.17254902]  [0.1882353  0.18039216 0.17254902]] [[0.2784314  0.12156863 0.09019608]  [0.2784314  0.12156863 0.09019608]  [0.29411766 0.1254902  0.09411765]  ...  [0.1882353  0.18039216 0.17254902]  [0.1882353  0.18039216 0.17254902]  [0.1882353  0.18039216 0.17254902]] [[0.2784314  0.12156863 0.09019608]  [0.2784314  0.12156863 0.09019608]  [0.29411766 0.12941177 0.09803922]  ...  [0.1882353  0.18039216 0.17254902]  [0.1882353  0.18039216 0.17254902]  [0.1882353  0.18039216 0.17254902]] ... [[0.16470589 0.07450981 0.05882353]  [0.16470589 0.07450981 0.05882353]  [0.16470589 0.07450981 0.05882353]  ...  [0.1882353  0.1882353  0.20392157]  [0.1882353  0.1882353  0.20392157]  [0.1882353  0.1882353  0.20392157]] [[0.16470589 0.07450981 0.05882353]  [0.16470589 0.07450981 0.05882353]  [0.16470589 0.07450981 0.05882353]  ...  [0.18431373 0.18431373 0.2       ]  [0.18431373 0.18431373 0.2       ]  [0.18431373 0.18431373 0.2       ]] [[0.16470589 0.07450981 0.05882353]  [0.16470589 0.07450981 0.05882353]  [0.16470589 0.07450981 0.05882353]  ...  [0.18431373 0.18431373 0.2       ]  [0.18431373 0.18431373 0.2       ]  [0.18431373 0.18431373 0.2       ]]]",4.6538829923956655,43680,/home/amos/media/tv/The X-Files S01-S11 BluRay 10Bit 1080p Dts-HDMa5 1 HEVC-d3g/The X-Files S08 br 10bit dts hevc-d3g/The.X-Files.S08E07.Via.Negativa.1080p.BluRay.10Bit.Dts-HDMa5.1.HEVC-d3g.mkv456,1080,1920,0,108,267,1118,108,160590,0.077,"[[[0.42352942 0.20784314 0.19607843]  [0.4392157  0.22352941 0.21176471]  [0.47058824 0.25490198 0.24313726]  ...  [0.12156863 0.05882353 0.03921569]  [0.12156863 0.05882353 0.03921569]  [0.12156863 0.05882353 0.03921569]] [[0.42352942 0.20784314 0.19607843]  [0.4392157  0.22352941 0.21176471]  [0.47058824 0.25490198 0.24313726]  ...  [0.12156863 0.05882353 0.03921569]  [0.12156863 0.05882353 0.03921569]  [0.12156863 0.05882353 0.03921569]] [[0.42745098 0.21176471 0.19607843]  [0.44313726 0.22352941 0.21176471]  [0.47843137 0.25882354 0.24313726]  ...  [0.11764706 0.05490196 0.03529412]  [0.11764706 0.05490196 0.03529412]  [0.11764706 0.05490196 0.03529412]] ... [[0.04313726 0.03529412 0.02745098]  [0.04313726 0.03921569 0.02745098]  [0.04705882 0.03921569 0.03137255]  ...  [0.43529412 0.35686275 0.37254903]  [0.4509804  0.37254903 0.3882353 ]  [0.45882353 0.38039216 0.39607844]] [[0.04705882 0.03921569 0.03137255]  [0.04705882 0.03921569 0.03137255]  [0.04705882 0.03921569 0.03137255]  ...  [0.47058824 0.39607844 0.40784314]  [0.4862745  0.4117647  0.42352942]  [0.49803922 0.41960785 0.43137255]] [[0.04705882 0.03921569 0.03137255]  [0.04705882 0.03921569 0.03137255]  [0.05098039 0.04313726 0.03529412]  ...  [0.4862745  0.4117647  0.42352942]  [0.5058824  0.43137255 0.44313726]  [0.5137255  0.4392157  0.4509804 ]]]",0.6246259896433912,43872,/home/amos/media/tv/The X-Files S01-S11 BluRay 10Bit 1080p Dts-HDMa5 1 HEVC-d3g/The X-Files S08 br 10bit dts hevc-d3g/The.X-Files.S08E07.Via.Negativa.1080p.BluRay.10Bit.Dts-HDMa5.1.HEVC-d3g.mkv457,1080,1920,0,108,83,1622,108,37850,0.018,"[[[0.18039216 0.19215687 0.15686275]  [0.18039216 0.19215687 0.15686275]  [0.18039216 0.19215687 0.15686275]  ...  [0.37254903 0.3254902  0.22352941]  [0.36862746 0.32156864 0.21960784]  [0.36862746 0.32156864 0.21960784]] [[0.18039216 0.19215687 0.15686275]  [0.18039216 0.19215687 0.15686275]  [0.18039216 0.19215687 0.15686275]  ...  [0.4        0.34509805 0.24313726]  [0.39607844 0.34117648 0.23921569]  [0.39215687 0.3372549  0.23529412]] [[0.18431373 0.19607843 0.16078432]  [0.18431373 0.19607843 0.16078432]  [0.18431373 0.19607843 0.16078432]  ...  [0.4509804  0.38039216 0.2784314 ]  [0.44705883 0.38039216 0.27450982]  [0.44705883 0.3764706  0.27058825]] ... [[0.23921569 0.21568628 0.18039216]  [0.23921569 0.21960784 0.18039216]  [0.24705882 0.22745098 0.1882353 ]  ...  [0.19215687 0.1764706  0.15294118]  [0.18431373 0.16862746 0.14509805]  [0.18039216 0.16470589 0.14117648]] [[0.23921569 0.21960784 0.18431373]  [0.24313726 0.21960784 0.18431373]  [0.2509804  0.22745098 0.19215687]  ...  [0.1882353  0.17254902 0.14901961]  [0.18431373 0.16862746 0.14509805]  [0.18431373 0.16862746 0.14509805]] [[0.24313726 0.21960784 0.18431373]  [0.24705882 0.22352941 0.1882353 ]  [0.25490198 0.23137255 0.19607843]  ...  [0.1882353  0.17254902 0.14901961]  [0.18431373 0.16862746 0.14509805]  [0.18431373 0.16862746 0.14509805]]]",2.022461049433332,43968,/home/amos/media/tv/The X-Files S01-S11 BluRay 10Bit 1080p Dts-HDMa5 1 HEVC-d3g/The X-Files S08 br 10bit dts hevc-d3g/The.X-Files.S08E07.Via.Negativa.1080p.BluRay.10Bit.Dts-HDMa5.1.HEVC-d3g.mkv458,1080,1920,0,102,106,1659,102,6228,0.003,"[[[0.27058825 0.25490198 0.22745098]  [0.27450982 0.25882354 0.22745098]  [0.28235295 0.27058825 0.22745098]  ...  [0.67058825 0.53333336 0.44705883]  [0.64705884 0.50980395 0.42352942]  [0.6392157  0.5019608  0.41568628]] [[0.27058825 0.25490198 0.22745098]  [0.27450982 0.25882354 0.22745098]  [0.28235295 0.27058825 0.23137255]  ...  [0.6745098  0.5372549  0.4509804 ]  [0.654902   0.5176471  0.43137255]  [0.64705884 0.5058824  0.42352942]] [[0.27058825 0.25882354 0.22745098]  [0.2784314  0.2627451  0.23137255]  [0.2901961  0.27450982 0.23529412]  ...  [0.68235296 0.5411765  0.4627451 ]  [0.67058825 0.5254902  0.44705883]  [0.6627451  0.52156866 0.44313726]] ... [[0.29411766 0.26666668 0.21568628]  [0.29803923 0.26666668 0.21960784]  [0.30980393 0.2784314  0.23137255]  ...  [0.3254902  0.27058825 0.20784314]  [0.3137255  0.26666668 0.20392157]  [0.30588236 0.2627451  0.2       ]] [[0.28627452 0.25882354 0.21176471]  [0.2901961  0.2627451  0.21568628]  [0.3019608  0.27058825 0.22352941]  ...  [0.32156864 0.26666668 0.20784314]  [0.30980393 0.2627451  0.2       ]  [0.3019608  0.25882354 0.19607843]] [[0.28235295 0.25490198 0.20784314]  [0.28627452 0.25882354 0.21176471]  [0.29803923 0.27058825 0.21960784]  ...  [0.32156864 0.26666668 0.20392157]  [0.30588236 0.25882354 0.2       ]  [0.3019608  0.25882354 0.19607843]]]",1.5610110532143153,43992,/home/amos/media/tv/The X-Files S01-S11 BluRay 10Bit 1080p Dts-HDMa5 1 HEVC-d3g/The X-Files S08 br 10bit dts hevc-d3g/The.X-Files.S08E07.Via.Negativa.1080p.BluRay.10Bit.Dts-HDMa5.1.HEVC-d3g.mkv459,1080,1920,0,103,148,1696,103,71685,0.035,"[[[0.3137255  0.2901961  0.24313726]  [0.3137255  0.2901961  0.24313726]  [0.3137255  0.2901961  0.24313726]  ...  [0.7490196  0.5921569  0.5137255 ]  [0.7529412  0.59607846 0.5176471 ]  [0.7529412  0.6        0.5176471 ]] [[0.31764707 0.29411766 0.24705882]  [0.31764707 0.29411766 0.24705882]  [0.31764707 0.29411766 0.24705882]  ...  [0.7490196  0.5921569  0.5137255 ]  [0.7529412  0.59607846 0.5176471 ]  [0.7529412  0.59607846 0.5176471 ]] [[0.32941177 0.30588236 0.25882354]  [0.32941177 0.3019608  0.25882354]  [0.3254902  0.3019608  0.25490198]  ...  [0.7490196  0.5921569  0.5137255 ]  [0.7490196  0.5921569  0.5137255 ]  [0.7490196  0.59607846 0.5137255 ]] ... [[0.30980393 0.2784314  0.22352941]  [0.3137255  0.28235295 0.22745098]  [0.32156864 0.2901961  0.23529412]  ...  [0.34901962 0.29803923 0.23137255]  [0.3372549  0.28235295 0.22352941]  [0.32941177 0.2784314  0.21960784]] [[0.3019608  0.27058825 0.21960784]  [0.30980393 0.2784314  0.22352941]  [0.32156864 0.2901961  0.23921569]  ...  [0.3529412  0.29803923 0.23137255]  [0.33333334 0.28235295 0.21960784]  [0.32156864 0.27450982 0.21568628]] [[0.3019608  0.27058825 0.21960784]  [0.30588236 0.27450982 0.22352941]  [0.32156864 0.28627452 0.23529412]  ...  [0.3529412  0.29803923 0.23137255]  [0.32941177 0.28235295 0.21960784]  [0.32156864 0.27450982 0.21568628]]]",3.595274083490949,44016,/home/amos/media/tv/The X-Files S01-S11 BluRay 10Bit 1080p Dts-HDMa5 1 HEVC-d3g/The X-Files S08 br 10bit dts hevc-d3g/The.X-Files.S08E07.Via.Negativa.1080p.BluRay.10Bit.Dts-HDMa5.1.HEVC-d3g.mkv460,1080,1920,1,428,185,969,428,131463,0.063,"[[[0.11764706 0.10980392 0.10196079]  [0.1254902  0.11764706 0.10980392]  [0.11372549 0.10196079 0.09803922]  ...  [0.07450981 0.01960784 0.01176471]  [0.07058824 0.01568628 0.00392157]  [0.         0.         0.        ]] [[0.11764706 0.10980392 0.10196079]  [0.12156863 0.11372549 0.10588235]  [0.11372549 0.10588235 0.09803922]  ...  [0.08235294 0.02352941 0.01176471]  [0.07843138 0.01960784 0.00784314]  [0.         0.         0.        ]] [[0.11764706 0.10980392 0.10196079]  [0.12156863 0.11764706 0.10588235]  [0.10980392 0.10196079 0.09411765]  ...  [0.08627451 0.01960784 0.01176471]  [0.08627451 0.01960784 0.01176471]  [0.         0.         0.        ]] ... [[0.03921569 0.02745098 0.02745098]  [0.03529412 0.02352941 0.02352941]  [0.03529412 0.02745098 0.02745098]  ...  [0.01176471 0.00392157 0.01176471]  [0.01176471 0.00392157 0.01176471]  [0.         0.         0.        ]] [[0.03137255 0.01960784 0.01960784]  [0.03529412 0.02352941 0.02352941]  [0.04313726 0.03137255 0.03137255]  ...  [0.01960784 0.00784314 0.01568628]  [0.01568628 0.00392157 0.01176471]  [0.         0.         0.        ]] [[0.         0.         0.        ]  [0.         0.         0.        ]  [0.         0.         0.        ]  ...  [0.         0.         0.        ]  [0.         0.         0.        ]  [0.         0.         0.        ]]]",1.9648430888191797,44016,/home/amos/media/tv/The X-Files S01-S11 BluRay 10Bit 1080p Dts-HDMa5 1 HEVC-d3g/The X-Files S08 br 10bit dts hevc-d3g/The.X-Files.S08E07.Via.Negativa.1080p.BluRay.10Bit.Dts-HDMa5.1.HEVC-d3g.mkv461,1080,1920,0,526,129,943,526,165549,0.08,"[[[0.07843138 0.04313726 0.02745098]  [0.0627451  0.02745098 0.00392157]  [0.12941177 0.09411765 0.06666667]  ...  [0.19607843 0.21568628 0.2627451 ]  [0.19215687 0.21176471 0.2627451 ]  [0.20392157 0.22352941 0.2784314 ]] [[0.11764706 0.08235294 0.0627451 ]  [0.07843138 0.04313726 0.01568628]  [0.11372549 0.07843138 0.05098039]  ...  [0.19215687 0.21176471 0.25882354]  [0.20784314 0.22352941 0.29411766]  [0.20392157 0.21960784 0.2901961 ]] [[0.15686275 0.12156863 0.10588235]  [0.12156863 0.08627451 0.05882353]  [0.09803922 0.0627451  0.03529412]  ...  [0.19607843 0.21568628 0.2627451 ]  [0.2        0.22352941 0.2509804 ]  [0.2        0.22352941 0.2509804 ]] ... [[0.13333334 0.13333334 0.12156863]  [0.1254902  0.12156863 0.11372549]  [0.13333334 0.1254902  0.11764706]  ...  [0.00784314 0.         0.00784314]  [0.00784314 0.         0.00784314]  [0.00784314 0.         0.00784314]] [[0.1254902  0.1254902  0.11372549]  [0.11372549 0.10980392 0.10196079]  [0.12156863 0.11764706 0.10980392]  ...  [0.00784314 0.         0.00784314]  [0.00784314 0.         0.00784314]  [0.00784314 0.         0.00784314]] [[0.12156863 0.12156863 0.11372549]  [0.12941177 0.1254902  0.11764706]  [0.1254902  0.12156863 0.11372549]  ...  [0.00784314 0.         0.00784314]  [0.00784314 0.         0.00784314]  [0.00784314 0.         0.00784314]]]",3.7370991105563007,44184,/home/amos/media/tv/The X-Files S01-S11 BluRay 10Bit 1080p Dts-HDMa5 1 HEVC-d3g/The X-Files S08 br 10bit dts hevc-d3g/The.X-Files.S08E07.Via.Negativa.1080p.BluRay.10Bit.Dts-HDMa5.1.HEVC-d3g.mkv462,1080,1920,0,596,97,888,596,145708,0.07,"[[[0.07058824 0.04313726 0.03921569]  [0.08235294 0.05490196 0.05098039]  [0.12941177 0.09803922 0.09411765]  ...  [0.19607843 0.21568628 0.25490198]  [0.18431373 0.20392157 0.23921569]  [0.1764706  0.19607843 0.23529412]] [[0.08235294 0.05490196 0.05098039]  [0.12156863 0.09411765 0.09019608]  [0.13725491 0.10588235 0.10196079]  ...  [0.18039216 0.2        0.24313726]  [0.20392157 0.22352941 0.26666668]  [0.1882353  0.20784314 0.24705882]] [[0.10588235 0.08235294 0.07058824]  [0.14509805 0.11764706 0.10588235]  [0.11372549 0.08235294 0.07450981]  ...  [0.20784314 0.22745098 0.27058825]  [0.1764706  0.19607843 0.23921569]  [0.19215687 0.21176471 0.25490198]] ... [[0.1254902  0.12156863 0.11372549]  [0.12941177 0.12941177 0.11764706]  [0.1254902  0.12156863 0.11372549]  ...  [0.0627451  0.05490196 0.04705882]  [0.09019608 0.08235294 0.07450981]  [0.12156863 0.11372549 0.10588235]] [[0.13333334 0.12941177 0.12156863]  [0.13333334 0.12941177 0.12156863]  [0.13333334 0.12941177 0.12156863]  ...  [0.02745098 0.01960784 0.01176471]  [0.03137255 0.02352941 0.01568628]  [0.05490196 0.04705882 0.03921569]] [[0.12941177 0.1254902  0.11764706]  [0.12941177 0.1254902  0.11764706]  [0.13725491 0.13333334 0.1254902 ]  ...  [0.02352941 0.01568628 0.01176471]  [0.01960784 0.01176471 0.00784314]  [0.01960784 0.01176471 0.00784314]]]",4.40867001801962,44208,/home/amos/media/tv/The X-Files S01-S11 BluRay 10Bit 1080p Dts-HDMa5 1 HEVC-d3g/The X-Files S08 br 10bit dts hevc-d3g/The.X-Files.S08E07.Via.Negativa.1080p.BluRay.10Bit.Dts-HDMa5.1.HEVC-d3g.mkv463,1080,1920,0,389,173,910,389,112536,0.054,"[[[0.00784314 0.         0.01568628]  [0.00784314 0.         0.01568628]  [0.00392157 0.         0.01176471]  ...  [0.09803922 0.09803922 0.10588235]  [0.09411765 0.09411765 0.10588235]  [0.10196079 0.10196079 0.11372549]] [[0.00784314 0.         0.01568628]  [0.02352941 0.01568628 0.03137255]  [0.01176471 0.00392157 0.01960784]  ...  [0.10196079 0.10196079 0.10980392]  [0.09803922 0.09803922 0.10980392]  [0.09411765 0.09411765 0.10588235]] [[0.00784314 0.         0.01568628]  [0.00784314 0.         0.01568628]  [0.00784314 0.         0.01568628]  ...  [0.09803922 0.09803922 0.10588235]  [0.09803922 0.09803922 0.10980392]  [0.09411765 0.09411765 0.10588235]] ... [[0.00784314 0.00784314 0.01960784]  [0.01960784 0.01960784 0.03137255]  [0.03921569 0.04313726 0.05490196]  ...  [0.11764706 0.12941177 0.14117648]  [0.10980392 0.12156863 0.13333334]  [0.10196079 0.11372549 0.1254902 ]] [[0.01568628 0.01568628 0.02745098]  [0.02352941 0.02352941 0.03529412]  [0.04313726 0.04313726 0.05490196]  ...  [0.11764706 0.12941177 0.14117648]  [0.09803922 0.10980392 0.12156863]  [0.10196079 0.11764706 0.1254902 ]] [[0.01568628 0.01568628 0.02745098]  [0.02745098 0.02745098 0.03921569]  [0.05098039 0.05098039 0.0627451 ]  ...  [0.11372549 0.1254902  0.13725491]  [0.09411765 0.10588235 0.11764706]  [0.10196079 0.11372549 0.1254902 ]]]",3.859249041590374,44472,/home/amos/media/tv/The X-Files S01-S11 BluRay 10Bit 1080p Dts-HDMa5 1 HEVC-d3g/The X-Files S08 br 10bit dts hevc-d3g/The.X-Files.S08E07.Via.Negativa.1080p.BluRay.10Bit.Dts-HDMa5.1.HEVC-d3g.mkv464,1080,1920,0,403,156,973,403,140790,0.068,"[[[0.02745098 0.02745098 0.03921569]  [0.03137255 0.03137255 0.04313726]  [0.04313726 0.04313726 0.05490196]  ...  [0.09019608 0.09411765 0.09803922]  [0.09411765 0.09803922 0.10196079]  [0.09411765 0.09803922 0.10588235]] [[0.03137255 0.03137255 0.04313726]  [0.03137255 0.03137255 0.04313726]  [0.03921569 0.03921569 0.05098039]  ...  [0.09019608 0.09411765 0.09803922]  [0.09803922 0.10196079 0.10588235]  [0.09411765 0.09803922 0.10588235]] [[0.03137255 0.03137255 0.03921569]  [0.02352941 0.02745098 0.03529412]  [0.02745098 0.03137255 0.04313726]  ...  [0.09803922 0.10196079 0.10588235]  [0.09803922 0.10196079 0.10588235]  [0.09803922 0.10196079 0.10980392]] ... [[0.01568628 0.01568628 0.02745098]  [0.03921569 0.03921569 0.05098039]  [0.05490196 0.05882353 0.07058824]  ...  [0.08627451 0.09803922 0.10588235]  [0.09411765 0.10588235 0.11372549]  [0.09803922 0.10980392 0.11764706]] [[0.01568628 0.01568628 0.02745098]  [0.03529412 0.03921569 0.05098039]  [0.04705882 0.05098039 0.06666667]  ...  [0.09019608 0.10196079 0.10980392]  [0.10196079 0.11372549 0.12156863]  [0.11764706 0.12941177 0.13725491]] [[0.01960784 0.01960784 0.03137255]  [0.03529412 0.03529412 0.04705882]  [0.04705882 0.05098039 0.0627451 ]  ...  [0.10196079 0.11372549 0.12156863]  [0.10588235 0.11764706 0.1254902 ]  [0.10980392 0.1254902  0.12941177]]]",6.278411121282261,44568,/home/amos/media/tv/The X-Files S01-S11 BluRay 10Bit 1080p Dts-HDMa5 1 HEVC-d3g/The X-Files S08 br 10bit dts hevc-d3g/The.X-Files.S08E07.Via.Negativa.1080p.BluRay.10Bit.Dts-HDMa5.1.HEVC-d3g.mkv465,1080,1920,0,448,134,953,448,158570,0.076,"[[[0.00392157 0.         0.01176471]  [0.00392157 0.         0.01176471]  [0.00392157 0.         0.01176471]  ...  [0.07843138 0.09019608 0.09803922]  [0.08627451 0.09803922 0.10588235]  [0.08627451 0.09803922 0.10588235]] [[0.00392157 0.         0.01176471]  [0.00392157 0.         0.01176471]  [0.00392157 0.         0.01176471]  ...  [0.08235294 0.09411765 0.10196079]  [0.07843138 0.09019608 0.09803922]  [0.08235294 0.09803922 0.10196079]] [[0.00392157 0.         0.01176471]  [0.00392157 0.         0.01176471]  [0.00392157 0.         0.01176471]  ...  [0.09803922 0.10980392 0.11764706]  [0.09019608 0.10196079 0.10980392]  [0.08627451 0.09803922 0.10588235]] ... [[0.00784314 0.         0.01568628]  [0.00784314 0.         0.01568628]  [0.00784314 0.00392157 0.01568628]  ...  [0.08627451 0.09803922 0.10196079]  [0.09803922 0.10980392 0.11372549]  [0.09019608 0.10196079 0.10588235]] [[0.00784314 0.         0.01568628]  [0.00784314 0.         0.01568628]  [0.00784314 0.00392157 0.01568628]  ...  [0.07843138 0.09019608 0.09411765]  [0.09019608 0.10196079 0.10588235]  [0.08627451 0.09803922 0.10196079]] [[0.00784314 0.         0.01568628]  [0.00784314 0.         0.01568628]  [0.00784314 0.00392157 0.01568628]  ...  [0.07843138 0.09019608 0.09411765]  [0.09019608 0.10196079 0.10588235]  [0.09019608 0.10196079 0.10588235]]]",4.159617112425622,44592,/home/amos/media/tv/The X-Files S01-S11 BluRay 10Bit 1080p Dts-HDMa5 1 HEVC-d3g/The X-Files S08 br 10bit dts hevc-d3g/The.X-Files.S08E07.Via.Negativa.1080p.BluRay.10Bit.Dts-HDMa5.1.HEVC-d3g.mkv466,1080,1920,0,531,106,913,531,162350,0.078,"[[[0.00392157 0.01568628 0.02352941]  [0.         0.00392157 0.01176471]  [0.         0.00784314 0.01568628]  ...  [0.13333334 0.13725491 0.1254902 ]  [0.13725491 0.14117648 0.1254902 ]  [0.1254902  0.12941177 0.10980392]] [[0.         0.01176471 0.01960784]  [0.         0.00392157 0.01176471]  [0.         0.00784314 0.01568628]  ...  [0.13333334 0.13725491 0.1254902 ]  [0.12941177 0.13333334 0.11764706]  [0.12156863 0.1254902  0.10980392]] [[0.00392157 0.01568628 0.02352941]  [0.         0.00392157 0.01176471]  [0.         0.00784314 0.01568628]  ...  [0.13333334 0.13725491 0.1254902 ]  [0.12941177 0.13333334 0.11764706]  [0.13725491 0.14509805 0.1254902 ]] ... [[0.         0.         0.00784314]  [0.         0.         0.00784314]  [0.         0.         0.00784314]  ...  [0.10196079 0.11372549 0.11764706]  [0.09803922 0.10980392 0.11764706]  [0.10588235 0.11764706 0.1254902 ]] [[0.         0.         0.00784314]  [0.         0.         0.00784314]  [0.         0.         0.00784314]  ...  [0.09803922 0.10980392 0.11372549]  [0.10980392 0.12156863 0.1254902 ]  [0.10980392 0.12156863 0.12941177]] [[0.         0.         0.00784314]  [0.         0.         0.00784314]  [0.         0.         0.00784314]  ...  [0.09803922 0.10980392 0.10980392]  [0.10588235 0.11764706 0.12156863]  [0.10980392 0.12156863 0.12941177]]]",6.161772962310351,44616,/home/amos/media/tv/The X-Files S01-S11 BluRay 10Bit 1080p Dts-HDMa5 1 HEVC-d3g/The X-Files S08 br 10bit dts hevc-d3g/The.X-Files.S08E07.Via.Negativa.1080p.BluRay.10Bit.Dts-HDMa5.1.HEVC-d3g.mkv467,1080,1920,0,79,344,423,79,91160,0.044,"[[[0.06666667 0.01568628 0.01960784]  [0.06666667 0.01568628 0.01960784]  [0.06666667 0.01568628 0.01960784]  ...  [0.05490196 0.01568628 0.02352941]  [0.05490196 0.01568628 0.02352941]  [0.05490196 0.01568628 0.02352941]] [[0.06666667 0.01568628 0.01960784]  [0.06666667 0.01568628 0.01960784]  [0.06666667 0.01568628 0.01960784]  ...  [0.05490196 0.01568628 0.02352941]  [0.05490196 0.01568628 0.02352941]  [0.05490196 0.01568628 0.02352941]] [[0.06666667 0.01568628 0.01960784]  [0.06666667 0.01568628 0.01960784]  [0.06666667 0.01568628 0.01960784]  ...  [0.05490196 0.01568628 0.02352941]  [0.05490196 0.01568628 0.02352941]  [0.05490196 0.01568628 0.02352941]] ... [[0.08235294 0.02745098 0.03137255]  [0.08235294 0.02745098 0.03137255]  [0.08627451 0.02745098 0.03137255]  ...  [0.03921569 0.01176471 0.01176471]  [0.03921569 0.01176471 0.01176471]  [0.03921569 0.01176471 0.01176471]] [[0.08235294 0.02745098 0.03137255]  [0.08235294 0.02745098 0.03137255]  [0.08627451 0.02352941 0.03137255]  ...  [0.03921569 0.01176471 0.01176471]  [0.03921569 0.01176471 0.01176471]  [0.03921569 0.01176471 0.01176471]] [[0.08235294 0.02745098 0.03137255]  [0.08235294 0.02745098 0.03137255]  [0.08627451 0.02352941 0.03137255]  ...  [0.03921569 0.01176471 0.01176471]  [0.03921569 0.01176471 0.01176471]  [0.03921569 0.01176471 0.01176471]]]",2.137960058345925,44808,/home/amos/media/tv/The X-Files S01-S11 BluRay 10Bit 1080p Dts-HDMa5 1 HEVC-d3g/The X-Files S08 br 10bit dts hevc-d3g/The.X-Files.S08E07.Via.Negativa.1080p.BluRay.10Bit.Dts-HDMa5.1.HEVC-d3g.mkv468,1080,1920,0,114,473,1126,114,363308,0.175,"[[[0.6        0.35686275 0.32156864]  [0.5921569  0.34901962 0.3137255 ]  [0.5803922  0.3372549  0.3019608 ]  ...  [0.03137255 0.         0.01568628]  [0.03137255 0.         0.01568628]  [0.03137255 0.         0.01568628]] [[0.59607846 0.3529412  0.31764707]  [0.5882353  0.34509805 0.3137255 ]  [0.5764706  0.33333334 0.29803923]  ...  [0.03137255 0.         0.01568628]  [0.03137255 0.         0.01568628]  [0.03137255 0.         0.01568628]] [[0.5921569  0.34509805 0.3137255 ]  [0.58431375 0.34117648 0.30588236]  [0.5686275  0.3254902  0.2901961 ]  ...  [0.03137255 0.         0.01568628]  [0.03137255 0.         0.01568628]  [0.03137255 0.         0.01568628]] ... [[0.5294118  0.25882354 0.2509804 ]  [0.5294118  0.25882354 0.2509804 ]  [0.5294118  0.25882354 0.2509804 ]  ...  [0.28235295 0.12156863 0.12156863]  [0.28235295 0.12156863 0.12156863]  [0.28235295 0.12156863 0.12156863]] [[0.52156866 0.2509804  0.24313726]  [0.52156866 0.2509804  0.24313726]  [0.5176471  0.24705882 0.23921569]  ...  [0.2784314  0.11764706 0.11764706]  [0.2784314  0.11764706 0.11764706]  [0.2784314  0.11764706 0.11764706]] [[0.5176471  0.24705882 0.23921569]  [0.5137255  0.24313726 0.23529412]  [0.50980395 0.23921569 0.23137255]  ...  [0.2784314  0.11764706 0.11764706]  [0.2784314  0.11764706 0.11764706]  [0.2784314  0.11764706 0.11764706]]]",3.509541125909891,45192,/home/amos/media/tv/The X-Files S01-S11 BluRay 10Bit 1080p Dts-HDMa5 1 HEVC-d3g/The X-Files S08 br 10bit dts hevc-d3g/The.X-Files.S08E07.Via.Negativa.1080p.BluRay.10Bit.Dts-HDMa5.1.HEVC-d3g.mkv469,1080,1920,0,71,282,602,71,112041,0.054,"[[[0.04313726 0.02352941 0.01568628]  [0.04313726 0.02352941 0.01568628]  [0.04313726 0.02352941 0.01568628]  ...  [0.02745098 0.00784314 0.00784314]  [0.02745098 0.00784314 0.00784314]  [0.         0.         0.        ]] [[0.04313726 0.02352941 0.01568628]  [0.04313726 0.02352941 0.01568628]  [0.04313726 0.02352941 0.01568628]  ...  [0.02745098 0.00784314 0.00784314]  [0.02745098 0.00784314 0.00784314]  [0.         0.         0.        ]] [[0.04313726 0.02352941 0.01568628]  [0.04313726 0.02352941 0.01568628]  [0.04313726 0.02352941 0.01960784]  ...  [0.02745098 0.00784314 0.00784314]  [0.02745098 0.00784314 0.00784314]  [0.         0.         0.        ]] ... [[0.16862746 0.12156863 0.09803922]  [0.16862746 0.12156863 0.09803922]  [0.16470589 0.11764706 0.09411765]  ...  [0.04705882 0.02745098 0.02745098]  [0.04705882 0.02745098 0.02745098]  [0.         0.         0.        ]] [[0.16862746 0.12156863 0.09803922]  [0.16862746 0.12156863 0.09803922]  [0.16470589 0.11764706 0.09411765]  ...  [0.04705882 0.02745098 0.02745098]  [0.04705882 0.02745098 0.02745098]  [0.         0.         0.        ]] [[0.         0.         0.        ]  [0.         0.         0.        ]  [0.         0.         0.        ]  ...  [0.         0.         0.        ]  [0.         0.         0.        ]  [0.         0.         0.        ]]]",2.637201073404867,45312,/home/amos/media/tv/The X-Files S01-S11 BluRay 10Bit 1080p Dts-HDMa5 1 HEVC-d3g/The X-Files S08 br 10bit dts hevc-d3g/The.X-Files.S08E07.Via.Negativa.1080p.BluRay.10Bit.Dts-HDMa5.1.HEVC-d3g.mkv470,1080,1920,1,65,432,1804,65,638213,0.308,"[[[0.09411765 0.10196079 0.06666667]  [0.09411765 0.10196079 0.06666667]  [0.09411765 0.10196079 0.06666667]  ...  [0.10196079 0.10980392 0.08235294]  [0.10196079 0.10980392 0.08235294]  [0.10196079 0.10980392 0.08235294]] [[0.09411765 0.10196079 0.06666667]  [0.09411765 0.10196079 0.06666667]  [0.09411765 0.10196079 0.06666667]  ...  [0.10196079 0.10980392 0.08235294]  [0.10196079 0.10980392 0.08235294]  [0.10196079 0.10980392 0.08235294]] [[0.09411765 0.10196079 0.06666667]  [0.09411765 0.10196079 0.06666667]  [0.09411765 0.10196079 0.06666667]  ...  [0.09803922 0.10980392 0.08235294]  [0.10196079 0.10980392 0.08235294]  [0.10196079 0.10980392 0.08235294]] ... [[0.14901961 0.17254902 0.14901961]  [0.14901961 0.17254902 0.14901961]  [0.14901961 0.17254902 0.14901961]  ...  [0.05490196 0.05882353 0.03137255]  [0.05490196 0.05490196 0.03137255]  [0.05490196 0.05490196 0.03137255]] [[0.14901961 0.1764706  0.15294118]  [0.14901961 0.1764706  0.15294118]  [0.14901961 0.1764706  0.15294118]  ...  [0.05490196 0.05490196 0.03137255]  [0.05490196 0.05490196 0.03137255]  [0.05490196 0.05490196 0.03137255]] [[0.14901961 0.1764706  0.15294118]  [0.14901961 0.1764706  0.15294118]  [0.14901961 0.1764706  0.15294118]  ...  [0.05490196 0.05490196 0.03137255]  [0.05490196 0.05490196 0.03137255]  [0.05490196 0.05490196 0.03137255]]]",0.637032012862619,45312,/home/amos/media/tv/The X-Files S01-S11 BluRay 10Bit 1080p Dts-HDMa5 1 HEVC-d3g/The X-Files S08 br 10bit dts hevc-d3g/The.X-Files.S08E07.Via.Negativa.1080p.BluRay.10Bit.Dts-HDMa5.1.HEVC-d3g.mkv471,1080,1920,0,64,431,1805,64,638947,0.308,"[[[0.09803922 0.10980392 0.07843138]  [0.09803922 0.10980392 0.07843138]  [0.09803922 0.10980392 0.07843138]  ...  [0.08627451 0.10196079 0.06666667]  [0.08627451 0.10196079 0.06666667]  [0.08627451 0.10196079 0.06666667]] [[0.09803922 0.10980392 0.07843138]  [0.09803922 0.10980392 0.07843138]  [0.09803922 0.10980392 0.07843138]  ...  [0.08627451 0.10196079 0.06666667]  [0.08627451 0.10196079 0.06666667]  [0.08627451 0.10196079 0.06666667]] [[0.09803922 0.10980392 0.07843138]  [0.09803922 0.10980392 0.07843138]  [0.09803922 0.10980392 0.07843138]  ...  [0.08627451 0.10196079 0.06666667]  [0.08627451 0.10196079 0.06666667]  [0.08627451 0.10196079 0.06666667]] ... [[0.14117648 0.16862746 0.14117648]  [0.14117648 0.16862746 0.14117648]  [0.14117648 0.16862746 0.14117648]  ...  [0.0627451  0.0627451  0.04705882]  [0.0627451  0.0627451  0.04705882]  [0.0627451  0.0627451  0.04705882]] [[0.14117648 0.16862746 0.14117648]  [0.14117648 0.16862746 0.14117648]  [0.14117648 0.16862746 0.14117648]  ...  [0.0627451  0.0627451  0.04705882]  [0.0627451  0.0627451  0.04705882]  [0.0627451  0.0627451  0.04705882]] [[0.14117648 0.16862746 0.14117648]  [0.14117648 0.16862746 0.14117648]  [0.14117648 0.16862746 0.14117648]  ...  [0.0627451  0.0627451  0.04705882]  [0.0627451  0.0627451  0.04705882]  [0.0627451  0.0627451  0.04705882]]]",1.3430261019966565,45336,/home/amos/media/tv/The X-Files S01-S11 BluRay 10Bit 1080p Dts-HDMa5 1 HEVC-d3g/The X-Files S08 br 10bit dts hevc-d3g/The.X-Files.S08E07.Via.Negativa.1080p.BluRay.10Bit.Dts-HDMa5.1.HEVC-d3g.mkv472,1080,1920,0,65,431,1802,65,635742,0.307,"[[[0.08627451 0.09803922 0.06666667]  [0.08627451 0.09803922 0.06666667]  [0.08627451 0.09803922 0.06666667]  ...  [0.10980392 0.11764706 0.08235294]  [0.10588235 0.11372549 0.07843138]  [0.10588235 0.11372549 0.07843138]] [[0.08627451 0.09803922 0.06666667]  [0.08627451 0.09803922 0.06666667]  [0.08627451 0.09803922 0.06666667]  ...  [0.10980392 0.11372549 0.08235294]  [0.10588235 0.11372549 0.07843138]  [0.10588235 0.11372549 0.07843138]] [[0.08627451 0.09803922 0.06666667]  [0.08627451 0.09803922 0.06666667]  [0.08627451 0.09803922 0.06666667]  ...  [0.10588235 0.11372549 0.07843138]  [0.10588235 0.11372549 0.07843138]  [0.10588235 0.11372549 0.07843138]] ... [[0.12941177 0.16470589 0.13333334]  [0.12941177 0.16470589 0.13333334]  [0.13333334 0.16470589 0.13725491]  ...  [0.05882353 0.07058824 0.04313726]  [0.05882353 0.07058824 0.04313726]  [0.05882353 0.07058824 0.04313726]] [[0.13333334 0.16470589 0.13725491]  [0.13333334 0.16470589 0.13725491]  [0.13333334 0.16470589 0.13725491]  ...  [0.05882353 0.07058824 0.04313726]  [0.05882353 0.07058824 0.04313726]  [0.05882353 0.07058824 0.04313726]] [[0.13333334 0.16470589 0.13725491]  [0.13333334 0.16470589 0.13725491]  [0.13333334 0.16470589 0.13725491]  ...  [0.05882353 0.07058824 0.04313726]  [0.05882353 0.07058824 0.04313726]  [0.05882353 0.07058824 0.04313726]]]",4.531166097323876,45360,/home/amos/media/tv/The X-Files S01-S11 BluRay 10Bit 1080p Dts-HDMa5 1 HEVC-d3g/The X-Files S08 br 10bit dts hevc-d3g/The.X-Files.S08E07.Via.Negativa.1080p.BluRay.10Bit.Dts-HDMa5.1.HEVC-d3g.mkv473,1080,1920,0,566,60,837,566,137126,0.066,"[[[0.1764706  0.1254902  0.10196079]  [0.16862746 0.11764706 0.09411765]  [0.22352941 0.1764706  0.14901961]  ...  [0.03137255 0.00392157 0.01568628]  [0.02745098 0.         0.01176471]  [0.02352941 0.         0.00784314]] [[0.1764706  0.1254902  0.10196079]  [0.13333334 0.08235294 0.05882353]  [0.23529412 0.18431373 0.16078432]  ...  [0.02745098 0.         0.01176471]  [0.02745098 0.         0.01176471]  [0.03137255 0.         0.01568628]] [[0.13333334 0.08235294 0.05882353]  [0.16470589 0.11372549 0.09019608]  [0.1882353  0.13333334 0.10980392]  ...  [0.03529412 0.00392157 0.01176471]  [0.02352941 0.         0.00784314]  [0.03137255 0.         0.01568628]] ... [[0.03921569 0.         0.00784314]  [0.03921569 0.         0.00784314]  [0.03921569 0.         0.00784314]  ...  [0.03137255 0.00392157 0.00784314]  [0.03137255 0.01176471 0.01176471]  [0.02352941 0.00392157 0.00392157]] [[0.03921569 0.         0.00784314]  [0.03921569 0.         0.00784314]  [0.03921569 0.         0.00784314]  ...  [0.02745098 0.00392157 0.01176471]  [0.02352941 0.00392157 0.00784314]  [0.02745098 0.00784314 0.01176471]] [[0.04313726 0.00392157 0.01176471]  [0.04313726 0.00392157 0.01176471]  [0.04705882 0.00784314 0.01568628]  ...  [0.02745098 0.00392157 0.01176471]  [0.01960784 0.         0.00392157]  [0.02352941 0.00392157 0.00784314]]]",3.045088198443409,45384,/home/amos/media/tv/The X-Files S01-S11 BluRay 10Bit 1080p Dts-HDMa5 1 HEVC-d3g/The X-Files S08 br 10bit dts hevc-d3g/The.X-Files.S08E07.Via.Negativa.1080p.BluRay.10Bit.Dts-HDMa5.1.HEVC-d3g.mkv474,1080,1920,0,668,49,781,668,69947,0.034,"[[[0.04313726 0.00392157 0.00784314]  [0.04705882 0.00784314 0.01176471]  [0.05098039 0.01176471 0.01568628]  ...  [0.00392157 0.         0.00392157]  [0.00392157 0.         0.00392157]  [0.00392157 0.         0.00392157]] [[0.04313726 0.00392157 0.00784314]  [0.05098039 0.01176471 0.01568628]  [0.05098039 0.01176471 0.01568628]  ...  [0.00392157 0.         0.00392157]  [0.00392157 0.         0.00392157]  [0.00392157 0.         0.00392157]] [[0.04313726 0.00392157 0.00784314]  [0.04313726 0.00392157 0.00784314]  [0.04313726 0.00392157 0.00784314]  ...  [0.00392157 0.         0.00392157]  [0.00392157 0.         0.00392157]  [0.00392157 0.         0.00392157]] ... [[0.04313726 0.00392157 0.01176471]  [0.04705882 0.00784314 0.01568628]  [0.05098039 0.01176471 0.01960784]  ...  [0.01176471 0.         0.00784314]  [0.01176471 0.         0.00784314]  [0.01176471 0.         0.00784314]] [[0.04705882 0.00784314 0.01568628]  [0.04313726 0.00392157 0.01176471]  [0.04313726 0.00392157 0.01176471]  ...  [0.01176471 0.         0.00784314]  [0.01176471 0.         0.00784314]  [0.01176471 0.         0.00784314]] [[0.03921569 0.         0.00784314]  [0.04313726 0.00392157 0.01176471]  [0.04313726 0.00392157 0.01176471]  ...  [0.01176471 0.         0.00784314]  [0.01176471 0.         0.00784314]  [0.01176471 0.         0.00784314]]]",5.126717160863336,45432,/home/amos/media/tv/The X-Files S01-S11 BluRay 10Bit 1080p Dts-HDMa5 1 HEVC-d3g/The X-Files S08 br 10bit dts hevc-d3g/The.X-Files.S08E07.Via.Negativa.1080p.BluRay.10Bit.Dts-HDMa5.1.HEVC-d3g.mkv475,1080,1920,0,646,53,795,646,88357,0.043,"[[[0.05098039 0.00784314 0.01176471]  [0.04705882 0.00392157 0.00784314]  [0.05098039 0.00784314 0.01176471]  ...  [0.00392157 0.         0.00392157]  [0.00784314 0.00392157 0.00784314]  [0.00392157 0.         0.00392157]] [[0.05490196 0.01176471 0.01568628]  [0.05098039 0.00784314 0.01176471]  [0.04313726 0.         0.00392157]  ...  [0.00392157 0.         0.00392157]  [0.00392157 0.         0.00392157]  [0.00392157 0.         0.00392157]] [[0.05098039 0.00784314 0.01176471]  [0.04705882 0.00392157 0.00784314]  [0.04705882 0.00392157 0.00784314]  ...  [0.00392157 0.         0.00392157]  [0.00392157 0.         0.00392157]  [0.00392157 0.         0.00392157]] ... [[0.03921569 0.         0.00784314]  [0.04313726 0.00784314 0.01176471]  [0.04313726 0.00392157 0.01176471]  ...  [0.01568628 0.         0.00784314]  [0.01568628 0.         0.00784314]  [0.02352941 0.00392157 0.01568628]] [[0.03921569 0.         0.00784314]  [0.04705882 0.00784314 0.01568628]  [0.03529412 0.         0.00392157]  ...  [0.01568628 0.         0.00784314]  [0.01568628 0.         0.00784314]  [0.01960784 0.         0.00784314]] [[0.04313726 0.00392157 0.01176471]  [0.03921569 0.         0.00784314]  [0.04705882 0.00784314 0.01176471]  ...  [0.01176471 0.         0.00784314]  [0.01176471 0.         0.00784314]  [0.01568628 0.         0.00784314]]]",4.35202405025484,45456,/home/amos/media/tv/The X-Files S01-S11 BluRay 10Bit 1080p Dts-HDMa5 1 HEVC-d3g/The X-Files S08 br 10bit dts hevc-d3g/The.X-Files.S08E07.Via.Negativa.1080p.BluRay.10Bit.Dts-HDMa5.1.HEVC-d3g.mkv476,1080,1920,0,623,60,814,623,107533,0.052,"[[[0.04313726 0.00392157 0.01176471]  [0.03921569 0.         0.00784314]  [0.03921569 0.         0.01176471]  ...  [0.01176471 0.00392157 0.00784314]  [0.01176471 0.00392157 0.00784314]  [0.01176471 0.00392157 0.00784314]] [[0.04313726 0.00392157 0.01176471]  [0.04705882 0.00784314 0.01568628]  [0.05098039 0.01176471 0.01960784]  ...  [0.01176471 0.         0.00784314]  [0.01176471 0.         0.00784314]  [0.01568628 0.00392157 0.00784314]] [[0.04705882 0.00784314 0.01568628]  [0.04705882 0.00784314 0.01568628]  [0.04705882 0.00784314 0.01568628]  ...  [0.01568628 0.         0.00784314]  [0.01568628 0.         0.00784314]  [0.01960784 0.00392157 0.01176471]] ... [[0.04313726 0.00392157 0.01176471]  [0.03921569 0.         0.00784314]  [0.04313726 0.00392157 0.01176471]  ...  [0.01568628 0.         0.00392157]  [0.01568628 0.         0.00392157]  [0.01960784 0.         0.00784314]] [[0.04313726 0.00392157 0.01176471]  [0.04313726 0.         0.01176471]  [0.03921569 0.         0.00784314]  ...  [0.01960784 0.         0.00784314]  [0.01960784 0.         0.00784314]  [0.01960784 0.         0.00784314]] [[0.04313726 0.00392157 0.01176471]  [0.03921569 0.         0.00784314]  [0.03921569 0.         0.01176471]  ...  [0.01960784 0.         0.00784314]  [0.01960784 0.         0.00784314]  [0.01960784 0.         0.00784314]]]",5.422945061873179,45480,/home/amos/media/tv/The X-Files S01-S11 BluRay 10Bit 1080p Dts-HDMa5 1 HEVC-d3g/The X-Files S08 br 10bit dts hevc-d3g/The.X-Files.S08E07.Via.Negativa.1080p.BluRay.10Bit.Dts-HDMa5.1.HEVC-d3g.mkv477,1080,1920,0,676,48,793,676,73476,0.035,"[[[0.03921569 0.         0.00784314]  [0.05490196 0.01568628 0.02352941]  [0.04705882 0.00784314 0.01568628]  ...  [0.00392157 0.         0.00392157]  [0.00392157 0.         0.00392157]  [0.00392157 0.         0.00392157]] [[0.05098039 0.01176471 0.01960784]  [0.04313726 0.00392157 0.01176471]  [0.04705882 0.00784314 0.01568628]  ...  [0.00392157 0.         0.00392157]  [0.00784314 0.         0.00784314]  [0.00784314 0.         0.00784314]] [[0.03921569 0.         0.00784314]  [0.04705882 0.00784314 0.01568628]  [0.03921569 0.         0.00784314]  ...  [0.00784314 0.         0.00784314]  [0.00784314 0.         0.00784314]  [0.00784314 0.         0.00784314]] ... [[0.03921569 0.         0.00784314]  [0.05098039 0.01176471 0.01960784]  [0.03921569 0.         0.00784314]  ...  [0.02352941 0.         0.01176471]  [0.02352941 0.         0.01176471]  [0.02745098 0.00392157 0.01568628]] [[0.03921569 0.         0.00784314]  [0.04705882 0.00784314 0.01568628]  [0.03921569 0.         0.00784314]  ...  [0.02352941 0.         0.01176471]  [0.02352941 0.         0.01176471]  [0.02745098 0.00392157 0.01568628]] [[0.04705882 0.00784314 0.01568628]  [0.04313726 0.00392157 0.01176471]  [0.03921569 0.         0.00784314]  ...  [0.02352941 0.         0.01176471]  [0.02352941 0.         0.01176471]  [0.02745098 0.00392157 0.01568628]]]",4.603846064943355,45504,/home/amos/media/tv/The X-Files S01-S11 BluRay 10Bit 1080p Dts-HDMa5 1 HEVC-d3g/The X-Files S08 br 10bit dts hevc-d3g/The.X-Files.S08E07.Via.Negativa.1080p.BluRay.10Bit.Dts-HDMa5.1.HEVC-d3g.mkv478,1080,1920,0,683,50,798,683,72795,0.035,"[[[0.04313726 0.         0.00392157]  [0.04705882 0.00784314 0.01568628]  [0.04313726 0.00392157 0.01176471]  ...  [0.00392157 0.         0.00392157]  [0.00392157 0.         0.00392157]  [0.00392157 0.         0.00392157]] [[0.05098039 0.01176471 0.01568628]  [0.03921569 0.         0.00784314]  [0.04313726 0.00392157 0.01176471]  ...  [0.00392157 0.         0.00392157]  [0.00392157 0.         0.00392157]  [0.00392157 0.         0.00392157]] [[0.04313726 0.00392157 0.00784314]  [0.04705882 0.00784314 0.01568628]  [0.03921569 0.         0.00784314]  ...  [0.00392157 0.         0.00392157]  [0.00392157 0.         0.00392157]  [0.00392157 0.         0.00392157]] ... [[0.03921569 0.         0.00784314]  [0.04313726 0.00392157 0.01176471]  [0.03921569 0.         0.00784314]  ...  [0.01960784 0.         0.00784314]  [0.01960784 0.         0.00784314]  [0.01960784 0.         0.00784314]] [[0.03921569 0.         0.00784314]  [0.04705882 0.00784314 0.01568628]  [0.03921569 0.         0.00784314]  ...  [0.02352941 0.         0.01176471]  [0.02352941 0.         0.01176471]  [0.02352941 0.         0.01176471]] [[0.04705882 0.00784314 0.01568628]  [0.03921569 0.         0.00784314]  [0.04705882 0.00784314 0.01568628]  ...  [0.01960784 0.         0.00784314]  [0.01960784 0.         0.00784314]  [0.01960784 0.         0.00784314]]]",6.416867129912134,45528,/home/amos/media/tv/The X-Files S01-S11 BluRay 10Bit 1080p Dts-HDMa5 1 HEVC-d3g/The X-Files S08 br 10bit dts hevc-d3g/The.X-Files.S08E07.Via.Negativa.1080p.BluRay.10Bit.Dts-HDMa5.1.HEVC-d3g.mkv479,1080,1920,0,638,50,766,638,75264,0.036,"[[[0.05098039 0.01176471 0.01568628]  [0.04705882 0.00784314 0.01176471]  [0.04705882 0.00784314 0.01176471]  ...  [0.00784314 0.         0.00784314]  [0.00784314 0.         0.00784314]  [0.00392157 0.         0.00392157]] [[0.04705882 0.00784314 0.01176471]  [0.03921569 0.         0.00392157]  [0.04313726 0.00392157 0.01176471]  ...  [0.00784314 0.         0.00784314]  [0.00784314 0.         0.00784314]  [0.00392157 0.         0.00392157]] [[0.04313726 0.00392157 0.01176471]  [0.04313726 0.00392157 0.00784314]  [0.04313726 0.00392157 0.00784314]  ...  [0.00784314 0.         0.00784314]  [0.00784314 0.         0.00784314]  [0.00392157 0.         0.00392157]] ... [[0.03921569 0.         0.00784314]  [0.04313726 0.00392157 0.01176471]  [0.03921569 0.         0.00784314]  ...  [0.01960784 0.         0.00784314]  [0.01960784 0.         0.00784314]  [0.01960784 0.         0.00784314]] [[0.04705882 0.00784314 0.01568628]  [0.03529412 0.         0.00392157]  [0.04313726 0.00392157 0.01568628]  ...  [0.01960784 0.         0.00784314]  [0.01960784 0.         0.00784314]  [0.01960784 0.         0.00784314]] [[0.04705882 0.00784314 0.01568628]  [0.04705882 0.00784314 0.01568628]  [0.04313726 0.00392157 0.01176471]  ...  [0.01960784 0.         0.00784314]  [0.01960784 0.         0.00784314]  [0.01960784 0.         0.00784314]]]",4.57339510176098,45552,/home/amos/media/tv/The X-Files S01-S11 BluRay 10Bit 1080p Dts-HDMa5 1 HEVC-d3g/The X-Files S08 br 10bit dts hevc-d3g/The.X-Files.S08E07.Via.Negativa.1080p.BluRay.10Bit.Dts-HDMa5.1.HEVC-d3g.mkv480,1080,1920,0,646,76,795,646,84930,0.041,"[[[0.04705882 0.00784314 0.01568628]  [0.04705882 0.00784314 0.01568628]  [0.04705882 0.00784314 0.01176471]  ...  [0.01176471 0.         0.00784314]  [0.01176471 0.         0.00784314]  [0.00392157 0.         0.00392157]] [[0.04313726 0.00392157 0.01176471]  [0.04313726 0.00392157 0.01176471]  [0.04705882 0.00784314 0.01176471]  ...  [0.00784314 0.         0.00392157]  [0.00784314 0.         0.00392157]  [0.00392157 0.         0.00392157]] [[0.04705882 0.00784314 0.01568628]  [0.03921569 0.         0.00784314]  [0.04705882 0.00392157 0.01176471]  ...  [0.01176471 0.         0.00784314]  [0.01176471 0.         0.00784314]  [0.00392157 0.         0.00392157]] ... [[0.04313726 0.00392157 0.01176471]  [0.04313726 0.00392157 0.01176471]  [0.04705882 0.00392157 0.01568628]  ...  [0.01176471 0.         0.00784314]  [0.01176471 0.         0.00784314]  [0.01568628 0.         0.00784314]] [[0.03137255 0.         0.        ]  [0.03529412 0.         0.00392157]  [0.03921569 0.00392157 0.00784314]  ...  [0.01176471 0.         0.00784314]  [0.01176471 0.         0.00784314]  [0.01568628 0.         0.00784314]] [[0.04705882 0.00784314 0.01568628]  [0.03921569 0.         0.00784314]  [0.04313726 0.00392157 0.01176471]  ...  [0.01176471 0.         0.00784314]  [0.01176471 0.         0.00784314]  [0.01176471 0.         0.00784314]]]",3.1190230459324084,45576,/home/amos/media/tv/The X-Files S01-S11 BluRay 10Bit 1080p Dts-HDMa5 1 HEVC-d3g/The X-Files S08 br 10bit dts hevc-d3g/The.X-Files.S08E07.Via.Negativa.1080p.BluRay.10Bit.Dts-HDMa5.1.HEVC-d3g.mkv481,1080,1920,0,386,163,1002,386,137368,0.066,"[[[0.15294118 0.11764706 0.10588235]  [0.14509805 0.10980392 0.09803922]  [0.15686275 0.11764706 0.10196079]  ...  [0.01176471 0.         0.00784314]  [0.01176471 0.         0.00784314]  [0.         0.         0.        ]] [[0.17254902 0.13725491 0.1254902 ]  [0.16862746 0.13333334 0.12156863]  [0.15686275 0.11764706 0.10588235]  ...  [0.01176471 0.         0.00784314]  [0.01176471 0.         0.00784314]  [0.         0.         0.        ]] [[0.20784314 0.17254902 0.16078432]  [0.2        0.16470589 0.15294118]  [0.1764706  0.13725491 0.12156863]  ...  [0.01176471 0.         0.00784314]  [0.01176471 0.         0.00784314]  [0.         0.         0.        ]] ... [[0.04313726 0.         0.00784314]  [0.04313726 0.         0.00784314]  [0.05098039 0.00784314 0.01568628]  ...  [0.03921569 0.         0.01568628]  [0.03921569 0.         0.01568628]  [0.         0.         0.        ]] [[0.04313726 0.         0.00784314]  [0.04705882 0.00392157 0.01176471]  [0.05098039 0.00784314 0.01568628]  ...  [0.03529412 0.00392157 0.01568628]  [0.03921569 0.         0.01568628]  [0.         0.         0.        ]] [[0.         0.         0.        ]  [0.         0.         0.        ]  [0.         0.         0.        ]  ...  [0.         0.         0.        ]  [0.         0.         0.        ]  [0.         0.         0.        ]]]",5.525120279169641,45816,/home/amos/media/tv/The X-Files S01-S11 BluRay 10Bit 1080p Dts-HDMa5 1 HEVC-d3g/The X-Files S08 br 10bit dts hevc-d3g/The.X-Files.S08E07.Via.Negativa.1080p.BluRay.10Bit.Dts-HDMa5.1.HEVC-d3g.mkv482,1080,1920,0,346,168,1004,346,117124,0.056,"[[[0.15294118 0.10588235 0.09019608]  [0.12941177 0.08235294 0.07058824]  [0.13725491 0.09019608 0.07843138]  ...  [0.00784314 0.         0.00392157]  [0.00784314 0.         0.00392157]  [0.01176471 0.         0.00784314]] [[0.15294118 0.10196079 0.08627451]  [0.13725491 0.09019608 0.07843138]  [0.16862746 0.12156863 0.10980392]  ...  [0.00784314 0.         0.00392157]  [0.00784314 0.         0.00392157]  [0.01176471 0.         0.00784314]] [[0.16862746 0.12156863 0.10588235]  [0.15686275 0.10980392 0.09411765]  [0.19215687 0.14901961 0.13333334]  ...  [0.00784314 0.         0.00392157]  [0.00784314 0.         0.00392157]  [0.01176471 0.         0.00784314]] ... [[0.05098039 0.00784314 0.01176471]  [0.04705882 0.00392157 0.00784314]  [0.04313726 0.         0.00392157]  ...  [0.03137255 0.         0.01176471]  [0.03137255 0.         0.01176471]  [0.03137255 0.         0.01176471]] [[0.04705882 0.00392157 0.00784314]  [0.04705882 0.00392157 0.00784314]  [0.04705882 0.00392157 0.00784314]  ...  [0.02745098 0.         0.00784314]  [0.03137255 0.         0.01176471]  [0.03137255 0.         0.01176471]] [[0.04705882 0.00392157 0.00784314]  [0.04705882 0.00392157 0.00784314]  [0.04705882 0.00392157 0.00784314]  ...  [0.03137255 0.         0.01176471]  [0.03137255 0.         0.01176471]  [0.03137255 0.         0.01176471]]]",4.507740196248051,45840,/home/amos/media/tv/The X-Files S01-S11 BluRay 10Bit 1080p Dts-HDMa5 1 HEVC-d3g/The X-Files S08 br 10bit dts hevc-d3g/The.X-Files.S08E07.Via.Negativa.1080p.BluRay.10Bit.Dts-HDMa5.1.HEVC-d3g.mkv483,1080,1920,0,305,143,831,305,85212,0.041,"[[[0.13333334 0.09019608 0.07843138]  [0.13725491 0.09019608 0.07843138]  [0.14509805 0.09803922 0.08627451]  ...  [0.01176471 0.         0.01568628]  [0.01176471 0.         0.01568628]  [0.01176471 0.         0.01568628]] [[0.1254902  0.07843138 0.06666667]  [0.13333334 0.08627451 0.07450981]  [0.14117648 0.09411765 0.08235294]  ...  [0.01176471 0.         0.01568628]  [0.01176471 0.         0.01568628]  [0.01176471 0.         0.01568628]] [[0.12156863 0.07450981 0.0627451 ]  [0.1254902  0.08235294 0.07058824]  [0.12941177 0.08235294 0.07058824]  ...  [0.01176471 0.         0.01568628]  [0.01176471 0.         0.01568628]  [0.01176471 0.         0.01568628]] ... [[0.10980392 0.06666667 0.07058824]  [0.11372549 0.07058824 0.07058824]  [0.10980392 0.07058824 0.07058824]  ...  [0.02352941 0.         0.01176471]  [0.02352941 0.         0.01176471]  [0.02352941 0.         0.01176471]] [[0.11372549 0.07058824 0.07450981]  [0.11372549 0.07058824 0.07058824]  [0.10588235 0.06666667 0.06666667]  ...  [0.02352941 0.         0.01568628]  [0.02352941 0.         0.01568628]  [0.02352941 0.         0.01568628]] [[0.11764706 0.07450981 0.07843138]  [0.11764706 0.07450981 0.07450981]  [0.11764706 0.07843138 0.07843138]  ...  [0.02352941 0.         0.01568628]  [0.01960784 0.         0.01176471]  [0.02352941 0.         0.01568628]]]",3.5201061172410846,45912,/home/amos/media/tv/The X-Files S01-S11 BluRay 10Bit 1080p Dts-HDMa5 1 HEVC-d3g/The X-Files S08 br 10bit dts hevc-d3g/The.X-Files.S08E07.Via.Negativa.1080p.BluRay.10Bit.Dts-HDMa5.1.HEVC-d3g.mkv484,1080,1920,0,208,598,1069,208,335790,0.162,"[[[0.45490196 0.41568628 0.41568628]  [0.48235294 0.44313726 0.44313726]  [0.49019608 0.45490196 0.45490196]  ...  [0.03137255 0.01960784 0.02352941]  [0.03529412 0.02352941 0.02745098]  [0.03529412 0.02352941 0.02745098]] [[0.45490196 0.41568628 0.41568628]  [0.49019608 0.4509804  0.4509804 ]  [0.49019608 0.4509804  0.4509804 ]  ...  [0.03529412 0.02352941 0.02745098]  [0.03921569 0.02745098 0.03137255]  [0.03921569 0.02745098 0.03137255]] [[0.4627451  0.42352942 0.42352942]  [0.49411765 0.45490196 0.45490196]  [0.5137255  0.4745098  0.4745098 ]  ...  [0.03921569 0.02745098 0.03137255]  [0.03921569 0.02745098 0.03137255]  [0.03921569 0.02745098 0.03137255]] ... [[0.20784314 0.18039216 0.16078432]  [0.21568628 0.1882353  0.16862746]  [0.21960784 0.19215687 0.17254902]  ...  [0.03529412 0.01960784 0.03137255]  [0.03529412 0.01960784 0.03137255]  [0.03529412 0.01960784 0.03137255]] [[0.22352941 0.19607843 0.1764706 ]  [0.22745098 0.2        0.18039216]  [0.23529412 0.20784314 0.1882353 ]  ...  [0.03529412 0.01960784 0.03137255]  [0.03529412 0.01960784 0.03137255]  [0.03529412 0.01960784 0.03137255]] [[0.24313726 0.21568628 0.19607843]  [0.23529412 0.20784314 0.1882353 ]  [0.24313726 0.21568628 0.19607843]  ...  [0.03529412 0.01960784 0.03137255]  [0.03529412 0.01960784 0.03137255]  [0.03529412 0.01960784 0.03137255]]]",3.5117360553122126,46080,/home/amos/media/tv/The X-Files S01-S11 BluRay 10Bit 1080p Dts-HDMa5 1 HEVC-d3g/The X-Files S08 br 10bit dts hevc-d3g/The.X-Files.S08E07.Via.Negativa.1080p.BluRay.10Bit.Dts-HDMa5.1.HEVC-d3g.mkv485,1080,1920,0,207,595,1071,207,335232,0.162,"[[[0.4509804  0.40784314 0.40784314]  [0.49019608 0.44705883 0.44705883]  [0.5019608  0.45882353 0.45882353]  ...  [0.03921569 0.02352941 0.03137255]  [0.03921569 0.02352941 0.03137255]  [0.         0.         0.        ]] [[0.4509804  0.40784314 0.40784314]  [0.4862745  0.44313726 0.44313726]  [0.50980395 0.46666667 0.46666667]  ...  [0.03921569 0.02352941 0.03137255]  [0.03921569 0.02352941 0.03137255]  [0.         0.         0.        ]] [[0.44705883 0.40392157 0.40392157]  [0.4745098  0.43137255 0.43137255]  [0.49411765 0.4509804  0.4509804 ]  ...  [0.04313726 0.02745098 0.03529412]  [0.04313726 0.02745098 0.03529412]  [0.         0.         0.        ]] ... [[0.26666668 0.23137255 0.21960784]  [0.24313726 0.20784314 0.19607843]  [0.23921569 0.20392157 0.19215687]  ...  [0.03921569 0.02352941 0.03529412]  [0.03921569 0.02352941 0.03529412]  [0.         0.         0.        ]] [[0.26666668 0.23137255 0.21960784]  [0.2509804  0.21176471 0.2       ]  [0.25490198 0.21568628 0.20784314]  ...  [0.03921569 0.02352941 0.03529412]  [0.03921569 0.02352941 0.03529412]  [0.         0.         0.        ]] [[0.         0.         0.        ]  [0.         0.         0.        ]  [0.         0.         0.        ]  ...  [0.         0.         0.        ]  [0.         0.         0.        ]  [0.         0.         0.        ]]]",4.345195140864234,46128,/home/amos/media/tv/The X-Files S01-S11 BluRay 10Bit 1080p Dts-HDMa5 1 HEVC-d3g/The X-Files S08 br 10bit dts hevc-d3g/The.X-Files.S08E07.Via.Negativa.1080p.BluRay.10Bit.Dts-HDMa5.1.HEVC-d3g.mkv486,1080,1920,0,206,595,1072,206,336874,0.162,"[[[0.50980395 0.46666667 0.46666667]  [0.49411765 0.4509804  0.4509804 ]  [0.46666667 0.41960785 0.44313726]  ...  [0.02745098 0.01176471 0.02352941]  [0.03137255 0.01960784 0.02745098]  [0.03529412 0.02352941 0.03137255]] [[0.49019608 0.44705883 0.44705883]  [0.49803922 0.4509804  0.4509804 ]  [0.4862745  0.4392157  0.4627451 ]  ...  [0.02745098 0.01176471 0.02352941]  [0.02745098 0.01568628 0.02352941]  [0.03137255 0.01960784 0.02745098]] [[0.49411765 0.4509804  0.4509804 ]  [0.50980395 0.46666667 0.46666667]  [0.50980395 0.4627451  0.4862745 ]  ...  [0.02745098 0.01176471 0.02352941]  [0.02745098 0.01568628 0.02352941]  [0.03137255 0.01960784 0.02745098]] ... [[0.23529412 0.19607843 0.19215687]  [0.23529412 0.19607843 0.19215687]  [0.24705882 0.20784314 0.2       ]  ...  [0.04313726 0.02352941 0.03137255]  [0.04313726 0.02352941 0.03137255]  [0.04313726 0.02352941 0.03137255]] [[0.25490198 0.21568628 0.21176471]  [0.25882354 0.21960784 0.21568628]  [0.26666668 0.23137255 0.21960784]  ...  [0.04313726 0.02352941 0.03137255]  [0.04313726 0.02352941 0.03137255]  [0.04313726 0.02352941 0.03137255]] [[0.26666668 0.22745098 0.21960784]  [0.2784314  0.23529412 0.23137255]  [0.28235295 0.24705882 0.23529412]  ...  [0.03921569 0.02352941 0.03137255]  [0.03921569 0.02352941 0.03137255]  [0.03921569 0.02352941 0.03137255]]]",3.5973140571149997,46152,/home/amos/media/tv/The X-Files S01-S11 BluRay 10Bit 1080p Dts-HDMa5 1 HEVC-d3g/The X-Files S08 br 10bit dts hevc-d3g/The.X-Files.S08E07.Via.Negativa.1080p.BluRay.10Bit.Dts-HDMa5.1.HEVC-d3g.mkv487,1080,1920,0,182,110,1313,182,81432,0.039,"[[[0.03529412 0.00784314 0.01176471]  [0.03921569 0.00784314 0.01176471]  [0.03921569 0.00784314 0.01176471]  ...  [0.01176471 0.00392157 0.00784314]  [0.01176471 0.00392157 0.00784314]  [0.01568628 0.00784314 0.01176471]] [[0.03529412 0.00784314 0.01176471]  [0.03921569 0.00784314 0.01176471]  [0.04313726 0.01176471 0.01568628]  ...  [0.01568628 0.00784314 0.01176471]  [0.01568628 0.00784314 0.01176471]  [0.01960784 0.01176471 0.01568628]] [[0.03529412 0.00784314 0.01176471]  [0.03921569 0.01176471 0.01176471]  [0.04313726 0.01176471 0.01568628]  ...  [0.01960784 0.01176471 0.01568628]  [0.01960784 0.01176471 0.01568628]  [0.01960784 0.01176471 0.01568628]] ... [[0.01960784 0.00392157 0.01176471]  [0.01960784 0.         0.01176471]  [0.01960784 0.         0.01176471]  ...  [0.04705882 0.00784314 0.00784314]  [0.04705882 0.00784314 0.00784314]  [0.04705882 0.00784314 0.00784314]] [[0.02352941 0.00392157 0.01176471]  [0.01960784 0.         0.01176471]  [0.01960784 0.00392157 0.01568628]  ...  [0.05098039 0.00784314 0.00784314]  [0.05098039 0.00784314 0.00784314]  [0.05098039 0.00784314 0.00784314]] [[0.02352941 0.00392157 0.01176471]  [0.02352941 0.00392157 0.01568628]  [0.02352941 0.00392157 0.01568628]  ...  [0.05882353 0.00784314 0.01176471]  [0.05882353 0.00784314 0.01176471]  [0.05882353 0.00784314 0.01176471]]]",6.4594441404915415,46176,/home/amos/media/tv/The X-Files S01-S11 BluRay 10Bit 1080p Dts-HDMa5 1 HEVC-d3g/The X-Files S08 br 10bit dts hevc-d3g/The.X-Files.S08E07.Via.Negativa.1080p.BluRay.10Bit.Dts-HDMa5.1.HEVC-d3g.mkv488,1080,1920,0,195,110,1309,195,94690,0.046,"[[[0.04313726 0.01176471 0.01568628]  [0.04313726 0.01176471 0.01568628]  [0.04313726 0.01176471 0.01568628]  ...  [0.01960784 0.00392157 0.01568628]  [0.01960784 0.00392157 0.01568628]  [0.         0.         0.        ]] [[0.04313726 0.01176471 0.01568628]  [0.04313726 0.01176471 0.01568628]  [0.04313726 0.01176471 0.01568628]  ...  [0.01960784 0.00784314 0.01568628]  [0.01960784 0.00784314 0.01568628]  [0.         0.         0.        ]] [[0.03529412 0.01176471 0.01960784]  [0.03529412 0.01176471 0.01960784]  [0.03529412 0.01176471 0.01960784]  ...  [0.01960784 0.00784314 0.01568628]  [0.01960784 0.00784314 0.01568628]  [0.         0.         0.        ]] ... [[0.02745098 0.00392157 0.01568628]  [0.02352941 0.00392157 0.01568628]  [0.02352941 0.00392157 0.01568628]  ...  [0.07058824 0.01568628 0.01960784]  [0.06666667 0.01176471 0.01568628]  [0.         0.         0.        ]] [[0.02745098 0.00392157 0.01568628]  [0.02745098 0.00392157 0.01568628]  [0.02745098 0.00392157 0.01568628]  ...  [0.05490196 0.         0.00392157]  [0.04705882 0.         0.        ]  [0.         0.         0.        ]] [[0.         0.         0.        ]  [0.         0.         0.        ]  [0.         0.         0.        ]  ...  [0.         0.         0.        ]  [0.         0.         0.        ]  [0.         0.         0.        ]]]",6.753980029548984,46200,/home/amos/media/tv/The X-Files S01-S11 BluRay 10Bit 1080p Dts-HDMa5 1 HEVC-d3g/The X-Files S08 br 10bit dts hevc-d3g/The.X-Files.S08E07.Via.Negativa.1080p.BluRay.10Bit.Dts-HDMa5.1.HEVC-d3g.mkv489,1080,1920,0,187,118,1320,187,78177,0.038,"[[[0.04313726 0.01176471 0.01568628]  [0.03921569 0.00784314 0.01176471]  [0.03921569 0.00784314 0.01176471]  ...  [0.01568628 0.00784314 0.00784314]  [0.01176471 0.00784314 0.01176471]  [0.         0.         0.        ]] [[0.04313726 0.01176471 0.01568628]  [0.03921569 0.00784314 0.01176471]  [0.03921569 0.00784314 0.01176471]  ...  [0.01568628 0.00784314 0.00784314]  [0.01176471 0.00784314 0.01176471]  [0.         0.         0.        ]] [[0.03921569 0.01176471 0.01568628]  [0.03921569 0.00784314 0.01176471]  [0.03529412 0.00784314 0.01176471]  ...  [0.01568628 0.00784314 0.00784314]  [0.01176471 0.00784314 0.01176471]  [0.         0.         0.        ]] ... [[0.02352941 0.         0.01176471]  [0.02745098 0.00392157 0.01568628]  [0.02745098 0.00392157 0.01568628]  ...  [0.04705882 0.00784314 0.01176471]  [0.04313726 0.01176471 0.01176471]  [0.         0.         0.        ]] [[0.02745098 0.00392157 0.01568628]  [0.02745098 0.00392157 0.01568628]  [0.02745098 0.00392157 0.01568628]  ...  [0.04705882 0.00784314 0.00784314]  [0.04313726 0.00784314 0.00784314]  [0.         0.         0.        ]] [[0.         0.         0.        ]  [0.         0.         0.        ]  [0.         0.         0.        ]  ...  [0.         0.         0.        ]  [0.         0.         0.        ]  [0.         0.         0.        ]]]",7.58033710491145,46224,/home/amos/media/tv/The X-Files S01-S11 BluRay 10Bit 1080p Dts-HDMa5 1 HEVC-d3g/The X-Files S08 br 10bit dts hevc-d3g/The.X-Files.S08E07.Via.Negativa.1080p.BluRay.10Bit.Dts-HDMa5.1.HEVC-d3g.mkv490,1080,1920,1,54,295,1403,54,325109,0.157,"[[[0.36862746 0.16078432 0.13725491]  [0.36862746 0.16078432 0.13725491]  [0.36862746 0.16078432 0.13725491]  ...  [0.0627451  0.00784314 0.00784314]  [0.0627451  0.00784314 0.00784314]  [0.0627451  0.00784314 0.00784314]] [[0.36862746 0.16078432 0.13725491]  [0.36862746 0.16078432 0.13725491]  [0.3647059  0.16078432 0.13725491]  ...  [0.0627451  0.00784314 0.00784314]  [0.0627451  0.00784314 0.00784314]  [0.0627451  0.00784314 0.00784314]] [[0.36862746 0.16078432 0.13725491]  [0.36862746 0.16078432 0.13725491]  [0.3647059  0.15686275 0.13333334]  ...  [0.0627451  0.00784314 0.00784314]  [0.0627451  0.00784314 0.00784314]  [0.0627451  0.00784314 0.00784314]] ... [[0.50980395 0.44705883 0.49411765]  [0.50980395 0.44705883 0.49411765]  [0.50980395 0.44705883 0.49019608]  ...  [0.42352942 0.2        0.17254902]  [0.42352942 0.2        0.16862746]  [0.42352942 0.2        0.16862746]] [[0.50980395 0.4509804  0.49803922]  [0.50980395 0.4509804  0.49803922]  [0.50980395 0.4509804  0.49411765]  ...  [0.42352942 0.2        0.17254902]  [0.42352942 0.2        0.17254902]  [0.42352942 0.2        0.17254902]] [[0.50980395 0.4509804  0.49803922]  [0.50980395 0.4509804  0.49803922]  [0.50980395 0.4509804  0.49411765]  ...  [0.42352942 0.2        0.17254902]  [0.42352942 0.2        0.17254902]  [0.42352942 0.2        0.17254902]]]",3.4566490826546215,46224,/home/amos/media/tv/The X-Files S01-S11 BluRay 10Bit 1080p Dts-HDMa5 1 HEVC-d3g/The X-Files S08 br 10bit dts hevc-d3g/The.X-Files.S08E07.Via.Negativa.1080p.BluRay.10Bit.Dts-HDMa5.1.HEVC-d3g.mkv491,1080,1920,2,54,393,853,54,270861,0.131,"[[[0.06666667 0.01568628 0.02352941]  [0.06666667 0.01568628 0.02352941]  [0.06666667 0.01568628 0.02352941]  ...  [0.21568628 0.08235294 0.07450981]  [0.21568628 0.08235294 0.07450981]  [0.21568628 0.08235294 0.07450981]] [[0.06666667 0.01568628 0.02352941]  [0.06666667 0.01568628 0.02352941]  [0.06666667 0.01568628 0.02352941]  ...  [0.21568628 0.08235294 0.07450981]  [0.21568628 0.08235294 0.07450981]  [0.21568628 0.08235294 0.07450981]] [[0.06666667 0.01568628 0.02352941]  [0.06666667 0.01568628 0.02352941]  [0.06666667 0.01568628 0.02352941]  ...  [0.21568628 0.08235294 0.07450981]  [0.21568628 0.08235294 0.07450981]  [0.21568628 0.08235294 0.07450981]] ... [[0.0627451  0.00784314 0.01568628]  [0.0627451  0.00784314 0.01568628]  [0.0627451  0.00784314 0.01568628]  ...  [0.32941177 0.14901961 0.1254902 ]  [0.32941177 0.14901961 0.12156863]  [0.32941177 0.14901961 0.12156863]] [[0.0627451  0.00784314 0.01568628]  [0.0627451  0.00784314 0.01568628]  [0.0627451  0.00784314 0.01568628]  ...  [0.32941177 0.14901961 0.1254902 ]  [0.32941177 0.14901961 0.1254902 ]  [0.32941177 0.14901961 0.1254902 ]] [[0.0627451  0.00784314 0.01568628]  [0.0627451  0.00784314 0.01568628]  [0.0627451  0.00784314 0.01568628]  ...  [0.33333334 0.14901961 0.1254902 ]  [0.32941177 0.14901961 0.1254902 ]  [0.32941177 0.14901961 0.1254902 ]]]",0.8604980373638682,46224,/home/amos/media/tv/The X-Files S01-S11 BluRay 10Bit 1080p Dts-HDMa5 1 HEVC-d3g/The X-Files S08 br 10bit dts hevc-d3g/The.X-Files.S08E07.Via.Negativa.1080p.BluRay.10Bit.Dts-HDMa5.1.HEVC-d3g.mkv492,1080,1920,0,196,120,1315,196,85044,0.041,"[[[0.03921569 0.01176471 0.01568628]  [0.03921569 0.01176471 0.01568628]  [0.03921569 0.01176471 0.01568628]  ...  [0.01960784 0.00784314 0.01568628]  [0.01960784 0.00784314 0.01568628]  [0.02352941 0.00784314 0.01568628]] [[0.03921569 0.01176471 0.01568628]  [0.03921569 0.01176471 0.01568628]  [0.03921569 0.01176471 0.01568628]  ...  [0.01960784 0.00784314 0.01568628]  [0.01568628 0.00392157 0.01176471]  [0.02352941 0.00784314 0.01568628]] [[0.03529412 0.00784314 0.01176471]  [0.03529412 0.00784314 0.01176471]  [0.03529412 0.00784314 0.01176471]  ...  [0.01568628 0.00392157 0.01176471]  [0.01568628 0.00392157 0.01176471]  [0.01960784 0.00392157 0.01176471]] ... [[0.02745098 0.00392157 0.01568628]  [0.02745098 0.00392157 0.01568628]  [0.02745098 0.00392157 0.01568628]  ...  [0.09019608 0.05490196 0.04313726]  [0.07843138 0.04313726 0.03137255]  [0.07450981 0.04313726 0.03137255]] [[0.02745098 0.00392157 0.01568628]  [0.02745098 0.00392157 0.01568628]  [0.02745098 0.00392157 0.01568628]  ...  [0.08235294 0.04705882 0.03529412]  [0.07450981 0.03921569 0.02745098]  [0.07450981 0.04313726 0.02745098]] [[0.02352941 0.         0.01176471]  [0.02352941 0.         0.01176471]  [0.02352941 0.         0.01176471]  ...  [0.07843138 0.04313726 0.03137255]  [0.07843138 0.04313726 0.03137255]  [0.08627451 0.05098039 0.03921569]]]",7.852591005852446,46248,/home/amos/media/tv/The X-Files S01-S11 BluRay 10Bit 1080p Dts-HDMa5 1 HEVC-d3g/The X-Files S08 br 10bit dts hevc-d3g/The.X-Files.S08E07.Via.Negativa.1080p.BluRay.10Bit.Dts-HDMa5.1.HEVC-d3g.mkv493,1080,1920,0,196,116,1292,196,87680,0.042,"[[[0.03529412 0.01568628 0.01568628]  [0.03529412 0.01568628 0.01568628]  [0.03921569 0.01176471 0.01568628]  ...  [0.01176471 0.00392157 0.01176471]  [0.01176471 0.00392157 0.01176471]  [0.01176471 0.00392157 0.01176471]] [[0.03137255 0.01176471 0.01176471]  [0.03529412 0.01568628 0.01568628]  [0.03921569 0.01176471 0.01568628]  ...  [0.01176471 0.00392157 0.01176471]  [0.01176471 0.00392157 0.01176471]  [0.01176471 0.00392157 0.01176471]] [[0.03137255 0.01176471 0.01176471]  [0.03137255 0.01176471 0.01176471]  [0.03529412 0.01176471 0.01176471]  ...  [0.01176471 0.00392157 0.01176471]  [0.01176471 0.00392157 0.01176471]  [0.01176471 0.00392157 0.01176471]] ... [[0.02352941 0.00392157 0.01176471]  [0.02352941 0.00392157 0.01176471]  [0.02352941 0.00392157 0.01176471]  ...  [0.04313726 0.00392157 0.01176471]  [0.04313726 0.00392157 0.01176471]  [0.03921569 0.         0.00784314]] [[0.02745098 0.00784314 0.01176471]  [0.02352941 0.00392157 0.00784314]  [0.02745098 0.00784314 0.01176471]  ...  [0.04313726 0.00392157 0.01176471]  [0.04313726 0.00392157 0.01176471]  [0.03921569 0.         0.00784314]] [[0.02745098 0.00784314 0.01176471]  [0.02352941 0.00392157 0.00784314]  [0.02745098 0.00784314 0.01176471]  ...  [0.03921569 0.         0.00784314]  [0.04705882 0.00392157 0.01176471]  [0.04313726 0.         0.00784314]]]",6.731913063500542,46272,/home/amos/media/tv/The X-Files S01-S11 BluRay 10Bit 1080p Dts-HDMa5 1 HEVC-d3g/The X-Files S08 br 10bit dts hevc-d3g/The.X-Files.S08E07.Via.Negativa.1080p.BluRay.10Bit.Dts-HDMa5.1.HEVC-d3g.mkv494,1080,1920,1,59,394,836,59,260295,0.126,"[[[0.0627451  0.01176471 0.01960784]  [0.0627451  0.01176471 0.01960784]  [0.0627451  0.01176471 0.01960784]  ...  [0.1882353  0.07058824 0.05882353]  [0.18431373 0.07058824 0.05882353]  [0.18431373 0.07058824 0.05882353]] [[0.0627451  0.01176471 0.01960784]  [0.0627451  0.01176471 0.01960784]  [0.0627451  0.01176471 0.01960784]  ...  [0.1882353  0.07058824 0.05882353]  [0.18431373 0.07058824 0.05882353]  [0.18431373 0.07058824 0.05882353]] [[0.0627451  0.01176471 0.01960784]  [0.0627451  0.01176471 0.01960784]  [0.0627451  0.01176471 0.01960784]  ...  [0.18431373 0.07058824 0.05882353]  [0.18431373 0.07058824 0.05882353]  [0.18431373 0.07058824 0.05882353]] ... [[0.07843138 0.02352941 0.02745098]  [0.07843138 0.02352941 0.02745098]  [0.07843138 0.02352941 0.02745098]  ...  [0.27058825 0.09803922 0.07450981]  [0.27058825 0.09411765 0.07450981]  [0.27058825 0.09411765 0.07450981]] [[0.07843138 0.02352941 0.02745098]  [0.07843138 0.02352941 0.02745098]  [0.07843138 0.02352941 0.02745098]  ...  [0.27058825 0.09803922 0.07450981]  [0.27058825 0.09803922 0.07450981]  [0.27058825 0.09803922 0.07450981]] [[0.07843138 0.02352941 0.02745098]  [0.07843138 0.02352941 0.02745098]  [0.07843138 0.02352941 0.02745098]  ...  [0.27058825 0.09803922 0.07450981]  [0.27058825 0.09803922 0.07450981]  [0.27058825 0.09803922 0.07450981]]]",2.753475021745544,46272,/home/amos/media/tv/The X-Files S01-S11 BluRay 10Bit 1080p Dts-HDMa5 1 HEVC-d3g/The X-Files S08 br 10bit dts hevc-d3g/The.X-Files.S08E07.Via.Negativa.1080p.BluRay.10Bit.Dts-HDMa5.1.HEVC-d3g.mkv495,1080,1920,0,208,114,1369,208,109134,0.053,"[[[0.04313726 0.01176471 0.01568628]  [0.04313726 0.01176471 0.01568628]  [0.04705882 0.01568628 0.01960784]  ...  [0.01568628 0.         0.01568628]  [0.01568628 0.         0.01568628]  [0.01568628 0.         0.01568628]] [[0.04313726 0.01176471 0.01568628]  [0.04313726 0.01176471 0.01568628]  [0.04705882 0.01568628 0.01960784]  ...  [0.01176471 0.         0.01176471]  [0.01568628 0.         0.01568628]  [0.01568628 0.         0.01568628]] [[0.04313726 0.01176471 0.01568628]  [0.04313726 0.01176471 0.01568628]  [0.04705882 0.01568628 0.01960784]  ...  [0.01176471 0.         0.01176471]  [0.01568628 0.         0.01568628]  [0.01568628 0.         0.01568628]] ... [[0.04313726 0.00784314 0.01568628]  [0.04313726 0.00784314 0.01568628]  [0.04313726 0.00784314 0.01568628]  ...  [0.09411765 0.05882353 0.0627451 ]  [0.07450981 0.03921569 0.04313726]  [0.07058824 0.03529412 0.03137255]] [[0.04313726 0.00784314 0.01568628]  [0.04313726 0.00784314 0.01568628]  [0.04705882 0.01176471 0.01960784]  ...  [0.09019608 0.05098039 0.05882353]  [0.07450981 0.03529412 0.03921569]  [0.06666667 0.03137255 0.02745098]] [[0.04313726 0.00784314 0.01568628]  [0.04313726 0.00784314 0.01568628]  [0.04313726 0.00784314 0.01568628]  ...  [0.08235294 0.04313726 0.04705882]  [0.07058824 0.03137255 0.03529412]  [0.0627451  0.02745098 0.02352941]]]",6.875931021000724,46320,/home/amos/media/tv/The X-Files S01-S11 BluRay 10Bit 1080p Dts-HDMa5 1 HEVC-d3g/The X-Files S08 br 10bit dts hevc-d3g/The.X-Files.S08E07.Via.Negativa.1080p.BluRay.10Bit.Dts-HDMa5.1.HEVC-d3g.mkv496,1080,1920,0,201,120,1373,201,94932,0.046,"[[[0.03921569 0.00784314 0.01176471]  [0.03529412 0.00784314 0.01176471]  [0.03529412 0.00784314 0.01176471]  ...  [0.01568628 0.01176471 0.01176471]  [0.01960784 0.01176471 0.01176471]  [0.01960784 0.01176471 0.01176471]] [[0.03921569 0.00784314 0.01176471]  [0.03137255 0.01176471 0.01176471]  [0.03137255 0.01176471 0.01176471]  ...  [0.01568628 0.01176471 0.01176471]  [0.01960784 0.01176471 0.01176471]  [0.01960784 0.01176471 0.01176471]] [[0.03921569 0.00784314 0.01176471]  [0.03137255 0.00784314 0.00784314]  [0.02745098 0.00784314 0.00784314]  ...  [0.01568628 0.01176471 0.01176471]  [0.01960784 0.01176471 0.01176471]  [0.01960784 0.01176471 0.01176471]] ... [[0.09019608 0.00392157 0.01176471]  [0.09803922 0.01568628 0.01960784]  [0.10196079 0.01960784 0.02352941]  ...  [0.01568628 0.         0.00392157]  [0.01568628 0.00392157 0.00784314]  [0.01960784 0.00392157 0.00784314]] [[0.09019608 0.00392157 0.01568628]  [0.10196079 0.01568628 0.02745098]  [0.10980392 0.02352941 0.03137255]  ...  [0.01176471 0.00392157 0.00392157]  [0.01176471 0.00392157 0.00392157]  [0.01568628 0.00784314 0.00784314]] [[0.09411765 0.00784314 0.01960784]  [0.10196079 0.01568628 0.02745098]  [0.10980392 0.02352941 0.03529412]  ...  [0.00784314 0.00392157 0.00392157]  [0.00784314 0.00392157 0.00392157]  [0.01176471 0.00784314 0.00784314]]]",6.586543133889791,46344,/home/amos/media/tv/The X-Files S01-S11 BluRay 10Bit 1080p Dts-HDMa5 1 HEVC-d3g/The X-Files S08 br 10bit dts hevc-d3g/The.X-Files.S08E07.Via.Negativa.1080p.BluRay.10Bit.Dts-HDMa5.1.HEVC-d3g.mkv497,1080,1920,0,199,111,1347,199,101024,0.049,"[[[0.03137255 0.00392157 0.01176471]  [0.02745098 0.         0.00784314]  [0.02352941 0.         0.00392157]  ...  [0.01568628 0.00392157 0.01176471]  [0.01568628 0.00392157 0.01176471]  [0.01568628 0.00392157 0.01176471]] [[0.03529412 0.00784314 0.01960784]  [0.02745098 0.         0.01176471]  [0.02745098 0.         0.00784314]  ...  [0.01568628 0.00392157 0.01176471]  [0.01568628 0.00392157 0.01176471]  [0.01568628 0.00392157 0.01176471]] [[0.03137255 0.00784314 0.01960784]  [0.02745098 0.00392157 0.01568628]  [0.02745098 0.00392157 0.01568628]  ...  [0.01568628 0.00392157 0.01176471]  [0.01568628 0.00392157 0.01176471]  [0.01568628 0.00392157 0.01176471]] ... [[0.08627451 0.00784314 0.00784314]  [0.08627451 0.00784314 0.00784314]  [0.08627451 0.01176471 0.01176471]  ...  [0.05882353 0.02352941 0.02745098]  [0.03137255 0.01176471 0.01960784]  [0.01960784 0.         0.00784314]] [[0.09411765 0.01960784 0.01568628]  [0.09411765 0.01960784 0.01568628]  [0.09019608 0.01568628 0.01176471]  ...  [0.05882353 0.02352941 0.02745098]  [0.03137255 0.01176471 0.01960784]  [0.01960784 0.         0.00784314]] [[0.10196079 0.02745098 0.02352941]  [0.10196079 0.02745098 0.02352941]  [0.09411765 0.01960784 0.01568628]  ...  [0.05882353 0.02352941 0.02745098]  [0.03529412 0.00784314 0.01960784]  [0.02745098 0.         0.01176471]]]",6.022442152199801,46368,/home/amos/media/tv/The X-Files S01-S11 BluRay 10Bit 1080p Dts-HDMa5 1 HEVC-d3g/The X-Files S08 br 10bit dts hevc-d3g/The.X-Files.S08E07.Via.Negativa.1080p.BluRay.10Bit.Dts-HDMa5.1.HEVC-d3g.mkv498,1080,1920,0,324,174,1083,324,113850,0.055,"[[[0.03529412 0.00392157 0.00784314]  [0.03529412 0.00392157 0.00784314]  [0.03529412 0.00392157 0.00784314]  ...  [0.01568628 0.         0.01176471]  [0.01568628 0.         0.01176471]  [0.01568628 0.00392157 0.01176471]] [[0.03529412 0.00392157 0.00784314]  [0.03529412 0.00392157 0.00784314]  [0.03529412 0.00392157 0.00784314]  ...  [0.01568628 0.         0.01176471]  [0.01568628 0.         0.01176471]  [0.01568628 0.00392157 0.01176471]] [[0.03529412 0.00392157 0.00784314]  [0.03529412 0.00392157 0.00784314]  [0.03529412 0.00392157 0.00784314]  ...  [0.01568628 0.         0.01176471]  [0.01568628 0.         0.01176471]  [0.01568628 0.00392157 0.01176471]] ... [[0.03921569 0.00784314 0.01176471]  [0.03921569 0.00784314 0.01176471]  [0.03921569 0.00784314 0.01176471]  ...  [0.01568628 0.         0.01176471]  [0.01568628 0.         0.01176471]  [0.01176471 0.         0.00784314]] [[0.03921569 0.00784314 0.01176471]  [0.03921569 0.00784314 0.01176471]  [0.03921569 0.00784314 0.01176471]  ...  [0.01568628 0.         0.01176471]  [0.01568628 0.         0.01176471]  [0.01176471 0.         0.00784314]] [[0.03921569 0.00784314 0.01176471]  [0.03921569 0.00784314 0.01176471]  [0.03921569 0.00784314 0.01176471]  ...  [0.01568628 0.         0.01176471]  [0.01568628 0.         0.01176471]  [0.01176471 0.         0.00784314]]]",6.061446826905012,46416,/home/amos/media/tv/The X-Files S01-S11 BluRay 10Bit 1080p Dts-HDMa5 1 HEVC-d3g/The X-Files S08 br 10bit dts hevc-d3g/The.X-Files.S08E07.Via.Negativa.1080p.BluRay.10Bit.Dts-HDMa5.1.HEVC-d3g.mkv499,1080,1920,0,367,188,1100,367,131207,0.063,"[[[0.03529412 0.00392157 0.00784314]  [0.03529412 0.00392157 0.00784314]  [0.03529412 0.00392157 0.00784314]  ...  [0.00784314 0.         0.00784314]  [0.00784314 0.         0.00784314]  [0.00784314 0.         0.00784314]] [[0.03529412 0.00392157 0.00784314]  [0.03529412 0.00392157 0.00784314]  [0.03529412 0.00392157 0.00784314]  ...  [0.00784314 0.         0.00784314]  [0.00784314 0.         0.00784314]  [0.00784314 0.         0.00784314]] [[0.03529412 0.00392157 0.00784314]  [0.03529412 0.00392157 0.00784314]  [0.03529412 0.00392157 0.00784314]  ...  [0.00784314 0.         0.00784314]  [0.00784314 0.         0.00784314]  [0.00784314 0.         0.00784314]] ... [[0.02745098 0.00784314 0.01176471]  [0.02745098 0.00784314 0.01176471]  [0.02745098 0.00784314 0.01176471]  ...  [0.04313726 0.02352941 0.02352941]  [0.04313726 0.02352941 0.02352941]  [0.04313726 0.02352941 0.02352941]] [[0.02745098 0.00784314 0.01176471]  [0.02745098 0.00784314 0.00784314]  [0.02745098 0.00784314 0.00784314]  ...  [0.04313726 0.02352941 0.02352941]  [0.04313726 0.02352941 0.02352941]  [0.04313726 0.02352941 0.02352941]] [[0.02745098 0.00784314 0.01176471]  [0.02745098 0.00784314 0.00784314]  [0.02745098 0.00784314 0.01176471]  ...  [0.04313726 0.02352941 0.02352941]  [0.04313726 0.02352941 0.02352941]  [0.04313726 0.02352941 0.02352941]]]",9.747957017447334,46440,/home/amos/media/tv/The X-Files S01-S11 BluRay 10Bit 1080p Dts-HDMa5 1 HEVC-d3g/The X-Files S08 br 10bit dts hevc-d3g/The.X-Files.S08E07.Via.Negativa.1080p.BluRay.10Bit.Dts-HDMa5.1.HEVC-d3g.mkv500,1080,1920,1,102,558,460,102,163248,0.079,"[[[0.02745098 0.00784314 0.01568628]  [0.02745098 0.00784314 0.01568628]  [0.02745098 0.00784314 0.01568628]  ...  [0.14117648 0.05882353 0.04705882]  [0.14117648 0.05882353 0.04705882]  [0.14117648 0.05882353 0.04705882]] [[0.02745098 0.00784314 0.01568628]  [0.02745098 0.00784314 0.01568628]  [0.02745098 0.00784314 0.01568628]  ...  [0.14117648 0.05882353 0.04705882]  [0.14117648 0.05882353 0.04705882]  [0.14117648 0.05882353 0.04705882]] [[0.02745098 0.00784314 0.01568628]  [0.02745098 0.00784314 0.01568628]  [0.02745098 0.00784314 0.01568628]  ...  [0.13725491 0.05490196 0.04313726]  [0.13725491 0.05490196 0.04313726]  [0.13725491 0.05490196 0.04313726]] ... [[0.03137255 0.00784314 0.01960784]  [0.03137255 0.00784314 0.01960784]  [0.03137255 0.00784314 0.01960784]  ...  [0.20392157 0.10196079 0.08627451]  [0.20392157 0.10196079 0.08627451]  [0.20784314 0.10196079 0.08627451]] [[0.03137255 0.00784314 0.01960784]  [0.03137255 0.00784314 0.01960784]  [0.03137255 0.00784314 0.01960784]  ...  [0.2        0.09803922 0.08235294]  [0.20392157 0.10196079 0.08627451]  [0.20392157 0.10196079 0.08627451]] [[0.03137255 0.00784314 0.01960784]  [0.03137255 0.00784314 0.01960784]  [0.03137255 0.00784314 0.01960784]  ...  [0.2        0.09803922 0.08235294]  [0.20392157 0.10196079 0.08627451]  [0.20392157 0.10196079 0.08627451]]]",1.4793989497120492,46440,/home/amos/media/tv/The X-Files S01-S11 BluRay 10Bit 1080p Dts-HDMa5 1 HEVC-d3g/The X-Files S08 br 10bit dts hevc-d3g/The.X-Files.S08E07.Via.Negativa.1080p.BluRay.10Bit.Dts-HDMa5.1.HEVC-d3g.mkv501,1080,1920,0,85,573,448,85,177144,0.085,"[[[0.02745098 0.00392157 0.01568628]  [0.02745098 0.00392157 0.01568628]  [0.02745098 0.00392157 0.01568628]  ...  [0.16078432 0.06666667 0.05882353]  [0.16470589 0.07058824 0.0627451 ]  [0.16470589 0.07058824 0.0627451 ]] [[0.02745098 0.00392157 0.01568628]  [0.02745098 0.00392157 0.01568628]  [0.02745098 0.00392157 0.01568628]  ...  [0.16078432 0.06666667 0.05882353]  [0.16470589 0.07058824 0.0627451 ]  [0.16470589 0.07058824 0.0627451 ]] [[0.02745098 0.00392157 0.01568628]  [0.02745098 0.00392157 0.01568628]  [0.02745098 0.00392157 0.01568628]  ...  [0.16470589 0.06666667 0.05882353]  [0.16470589 0.07058824 0.05882353]  [0.16470589 0.07058824 0.05882353]] ... [[0.02745098 0.00392157 0.01960784]  [0.02745098 0.00392157 0.01960784]  [0.02745098 0.00392157 0.01960784]  ...  [0.20784314 0.08235294 0.06666667]  [0.20392157 0.07843138 0.0627451 ]  [0.20392157 0.07843138 0.0627451 ]] [[0.02745098 0.00392157 0.01960784]  [0.02745098 0.00392157 0.01960784]  [0.02745098 0.00392157 0.01960784]  ...  [0.20784314 0.08235294 0.06666667]  [0.20392157 0.07843138 0.0627451 ]  [0.20392157 0.07843138 0.0627451 ]] [[0.02745098 0.00392157 0.01960784]  [0.02745098 0.00392157 0.01960784]  [0.02745098 0.00392157 0.01960784]  ...  [0.20784314 0.08235294 0.06666667]  [0.20392157 0.07843138 0.0627451 ]  [0.20392157 0.07843138 0.0627451 ]]]",3.085951957211364,46464,/home/amos/media/tv/The X-Files S01-S11 BluRay 10Bit 1080p Dts-HDMa5 1 HEVC-d3g/The X-Files S08 br 10bit dts hevc-d3g/The.X-Files.S08E07.Via.Negativa.1080p.BluRay.10Bit.Dts-HDMa5.1.HEVC-d3g.mkv502,1080,1920,0,287,166,346,287,7139,0.003,"[[[0.05098039 0.00784314 0.02745098]  [0.05490196 0.01176471 0.03137255]  [0.05490196 0.01176471 0.03137255]  ...  [0.23921569 0.12156863 0.11372549]  [0.22352941 0.10980392 0.09803922]  [0.21176471 0.10196079 0.09019608]] [[0.05098039 0.00784314 0.02745098]  [0.05490196 0.01176471 0.03137255]  [0.05098039 0.00784314 0.02745098]  ...  [0.23529412 0.12156863 0.10980392]  [0.22352941 0.10980392 0.09803922]  [0.20392157 0.09411765 0.08235294]] [[0.05490196 0.01176471 0.03137255]  [0.05098039 0.00784314 0.02745098]  [0.05098039 0.00784314 0.02745098]  ...  [0.20784314 0.09411765 0.08235294]  [0.20392157 0.09019608 0.07843138]  [0.19607843 0.08627451 0.07450981]] ... [[0.05882353 0.01960784 0.03529412]  [0.0627451  0.02352941 0.03921569]  [0.0627451  0.02352941 0.03921569]  ...  [0.29803923 0.12156863 0.10196079]  [0.32941177 0.15294118 0.13333334]  [0.36078432 0.19215687 0.17254902]] [[0.05490196 0.01568628 0.03137255]  [0.0627451  0.02352941 0.03921569]  [0.0627451  0.02352941 0.03921569]  ...  [0.3019608  0.1254902  0.11372549]  [0.3254902  0.14901961 0.13333334]  [0.36862746 0.19607843 0.18039216]] [[0.05098039 0.01176471 0.02745098]  [0.05882353 0.01960784 0.03529412]  [0.0627451  0.02352941 0.03921569]  ...  [0.3372549  0.16078432 0.14509805]  [0.33333334 0.15686275 0.14117648]  [0.37254903 0.2        0.18431373]]]",8.206712156010326,46704,/home/amos/media/tv/The X-Files S01-S11 BluRay 10Bit 1080p Dts-HDMa5 1 HEVC-d3g/The X-Files S08 br 10bit dts hevc-d3g/The.X-Files.S08E07.Via.Negativa.1080p.BluRay.10Bit.Dts-HDMa5.1.HEVC-d3g.mkv503,1080,1920,0,199,215,384,199,2960,0.001,"[[[0.05882353 0.01960784 0.03529412]  [0.0627451  0.02352941 0.03921569]  [0.06666667 0.02745098 0.04313726]  ...  [0.26666668 0.15294118 0.13333334]  [0.27450982 0.16078432 0.14117648]  [0.27058825 0.15686275 0.14117648]] [[0.05882353 0.01960784 0.03529412]  [0.0627451  0.02352941 0.03921569]  [0.0627451  0.02352941 0.03921569]  ...  [0.22745098 0.12156863 0.10196079]  [0.23529412 0.12941177 0.10980392]  [0.2509804  0.14509805 0.12941177]] [[0.05882353 0.01960784 0.03529412]  [0.05882353 0.01960784 0.03529412]  [0.05882353 0.01960784 0.03529412]  ...  [0.21176471 0.10588235 0.09019608]  [0.21960784 0.11764706 0.10196079]  [0.24705882 0.14901961 0.12941177]] ... [[0.05882353 0.01960784 0.02745098]  [0.05490196 0.01568628 0.02352941]  [0.05098039 0.01176471 0.01960784]  ...  [0.44313726 0.25490198 0.24705882]  [0.4117647  0.22352941 0.21568628]  [0.39607844 0.20784314 0.2       ]] [[0.05882353 0.01960784 0.02745098]  [0.05882353 0.01960784 0.02745098]  [0.05490196 0.01568628 0.02352941]  ...  [0.45882353 0.27058825 0.2627451 ]  [0.41960785 0.23137255 0.22352941]  [0.4        0.21176471 0.2       ]] [[0.05882353 0.01960784 0.02745098]  [0.05882353 0.01960784 0.02745098]  [0.05882353 0.01960784 0.02745098]  ...  [0.47843137 0.2901961  0.28235295]  [0.43529412 0.24705882 0.23921569]  [0.41568628 0.22352941 0.21568628]]]",5.288086224754807,46728,/home/amos/media/tv/The X-Files S01-S11 BluRay 10Bit 1080p Dts-HDMa5 1 HEVC-d3g/The X-Files S08 br 10bit dts hevc-d3g/The.X-Files.S08E07.Via.Negativa.1080p.BluRay.10Bit.Dts-HDMa5.1.HEVC-d3g.mkv504,1080,1920,0,668,53,800,668,81180,0.039,"[[[0.04313726 0.00392157 0.01176471]  [0.04313726 0.00392157 0.01176471]  [0.03921569 0.         0.00784314]  ...  [0.00392157 0.         0.00784314]  [0.00784314 0.         0.01176471]  [0.00392157 0.         0.00784314]] [[0.04313726 0.00392157 0.01176471]  [0.04313726 0.00392157 0.01176471]  [0.04705882 0.00784314 0.01568628]  ...  [0.00392157 0.         0.00784314]  [0.00784314 0.         0.01176471]  [0.00392157 0.         0.00784314]] [[0.03921569 0.         0.00784314]  [0.04313726 0.00392157 0.01176471]  [0.03529412 0.         0.00392157]  ...  [0.00392157 0.         0.00784314]  [0.00392157 0.         0.00784314]  [0.00392157 0.         0.00784314]] ... [[0.03921569 0.         0.00784314]  [0.03921569 0.         0.00784314]  [0.03921569 0.         0.00784314]  ...  [0.0627451  0.03529412 0.01960784]  [0.07058824 0.04313726 0.02745098]  [0.05882353 0.03137255 0.01568628]] [[0.04313726 0.00392157 0.01176471]  [0.04313726 0.00392157 0.01176471]  [0.03921569 0.         0.00784314]  ...  [0.0627451  0.03529412 0.01960784]  [0.05490196 0.02745098 0.01176471]  [0.06666667 0.03921569 0.02352941]] [[0.03921569 0.         0.00784314]  [0.03921569 0.         0.00784314]  [0.04313726 0.00392157 0.01176471]  ...  [0.07058824 0.04313726 0.02745098]  [0.0627451  0.03529412 0.01960784]  [0.0627451  0.03529412 0.01960784]]]",5.013644144346472,46752,/home/amos/media/tv/The X-Files S01-S11 BluRay 10Bit 1080p Dts-HDMa5 1 HEVC-d3g/The X-Files S08 br 10bit dts hevc-d3g/The.X-Files.S08E07.Via.Negativa.1080p.BluRay.10Bit.Dts-HDMa5.1.HEVC-d3g.mkv505,1080,1920,0,660,56,800,660,84560,0.041,"[[[0.04313726 0.00392157 0.00784314]  [0.0627451  0.02745098 0.01176471]  [0.07450981 0.03921569 0.02352941]  ...  [0.00392157 0.         0.00392157]  [0.00392157 0.         0.00392157]  [0.00392157 0.         0.00392157]] [[0.03921569 0.         0.        ]  [0.06666667 0.03137255 0.01176471]  [0.09411765 0.05882353 0.03529412]  ...  [0.00392157 0.         0.00392157]  [0.00392157 0.         0.00392157]  [0.00392157 0.         0.00392157]] [[0.04313726 0.00392157 0.00784314]  [0.04313726 0.00784314 0.        ]  [0.07843138 0.04313726 0.03137255]  ...  [0.00392157 0.         0.00392157]  [0.00392157 0.         0.00392157]  [0.00392157 0.         0.00392157]] ... [[0.04313726 0.00392157 0.01176471]  [0.03529412 0.         0.00392157]  [0.03921569 0.         0.00784314]  ...  [0.0627451  0.03529412 0.01960784]  [0.0627451  0.03529412 0.01960784]  [0.05882353 0.03529412 0.01960784]] [[0.04313726 0.00392157 0.01176471]  [0.03921569 0.         0.00784314]  [0.03921569 0.         0.00784314]  ...  [0.07058824 0.04313726 0.02745098]  [0.07058824 0.04313726 0.02745098]  [0.06666667 0.03921569 0.02352941]] [[0.04705882 0.00784314 0.01568628]  [0.03529412 0.         0.00392157]  [0.04313726 0.00392157 0.01176471]  ...  [0.0627451  0.03529412 0.01960784]  [0.0627451  0.03529412 0.01568628]  [0.07058824 0.04313726 0.02352941]]]",4.868293185194489,46776,/home/amos/media/tv/The X-Files S01-S11 BluRay 10Bit 1080p Dts-HDMa5 1 HEVC-d3g/The X-Files S08 br 10bit dts hevc-d3g/The.X-Files.S08E07.Via.Negativa.1080p.BluRay.10Bit.Dts-HDMa5.1.HEVC-d3g.mkv506,1080,1920,0,663,55,795,663,80256,0.039,"[[[0.05098039 0.01176471 0.01960784]  [0.07450981 0.03529412 0.03921569]  [0.06666667 0.02745098 0.03137255]  ...  [0.00392157 0.         0.00392157]  [0.00392157 0.         0.00392157]  [0.00392157 0.         0.00392157]] [[0.04705882 0.00784314 0.01568628]  [0.06666667 0.02745098 0.03137255]  [0.07058824 0.03137255 0.03921569]  ...  [0.00784314 0.         0.00784314]  [0.00784314 0.         0.00784314]  [0.00392157 0.         0.00392157]] [[0.03921569 0.         0.00392157]  [0.0627451  0.02352941 0.02352941]  [0.12156863 0.08235294 0.08235294]  ...  [0.00392157 0.         0.00392157]  [0.00784314 0.         0.00784314]  [0.00784314 0.         0.00784314]] ... [[0.03921569 0.         0.00784314]  [0.03921569 0.         0.00784314]  [0.03529412 0.         0.00392157]  ...  [0.06666667 0.03529412 0.02745098]  [0.06666667 0.03529412 0.02745098]  [0.07843138 0.05098039 0.04705882]] [[0.03921569 0.         0.00784314]  [0.04313726 0.00392157 0.01176471]  [0.03529412 0.         0.00392157]  ...  [0.08235294 0.05098039 0.04313726]  [0.09411765 0.0627451  0.05490196]  [0.05490196 0.02745098 0.01960784]] [[0.04705882 0.00784314 0.01568628]  [0.04313726 0.00392157 0.01176471]  [0.03921569 0.         0.00784314]  ...  [0.0627451  0.03137255 0.02352941]  [0.07450981 0.04313726 0.03529412]  [0.0627451  0.03529412 0.02745098]]]",4.94391507509863,46824,/home/amos/media/tv/The X-Files S01-S11 BluRay 10Bit 1080p Dts-HDMa5 1 HEVC-d3g/The X-Files S08 br 10bit dts hevc-d3g/The.X-Files.S08E07.Via.Negativa.1080p.BluRay.10Bit.Dts-HDMa5.1.HEVC-d3g.mkv507,1080,1920,0,668,49,778,668,68090,0.033,"[[[0.03529412 0.         0.00392157]  [0.04313726 0.00392157 0.00784314]  [0.05098039 0.01176471 0.01568628]  ...  [0.00784314 0.         0.00784314]  [0.00784314 0.         0.00784314]  [0.00784314 0.         0.00784314]] [[0.03137255 0.         0.        ]  [0.05098039 0.01176471 0.01568628]  [0.04313726 0.00392157 0.00784314]  ...  [0.00784314 0.         0.00784314]  [0.00784314 0.         0.00784314]  [0.00392157 0.         0.00392157]] [[0.04313726 0.00392157 0.01176471]  [0.05882353 0.01960784 0.02352941]  [0.04705882 0.00784314 0.01176471]  ...  [0.00784314 0.         0.00784314]  [0.00784314 0.         0.00784314]  [0.00392157 0.         0.00392157]] ... [[0.03137255 0.         0.        ]  [0.03921569 0.         0.00784314]  [0.03921569 0.         0.00784314]  ...  [0.07058824 0.03921569 0.03137255]  [0.0627451  0.03137255 0.02352941]  [0.07058824 0.03921569 0.03137255]] [[0.03921569 0.         0.00784314]  [0.04313726 0.00392157 0.01176471]  [0.04705882 0.00784314 0.01568628]  ...  [0.05490196 0.02352941 0.01568628]  [0.06666667 0.03529412 0.02745098]  [0.05882353 0.02745098 0.01960784]] [[0.03921569 0.         0.00784314]  [0.04705882 0.00784314 0.01568628]  [0.04313726 0.00392157 0.01176471]  ...  [0.05882353 0.02745098 0.01960784]  [0.05882353 0.02745098 0.01960784]  [0.07843138 0.04705882 0.03921569]]]",7.71425812545931,46848,/home/amos/media/tv/The X-Files S01-S11 BluRay 10Bit 1080p Dts-HDMa5 1 HEVC-d3g/The X-Files S08 br 10bit dts hevc-d3g/The.X-Files.S08E07.Via.Negativa.1080p.BluRay.10Bit.Dts-HDMa5.1.HEVC-d3g.mkv508,1080,1920,0,54,707,1703,54,1076797,0.519,"[[[0.00784314 0.         0.00784314]  [0.00784314 0.         0.00784314]  [0.00784314 0.         0.00784314]  ...  [0.01568628 0.01176471 0.00784314]  [0.01568628 0.01176471 0.00784314]  [0.01568628 0.01176471 0.00784314]] [[0.00784314 0.         0.00784314]  [0.00784314 0.         0.00784314]  [0.00784314 0.         0.00784314]  ...  [0.01568628 0.01176471 0.00784314]  [0.01568628 0.01176471 0.00784314]  [0.01568628 0.01176471 0.00784314]] [[0.00784314 0.         0.00784314]  [0.00784314 0.         0.00784314]  [0.00784314 0.         0.00784314]  ...  [0.01568628 0.01176471 0.00784314]  [0.01568628 0.01176471 0.00784314]  [0.01568628 0.01176471 0.00784314]] ... [[0.03529412 0.01568628 0.00392157]  [0.03529412 0.01568628 0.00392157]  [0.03529412 0.01568628 0.00392157]  ...  [0.01176471 0.00784314 0.00784314]  [0.01176471 0.00784314 0.00784314]  [0.01176471 0.00784314 0.00784314]] [[0.03529412 0.01568628 0.00392157]  [0.03529412 0.01568628 0.00392157]  [0.03529412 0.01568628 0.00392157]  ...  [0.01176471 0.00784314 0.00784314]  [0.01176471 0.00784314 0.00784314]  [0.01176471 0.00784314 0.00784314]] [[0.03529412 0.01568628 0.00392157]  [0.03529412 0.01568628 0.00392157]  [0.03529412 0.01568628 0.00392157]  ...  [0.01176471 0.00784314 0.00784314]  [0.01176471 0.00784314 0.00784314]  [0.01176471 0.00784314 0.00784314]]]",2.3193490156554617,46944,/home/amos/media/tv/The X-Files S01-S11 BluRay 10Bit 1080p Dts-HDMa5 1 HEVC-d3g/The X-Files S08 br 10bit dts hevc-d3g/The.X-Files.S08E07.Via.Negativa.1080p.BluRay.10Bit.Dts-HDMa5.1.HEVC-d3g.mkv509,1080,1920,0,51,694,1707,51,1064808,0.514,"[[[0.00392157 0.         0.00392157]  [0.00392157 0.         0.00392157]  [0.00392157 0.         0.00392157]  ...  [0.00784314 0.         0.00784314]  [0.00784314 0.         0.00784314]  [0.00784314 0.         0.00784314]] [[0.00392157 0.         0.00392157]  [0.00392157 0.         0.00392157]  [0.00392157 0.         0.00392157]  ...  [0.00784314 0.         0.00784314]  [0.00784314 0.         0.00784314]  [0.00784314 0.         0.00784314]] [[0.00392157 0.         0.00392157]  [0.00392157 0.         0.00392157]  [0.00392157 0.         0.00392157]  ...  [0.00784314 0.         0.00784314]  [0.00784314 0.         0.00784314]  [0.00784314 0.         0.00784314]] ... [[0.05098039 0.02352941 0.01176471]  [0.05098039 0.02352941 0.01176471]  [0.05098039 0.02352941 0.01176471]  ...  [0.01176471 0.00784314 0.00784314]  [0.01176471 0.00784314 0.00784314]  [0.01176471 0.00784314 0.00784314]] [[0.05098039 0.02352941 0.01176471]  [0.05098039 0.02352941 0.01176471]  [0.05098039 0.02352941 0.01176471]  ...  [0.01176471 0.00784314 0.00784314]  [0.01176471 0.00784314 0.00784314]  [0.01176471 0.00784314 0.00784314]] [[0.05098039 0.02352941 0.01176471]  [0.05098039 0.02352941 0.01176471]  [0.05098039 0.02352941 0.01176471]  ...  [0.01176471 0.00784314 0.00784314]  [0.01176471 0.00784314 0.00784314]  [0.01176471 0.00784314 0.00784314]]]",1.5112260168534704,46992,/home/amos/media/tv/The X-Files S01-S11 BluRay 10Bit 1080p Dts-HDMa5 1 HEVC-d3g/The X-Files S08 br 10bit dts hevc-d3g/The.X-Files.S08E07.Via.Negativa.1080p.BluRay.10Bit.Dts-HDMa5.1.HEVC-d3g.mkv510,1080,1920,0,119,397,1016,119,249366,0.12,"[[[0.39607844 0.28627452 0.23137255]  [0.4        0.28627452 0.23137255]  [0.40392157 0.2901961  0.23529412]  ...  [0.08627451 0.03529412 0.02352941]  [0.08235294 0.03137255 0.02352941]  [0.08235294 0.03137255 0.02352941]] [[0.40392157 0.29411766 0.23921569]  [0.40392157 0.29411766 0.23921569]  [0.40784314 0.29803923 0.24313726]  ...  [0.08235294 0.03137255 0.02352941]  [0.08235294 0.03137255 0.02352941]  [0.08235294 0.03137255 0.02352941]] [[0.41960785 0.30980393 0.25490198]  [0.41568628 0.30980393 0.2509804 ]  [0.41568628 0.30588236 0.2509804 ]  ...  [0.08235294 0.03137255 0.01960784]  [0.08235294 0.03137255 0.02352941]  [0.08235294 0.03137255 0.02352941]] ... [[0.30980393 0.22745098 0.1764706 ]  [0.30980393 0.22745098 0.1764706 ]  [0.31764707 0.23137255 0.18039216]  ...  [0.3137255  0.18039216 0.14901961]  [0.31764707 0.18431373 0.14509805]  [0.31764707 0.18431373 0.14509805]] [[0.30588236 0.21960784 0.17254902]  [0.30980393 0.22352941 0.1764706 ]  [0.3137255  0.23137255 0.18039216]  ...  [0.30980393 0.1764706  0.14509805]  [0.3137255  0.18039216 0.14509805]  [0.31764707 0.18431373 0.14509805]] [[0.30588236 0.21960784 0.17254902]  [0.30980393 0.22352941 0.1764706 ]  [0.3137255  0.22745098 0.18039216]  ...  [0.30588236 0.17254902 0.14117648]  [0.3137255  0.18039216 0.14509805]  [0.31764707 0.18431373 0.14509805]]]",3.2385801555938087,47928,/home/amos/media/tv/The X-Files S01-S11 BluRay 10Bit 1080p Dts-HDMa5 1 HEVC-d3g/The X-Files S08 br 10bit dts hevc-d3g/The.X-Files.S08E07.Via.Negativa.1080p.BluRay.10Bit.Dts-HDMa5.1.HEVC-d3g.mkv511,1080,1920,0,198,235,391,198,7141,0.003,"[[[0.06666667 0.03529412 0.03529412]  [0.07058824 0.03529412 0.03921569]  [0.07450981 0.03921569 0.04313726]  ...  [0.12941177 0.06666667 0.04705882]  [0.12156863 0.05882353 0.03921569]  [0.11372549 0.05098039 0.03137255]] [[0.06666667 0.03529412 0.03529412]  [0.07058824 0.03921569 0.03921569]  [0.07450981 0.03921569 0.04313726]  ...  [0.12941177 0.06666667 0.04705882]  [0.12156863 0.05882353 0.04313726]  [0.11764706 0.05490196 0.03529412]] [[0.07058824 0.03921569 0.03921569]  [0.07058824 0.03529412 0.03921569]  [0.07450981 0.03921569 0.04313726]  ...  [0.1254902  0.0627451  0.04313726]  [0.1254902  0.0627451  0.04313726]  [0.12156863 0.05882353 0.03921569]] ... [[0.23529412 0.14509805 0.11372549]  [0.22745098 0.13725491 0.10196079]  [0.22352941 0.12941177 0.09803922]  ...  [0.10980392 0.05882353 0.04705882]  [0.10980392 0.05882353 0.04705882]  [0.11372549 0.05490196 0.04705882]] [[0.24313726 0.15294118 0.12156863]  [0.23137255 0.13725491 0.10588235]  [0.22745098 0.13725491 0.10196079]  ...  [0.10588235 0.05490196 0.04705882]  [0.10588235 0.05098039 0.04313726]  [0.10980392 0.05098039 0.04313726]] [[0.25490198 0.16470589 0.12941177]  [0.24705882 0.15294118 0.12156863]  [0.24313726 0.14509805 0.11372549]  ...  [0.10588235 0.05490196 0.04313726]  [0.10196079 0.05098039 0.03921569]  [0.10588235 0.04705882 0.03529412]]]",6.939137105771806,48336,/home/amos/media/tv/The X-Files S01-S11 BluRay 10Bit 1080p Dts-HDMa5 1 HEVC-d3g/The X-Files S08 br 10bit dts hevc-d3g/The.X-Files.S08E07.Via.Negativa.1080p.BluRay.10Bit.Dts-HDMa5.1.HEVC-d3g.mkv512,1080,1920,0,206,220,873,206,9338,0.005,"[[[0.22352941 0.16470589 0.13333334]  [0.20784314 0.15294118 0.12156863]  [0.18431373 0.12941177 0.09803922]  ...  [0.10588235 0.06666667 0.04705882]  [0.10588235 0.06666667 0.04705882]  [0.10588235 0.06666667 0.04705882]] [[0.21960784 0.16078432 0.12941177]  [0.20784314 0.15294118 0.12156863]  [0.18431373 0.12941177 0.09803922]  ...  [0.10588235 0.06666667 0.04705882]  [0.10588235 0.06666667 0.04705882]  [0.10980392 0.07058824 0.05098039]] [[0.21568628 0.15686275 0.1254902 ]  [0.20392157 0.14901961 0.12156863]  [0.18431373 0.13333334 0.10588235]  ...  [0.10588235 0.06666667 0.04705882]  [0.10588235 0.06666667 0.04705882]  [0.10588235 0.06666667 0.04705882]] ... [[0.04705882 0.00784314 0.00392157]  [0.0627451  0.02352941 0.01568628]  [0.09019608 0.05490196 0.04313726]  ...  [0.10196079 0.0627451  0.04705882]  [0.10196079 0.0627451  0.04705882]  [0.10588235 0.06666667 0.05098039]] [[0.04705882 0.00784314 0.00392157]  [0.0627451  0.02745098 0.01568628]  [0.09411765 0.05882353 0.04705882]  ...  [0.10588235 0.06666667 0.05490196]  [0.10588235 0.06666667 0.05490196]  [0.10980392 0.07058824 0.05882353]] [[0.05098039 0.01176471 0.00784314]  [0.06666667 0.03137255 0.01960784]  [0.09411765 0.05882353 0.04705882]  ...  [0.10980392 0.07058824 0.05882353]  [0.11372549 0.07450981 0.0627451 ]  [0.11372549 0.07450981 0.0627451 ]]]",4.681004059384577,48360,/home/amos/media/tv/The X-Files S01-S11 BluRay 10Bit 1080p Dts-HDMa5 1 HEVC-d3g/The X-Files S08 br 10bit dts hevc-d3g/The.X-Files.S08E07.Via.Negativa.1080p.BluRay.10Bit.Dts-HDMa5.1.HEVC-d3g.mkv513,1080,1920,0,205,213,880,205,5400,0.003,"[[[0.24313726 0.16862746 0.1254902 ]  [0.2509804  0.1764706  0.13333334]  [0.25882354 0.1882353  0.14509805]  ...  [0.11764706 0.07058824 0.05882353]  [0.1254902  0.07843138 0.06666667]  [0.12941177 0.08235294 0.07058824]] [[0.24705882 0.17254902 0.12941177]  [0.2509804  0.1764706  0.13333334]  [0.25490198 0.18431373 0.14117648]  ...  [0.12156863 0.07450981 0.0627451 ]  [0.12941177 0.08235294 0.07058824]  [0.1254902  0.07843138 0.06666667]] [[0.2509804  0.1764706  0.13333334]  [0.2509804  0.1764706  0.13333334]  [0.24705882 0.18039216 0.13333334]  ...  [0.1254902  0.07843138 0.06666667]  [0.12941177 0.08235294 0.07058824]  [0.1254902  0.07843138 0.06666667]] ... [[0.03921569 0.01960784 0.01960784]  [0.03921569 0.01960784 0.01960784]  [0.03921569 0.01960784 0.01960784]  ...  [0.10196079 0.05490196 0.03921569]  [0.10196079 0.05490196 0.03921569]  [0.10196079 0.05490196 0.03921569]] [[0.03529412 0.01568628 0.01568628]  [0.03529412 0.01568628 0.01568628]  [0.03921569 0.01960784 0.01960784]  ...  [0.10196079 0.05490196 0.03921569]  [0.10196079 0.05490196 0.03921569]  [0.10588235 0.05882353 0.04313726]] [[0.03529412 0.01568628 0.01568628]  [0.03529412 0.01568628 0.01568628]  [0.03921569 0.01960784 0.01960784]  ...  [0.09803922 0.05490196 0.03921569]  [0.09803922 0.05490196 0.03921569]  [0.10588235 0.0627451  0.04705882]]]",4.472463015874382,48384,/home/amos/media/tv/The X-Files S01-S11 BluRay 10Bit 1080p Dts-HDMa5 1 HEVC-d3g/The X-Files S08 br 10bit dts hevc-d3g/The.X-Files.S08E07.Via.Negativa.1080p.BluRay.10Bit.Dts-HDMa5.1.HEVC-d3g.mkv514,1080,1920,0,92,344,864,92,194544,0.094,"[[[0.2        0.09803922 0.07843138]  [0.2        0.09803922 0.07843138]  [0.20392157 0.10196079 0.08235294]  ...  [0.18039216 0.10196079 0.06666667]  [0.18039216 0.10196079 0.06666667]  [0.18039216 0.10196079 0.06666667]] [[0.2        0.09803922 0.07843138]  [0.2        0.09803922 0.07843138]  [0.20392157 0.10196079 0.08235294]  ...  [0.18039216 0.10196079 0.06666667]  [0.18039216 0.10196079 0.06666667]  [0.18039216 0.10196079 0.06666667]] [[0.20392157 0.09803922 0.07843138]  [0.20392157 0.10196079 0.08235294]  [0.20784314 0.10196079 0.08235294]  ...  [0.18039216 0.10196079 0.06666667]  [0.18039216 0.10196079 0.06666667]  [0.18039216 0.10196079 0.06666667]] ... [[0.07450981 0.01176471 0.01568628]  [0.07450981 0.01176471 0.01568628]  [0.07450981 0.01176471 0.01568628]  ...  [0.3882353  0.29411766 0.23529412]  [0.38039216 0.28627452 0.22745098]  [0.38039216 0.28627452 0.22745098]] [[0.07450981 0.01176471 0.01568628]  [0.07450981 0.01176471 0.01568628]  [0.07450981 0.01176471 0.01568628]  ...  [0.3882353  0.29411766 0.23529412]  [0.38431373 0.2901961  0.23137255]  [0.38431373 0.2901961  0.23137255]] [[0.07450981 0.01176471 0.01568628]  [0.07450981 0.01176471 0.01568628]  [0.07450981 0.01176471 0.01568628]  ...  [0.39215687 0.29803923 0.23529412]  [0.38431373 0.2901961  0.23137255]  [0.38431373 0.2901961  0.23137255]]]",7.857966014824342,48600,/home/amos/media/tv/The X-Files S01-S11 BluRay 10Bit 1080p Dts-HDMa5 1 HEVC-d3g/The X-Files S08 br 10bit dts hevc-d3g/The.X-Files.S08E07.Via.Negativa.1080p.BluRay.10Bit.Dts-HDMa5.1.HEVC-d3g.mkv515,1080,1920,0,124,316,835,124,136512,0.066,"[[[0.2        0.09411765 0.07843138]  [0.2        0.09411765 0.07843138]  [0.2        0.09411765 0.07843138]  ...  [0.13333334 0.08627451 0.0627451 ]  [0.12941177 0.08235294 0.05882353]  [0.12941177 0.08235294 0.05882353]] [[0.2        0.09411765 0.07843138]  [0.2        0.09411765 0.07843138]  [0.2        0.09411765 0.07843138]  ...  [0.13333334 0.08627451 0.05882353]  [0.13333334 0.08235294 0.05882353]  [0.12941177 0.08235294 0.05882353]] [[0.19607843 0.09019608 0.07450981]  [0.19607843 0.09019608 0.07450981]  [0.2        0.09411765 0.07843138]  ...  [0.13725491 0.08627451 0.05882353]  [0.13333334 0.08235294 0.05490196]  [0.13333334 0.07843138 0.05490196]] ... [[0.07843138 0.01176471 0.01568628]  [0.07843138 0.01176471 0.01568628]  [0.07843138 0.01176471 0.01568628]  ...  [0.36862746 0.26666668 0.19607843]  [0.37254903 0.27058825 0.2       ]  [0.3764706  0.27450982 0.20392157]] [[0.07450981 0.00784314 0.01176471]  [0.07450981 0.00784314 0.01176471]  [0.07843138 0.01176471 0.01568628]  ...  [0.36862746 0.26666668 0.19607843]  [0.3764706  0.27058825 0.2       ]  [0.3764706  0.27450982 0.20392157]] [[0.07450981 0.00784314 0.01176471]  [0.07450981 0.00784314 0.01176471]  [0.07843138 0.01176471 0.01568628]  ...  [0.36862746 0.26666668 0.19607843]  [0.3764706  0.27058825 0.2       ]  [0.38039216 0.27450982 0.20392157]]]",3.7217590893851593,48624,/home/amos/media/tv/The X-Files S01-S11 BluRay 10Bit 1080p Dts-HDMa5 1 HEVC-d3g/The X-Files S08 br 10bit dts hevc-d3g/The.X-Files.S08E07.Via.Negativa.1080p.BluRay.10Bit.Dts-HDMa5.1.HEVC-d3g.mkv516,1080,1920,0,116,315,864,116,148852,0.072,"[[[0.21176471 0.09803922 0.07843138]  [0.21176471 0.09803922 0.07843138]  [0.21568628 0.10196079 0.08235294]  ...  [0.13333334 0.08627451 0.06666667]  [0.12941177 0.08235294 0.0627451 ]  [0.12941177 0.08235294 0.0627451 ]] [[0.21176471 0.09803922 0.07843138]  [0.21176471 0.09803922 0.07843138]  [0.21568628 0.10196079 0.08235294]  ...  [0.13333334 0.08627451 0.06666667]  [0.13333334 0.08235294 0.0627451 ]  [0.12941177 0.08235294 0.0627451 ]] [[0.20784314 0.09411765 0.07450981]  [0.21176471 0.09803922 0.07843138]  [0.21568628 0.10196079 0.08235294]  ...  [0.13725491 0.08627451 0.06666667]  [0.13725491 0.08627451 0.06666667]  [0.13725491 0.08627451 0.06666667]] ... [[0.08235294 0.02352941 0.01960784]  [0.08235294 0.02352941 0.01960784]  [0.08627451 0.02352941 0.02352941]  ...  [0.3882353  0.28235295 0.22745098]  [0.39215687 0.28627452 0.23137255]  [0.39215687 0.28627452 0.23137255]] [[0.08235294 0.02352941 0.01960784]  [0.08235294 0.02352941 0.01960784]  [0.08235294 0.02352941 0.01960784]  ...  [0.39215687 0.28627452 0.22745098]  [0.39215687 0.28627452 0.23137255]  [0.39607844 0.2901961  0.23137255]] [[0.08235294 0.02352941 0.01960784]  [0.08235294 0.02352941 0.01960784]  [0.08235294 0.02352941 0.01960784]  ...  [0.39215687 0.28627452 0.22745098]  [0.39607844 0.2901961  0.23137255]  [0.39607844 0.2901961  0.23137255]]]",2.805623049091082,48672,/home/amos/media/tv/The X-Files S01-S11 BluRay 10Bit 1080p Dts-HDMa5 1 HEVC-d3g/The X-Files S08 br 10bit dts hevc-d3g/The.X-Files.S08E07.Via.Negativa.1080p.BluRay.10Bit.Dts-HDMa5.1.HEVC-d3g.mkv517,1080,1920,0,80,462,1094,80,387348,0.187,"[[[0.654902   0.41960785 0.36862746]  [0.654902   0.41960785 0.36862746]  [0.65882355 0.42352942 0.37254903]  ...  [0.10588235 0.05490196 0.04313726]  [0.10588235 0.05490196 0.04313726]  [0.10588235 0.05490196 0.04313726]] [[0.654902   0.41960785 0.36862746]  [0.654902   0.41960785 0.36862746]  [0.65882355 0.42352942 0.37254903]  ...  [0.10588235 0.05490196 0.04313726]  [0.10588235 0.05490196 0.04313726]  [0.10588235 0.05490196 0.04313726]] [[0.65882355 0.42352942 0.37254903]  [0.65882355 0.42352942 0.37254903]  [0.65882355 0.42352942 0.37254903]  ...  [0.10588235 0.05490196 0.04313726]  [0.10588235 0.05490196 0.04313726]  [0.10588235 0.05490196 0.04313726]] ... [[0.13333334 0.09411765 0.10196079]  [0.13725491 0.09411765 0.10196079]  [0.13725491 0.09411765 0.10196079]  ...  [0.13333334 0.0627451  0.05490196]  [0.12941177 0.05882353 0.05098039]  [0.12941177 0.05882353 0.05098039]] [[0.13725491 0.09411765 0.10196079]  [0.13725491 0.09411765 0.10196079]  [0.14117648 0.09803922 0.10588235]  ...  [0.13333334 0.0627451  0.05490196]  [0.13333334 0.0627451  0.05490196]  [0.13333334 0.0627451  0.05490196]] [[0.13725491 0.09411765 0.10196079]  [0.13725491 0.09411765 0.10196079]  [0.14117648 0.09803922 0.10588235]  ...  [0.13333334 0.0627451  0.05490196]  [0.13333334 0.0627451  0.05490196]  [0.13333334 0.0627451  0.05490196]]]",-0.38672783836955205,50112,/home/amos/media/tv/The X-Files S01-S11 BluRay 10Bit 1080p Dts-HDMa5 1 HEVC-d3g/The X-Files S08 br 10bit dts hevc-d3g/The.X-Files.S08E07.Via.Negativa.1080p.BluRay.10Bit.Dts-HDMa5.1.HEVC-d3g.mkv518,1080,1920,0,83,439,1153,83,380920,0.184,"[[[0.6745098  0.45882353 0.39215687]  [0.6745098  0.45882353 0.39215687]  [0.6666667  0.4509804  0.3882353 ]  ...  [0.22745098 0.10196079 0.08235294]  [0.22745098 0.10196079 0.08235294]  [0.         0.         0.        ]] [[0.6745098  0.45882353 0.39215687]  [0.6745098  0.45490196 0.39215687]  [0.6666667  0.4509804  0.3882353 ]  ...  [0.22745098 0.10196079 0.08235294]  [0.22352941 0.09803922 0.08235294]  [0.         0.         0.        ]] [[0.6745098  0.45490196 0.39215687]  [0.6745098  0.45490196 0.39215687]  [0.67058825 0.44705883 0.3882353 ]  ...  [0.21176471 0.09019608 0.07058824]  [0.21176471 0.09019608 0.07058824]  [0.         0.         0.        ]] ... [[0.02745098 0.         0.        ]  [0.02745098 0.         0.        ]  [0.03137255 0.         0.        ]  ...  [0.12156863 0.04705882 0.03921569]  [0.12156863 0.04705882 0.03921569]  [0.         0.         0.        ]] [[0.02745098 0.         0.        ]  [0.02745098 0.         0.        ]  [0.03137255 0.         0.        ]  ...  [0.12156863 0.04705882 0.03921569]  [0.12156863 0.04705882 0.03921569]  [0.         0.         0.        ]] [[0.         0.         0.        ]  [0.         0.         0.        ]  [0.         0.         0.        ]  ...  [0.         0.         0.        ]  [0.         0.         0.        ]  [0.         0.         0.        ]]]",2.926582128566224,50136,/home/amos/media/tv/The X-Files S01-S11 BluRay 10Bit 1080p Dts-HDMa5 1 HEVC-d3g/The X-Files S08 br 10bit dts hevc-d3g/The.X-Files.S08E07.Via.Negativa.1080p.BluRay.10Bit.Dts-HDMa5.1.HEVC-d3g.mkv519,1080,1920,0,371,234,574,371,27811,0.013,"[[[0.03921569 0.03921569 0.04313726]  [0.03921569 0.03921569 0.04313726]  [0.03921569 0.03921569 0.04313726]  ...  [0.1254902  0.11764706 0.10588235]  [0.1254902  0.12156863 0.10980392]  [0.12941177 0.1254902  0.11372549]] [[0.04313726 0.04313726 0.04705882]  [0.04313726 0.04313726 0.04705882]  [0.04313726 0.04313726 0.04705882]  ...  [0.1254902  0.12156863 0.10980392]  [0.12941177 0.1254902  0.11372549]  [0.12941177 0.1254902  0.11372549]] [[0.04313726 0.04313726 0.04705882]  [0.04313726 0.04313726 0.04705882]  [0.03921569 0.03921569 0.04705882]  ...  [0.12941177 0.1254902  0.11372549]  [0.13333334 0.12941177 0.11372549]  [0.13333334 0.12941177 0.11764706]] ... [[0.14509805 0.07450981 0.06666667]  [0.14509805 0.07450981 0.06666667]  [0.15686275 0.08627451 0.07843138]  ...  [0.5019608  0.48235294 0.5411765 ]  [0.4745098  0.45490196 0.50980395]  [0.4392157  0.41960785 0.48235294]] [[0.16078432 0.09019608 0.08235294]  [0.15294118 0.08235294 0.07450981]  [0.16078432 0.09019608 0.08235294]  ...  [0.5019608  0.48235294 0.5411765 ]  [0.48235294 0.4627451  0.52156866]  [0.4509804  0.43137255 0.49019608]] [[0.15294118 0.08235294 0.07450981]  [0.15294118 0.08235294 0.07450981]  [0.16078432 0.09019608 0.08235294]  ...  [0.4862745  0.4627451  0.5254902 ]  [0.48235294 0.4627451  0.52156866]  [0.4627451  0.44313726 0.5019608 ]]]",5.9268690720782615,50208,/home/amos/media/tv/The X-Files S01-S11 BluRay 10Bit 1080p Dts-HDMa5 1 HEVC-d3g/The X-Files S08 br 10bit dts hevc-d3g/The.X-Files.S08E07.Via.Negativa.1080p.BluRay.10Bit.Dts-HDMa5.1.HEVC-d3g.mkv520,1080,1920,0,364,234,566,364,26260,0.013,"[[[0.04705882 0.03921569 0.05490196]  [0.04705882 0.03921569 0.05490196]  [0.04705882 0.03921569 0.05490196]  ...  [0.11372549 0.10980392 0.10588235]  [0.12156863 0.11764706 0.11372549]  [0.12156863 0.11764706 0.11372549]] [[0.04705882 0.03921569 0.05490196]  [0.05098039 0.04313726 0.05882353]  [0.04705882 0.03921569 0.05490196]  ...  [0.11372549 0.10980392 0.10588235]  [0.12156863 0.11764706 0.11372549]  [0.12156863 0.11764706 0.11372549]] [[0.04705882 0.03921569 0.05490196]  [0.05098039 0.04313726 0.05882353]  [0.05098039 0.04313726 0.05882353]  ...  [0.11372549 0.10980392 0.10588235]  [0.11372549 0.10980392 0.10588235]  [0.11372549 0.10980392 0.10588235]] ... [[0.14901961 0.07843138 0.08627451]  [0.15294118 0.07450981 0.08235294]  [0.14901961 0.07058824 0.07843138]  ...  [0.3529412  0.3647059  0.44705883]  [0.34117648 0.3529412  0.43529412]  [0.3254902  0.3372549  0.41960785]] [[0.14901961 0.07450981 0.08627451]  [0.14901961 0.07450981 0.08235294]  [0.15294118 0.07843138 0.08235294]  ...  [0.36078432 0.37254903 0.45490196]  [0.34117648 0.3529412  0.43529412]  [0.32156864 0.33333334 0.41568628]] [[0.14509805 0.07450981 0.08235294]  [0.15294118 0.07450981 0.08235294]  [0.16078432 0.08235294 0.09019608]  ...  [0.3764706  0.3882353  0.47058824]  [0.3529412  0.3647059  0.44705883]  [0.31764707 0.32941177 0.4117647 ]]]",5.201862076821271,50352,/home/amos/media/tv/The X-Files S01-S11 BluRay 10Bit 1080p Dts-HDMa5 1 HEVC-d3g/The X-Files S08 br 10bit dts hevc-d3g/The.X-Files.S08E07.Via.Negativa.1080p.BluRay.10Bit.Dts-HDMa5.1.HEVC-d3g.mkv521,1080,1920,0,112,265,752,112,97920,0.047,"[[[0.23529412 0.12156863 0.08627451]  [0.23529412 0.12156863 0.08627451]  [0.23137255 0.11764706 0.08235294]  ...  [0.5372549  0.34901962 0.30980393]  [0.5411765  0.3529412  0.3137255 ]  [0.54509807 0.35686275 0.31764707]] [[0.23921569 0.12156863 0.09019608]  [0.23529412 0.12156863 0.08627451]  [0.23529412 0.11764706 0.08627451]  ...  [0.5411765  0.3529412  0.3137255 ]  [0.54509807 0.35686275 0.31764707]  [0.54509807 0.35686275 0.31764707]] [[0.24313726 0.1254902  0.09411765]  [0.23921569 0.12156863 0.09019608]  [0.23921569 0.12156863 0.09019608]  ...  [0.54509807 0.35686275 0.31764707]  [0.54901963 0.36078432 0.32156864]  [0.54901963 0.36078432 0.32156864]] ... [[0.26666668 0.10980392 0.09411765]  [0.2627451  0.10588235 0.09019608]  [0.25882354 0.10196079 0.08627451]  ...  [0.49019608 0.27058825 0.24313726]  [0.4862745  0.27058825 0.23921569]  [0.4862745  0.26666668 0.23921569]] [[0.28627452 0.12941177 0.10980392]  [0.28235295 0.1254902  0.10588235]  [0.27450982 0.11764706 0.09803922]  ...  [0.49803922 0.28235295 0.2509804 ]  [0.49803922 0.2784314  0.2509804 ]  [0.49803922 0.2784314  0.2509804 ]] [[0.29411766 0.13725491 0.11764706]  [0.2901961  0.13333334 0.11372549]  [0.28235295 0.1254902  0.10588235]  ...  [0.5058824  0.28627452 0.25882354]  [0.5019608  0.28235295 0.25490198]  [0.5019608  0.28235295 0.25490198]]]",1.9264341536327265,50400,/home/amos/media/tv/The X-Files S01-S11 BluRay 10Bit 1080p Dts-HDMa5 1 HEVC-d3g/The X-Files S08 br 10bit dts hevc-d3g/The.X-Files.S08E07.Via.Negativa.1080p.BluRay.10Bit.Dts-HDMa5.1.HEVC-d3g.mkv522,1080,1920,0,72,161,1209,72,101193,0.049,"[[[0.22745098 0.10196079 0.08235294]  [0.22745098 0.10196079 0.08235294]  [0.22745098 0.10196079 0.08235294]  ...  [0.05490196 0.00784314 0.        ]  [0.05490196 0.00784314 0.        ]  [0.05490196 0.00784314 0.        ]] [[0.22745098 0.10196079 0.08235294]  [0.22745098 0.10196079 0.08235294]  [0.22745098 0.10196079 0.08235294]  ...  [0.05490196 0.00784314 0.        ]  [0.05490196 0.00784314 0.        ]  [0.05490196 0.00784314 0.        ]] [[0.22745098 0.10196079 0.08235294]  [0.22745098 0.10196079 0.08235294]  [0.22745098 0.10196079 0.08235294]  ...  [0.05490196 0.00784314 0.        ]  [0.05490196 0.00784314 0.        ]  [0.05490196 0.00784314 0.        ]] ... [[0.35686275 0.21960784 0.1882353 ]  [0.35686275 0.21960784 0.1882353 ]  [0.34509805 0.20784314 0.18039216]  ...  [0.05882353 0.00392157 0.        ]  [0.05882353 0.00392157 0.        ]  [0.05882353 0.00392157 0.        ]] [[0.36078432 0.22352941 0.19215687]  [0.36078432 0.22352941 0.19215687]  [0.34901962 0.21176471 0.18039216]  ...  [0.0627451  0.00392157 0.        ]  [0.0627451  0.00392157 0.        ]  [0.0627451  0.00392157 0.        ]] [[0.36078432 0.22352941 0.19215687]  [0.36078432 0.22352941 0.19215687]  [0.34901962 0.21176471 0.18039216]  ...  [0.0627451  0.00392157 0.        ]  [0.0627451  0.00392157 0.        ]  [0.0627451  0.00392157 0.        ]]]",2.4283960408647545,50448,/home/amos/media/tv/The X-Files S01-S11 BluRay 10Bit 1080p Dts-HDMa5 1 HEVC-d3g/The X-Files S08 br 10bit dts hevc-d3g/The.X-Files.S08E07.Via.Negativa.1080p.BluRay.10Bit.Dts-HDMa5.1.HEVC-d3g.mkv523,1080,1920,0,75,212,925,75,116450,0.056,"[[[0.05490196 0.0627451  0.03529412]  [0.05490196 0.0627451  0.03529412]  [0.05490196 0.05490196 0.03137255]  ...  [0.04705882 0.01960784 0.02352941]  [0.05098039 0.01960784 0.02745098]  [0.05098039 0.01960784 0.02745098]] [[0.05490196 0.0627451  0.03529412]  [0.05490196 0.0627451  0.03529412]  [0.05490196 0.05490196 0.03137255]  ...  [0.05098039 0.01960784 0.02745098]  [0.05098039 0.01960784 0.02745098]  [0.05098039 0.01960784 0.02745098]] [[0.05490196 0.0627451  0.03137255]  [0.05490196 0.0627451  0.03137255]  [0.05490196 0.05098039 0.03137255]  ...  [0.05098039 0.01568628 0.02745098]  [0.05098039 0.01960784 0.02745098]  [0.05098039 0.01960784 0.02745098]] ... [[0.04313726 0.02745098 0.02745098]  [0.04313726 0.02745098 0.02745098]  [0.04313726 0.02352941 0.02352941]  ...  [0.09019608 0.03529412 0.03529412]  [0.09019608 0.03529412 0.03529412]  [0.09019608 0.03529412 0.03529412]] [[0.04705882 0.02745098 0.02745098]  [0.04705882 0.02745098 0.02745098]  [0.04705882 0.02745098 0.02745098]  ...  [0.08627451 0.03137255 0.03137255]  [0.08627451 0.03137255 0.03137255]  [0.08627451 0.03137255 0.03137255]] [[0.04705882 0.02745098 0.02745098]  [0.04705882 0.02745098 0.02745098]  [0.04705882 0.02352941 0.02352941]  ...  [0.08627451 0.03137255 0.03137255]  [0.08627451 0.03137255 0.03137255]  [0.08627451 0.03137255 0.03137255]]]",5.789868083258625,50688,/home/amos/media/tv/The X-Files S01-S11 BluRay 10Bit 1080p Dts-HDMa5 1 HEVC-d3g/The X-Files S08 br 10bit dts hevc-d3g/The.X-Files.S08E07.Via.Negativa.1080p.BluRay.10Bit.Dts-HDMa5.1.HEVC-d3g.mkv524,1080,1920,0,140,170,751,140,18330,0.009,"[[[0.20392157 0.16078432 0.16470589]  [0.19215687 0.15294118 0.15686275]  [0.1764706  0.13725491 0.14509805]  ...  [0.03921569 0.01960784 0.00784314]  [0.03921569 0.01960784 0.00784314]  [0.03921569 0.01960784 0.00784314]] [[0.16862746 0.1254902  0.12941177]  [0.16078432 0.12156863 0.1254902 ]  [0.14901961 0.10980392 0.11764706]  ...  [0.03921569 0.01960784 0.00784314]  [0.03921569 0.01960784 0.00784314]  [0.03921569 0.01960784 0.00784314]] [[0.12156863 0.07843138 0.08235294]  [0.11764706 0.07843138 0.08235294]  [0.11372549 0.07450981 0.08627451]  ...  [0.03921569 0.01960784 0.00784314]  [0.03921569 0.01960784 0.00784314]  [0.03921569 0.01960784 0.00784314]] ... [[0.09019608 0.05098039 0.03137255]  [0.07843138 0.04705882 0.02745098]  [0.06666667 0.03921569 0.01960784]  ...  [0.02352941 0.00784314 0.01176471]  [0.02352941 0.00784314 0.01568628]  [0.02745098 0.01176471 0.01568628]] [[0.12156863 0.08235294 0.0627451 ]  [0.10196079 0.06666667 0.04705882]  [0.07450981 0.04705882 0.02745098]  ...  [0.02352941 0.00784314 0.01176471]  [0.02352941 0.00784314 0.01568628]  [0.02745098 0.01176471 0.01568628]] [[0.14509805 0.10588235 0.08627451]  [0.11764706 0.08235294 0.0627451 ]  [0.08235294 0.05490196 0.03529412]  ...  [0.02352941 0.00784314 0.01176471]  [0.02352941 0.00784314 0.01176471]  [0.02745098 0.01176471 0.01568628]]]",3.051747044431977,50736,/home/amos/media/tv/The X-Files S01-S11 BluRay 10Bit 1080p Dts-HDMa5 1 HEVC-d3g/The X-Files S08 br 10bit dts hevc-d3g/The.X-Files.S08E07.Via.Negativa.1080p.BluRay.10Bit.Dts-HDMa5.1.HEVC-d3g.mkv525,1080,1920,0,150,137,762,150,7956,0.004,"[[[0.03137255 0.01176471 0.01960784]  [0.02745098 0.00784314 0.01568628]  [0.02745098 0.00784314 0.01568628]  ...  [0.12156863 0.09019608 0.08627451]  [0.11764706 0.09019608 0.08627451]  [0.11764706 0.09019608 0.08627451]] [[0.03137255 0.01176471 0.01960784]  [0.03137255 0.01176471 0.01960784]  [0.02745098 0.00784314 0.01568628]  ...  [0.12156863 0.09411765 0.09019608]  [0.12156863 0.09411765 0.09019608]  [0.12156863 0.09411765 0.09019608]] [[0.03529412 0.01568628 0.02352941]  [0.03529412 0.01176471 0.02352941]  [0.03137255 0.01176471 0.01960784]  ...  [0.1254902  0.09803922 0.09411765]  [0.1254902  0.09803922 0.09411765]  [0.1254902  0.09803922 0.09411765]] ... [[0.10588235 0.05490196 0.04705882]  [0.10588235 0.05490196 0.04705882]  [0.10980392 0.05490196 0.04705882]  ...  [0.30588236 0.20392157 0.15686275]  [0.3019608  0.20392157 0.15686275]  [0.3019608  0.2        0.15294118]] [[0.11372549 0.05882353 0.05882353]  [0.11372549 0.05882353 0.05882353]  [0.11372549 0.05882353 0.05882353]  ...  [0.3019608  0.2        0.15294118]  [0.29803923 0.2        0.15294118]  [0.29803923 0.2        0.15294118]] [[0.12156863 0.06666667 0.06666667]  [0.12156863 0.06666667 0.06666667]  [0.12156863 0.06666667 0.06666667]  ...  [0.29803923 0.2        0.15294118]  [0.29803923 0.2        0.15294118]  [0.29803923 0.2        0.15294118]]]",8.464665174135007,50760,/home/amos/media/tv/The X-Files S01-S11 BluRay 10Bit 1080p Dts-HDMa5 1 HEVC-d3g/The X-Files S08 br 10bit dts hevc-d3g/The.X-Files.S08E07.Via.Negativa.1080p.BluRay.10Bit.Dts-HDMa5.1.HEVC-d3g.mkv526,1080,1920,0,76,88,712,76,7632,0.004,"[[[0.0627451  0.01568628 0.00784314]  [0.0627451  0.01568628 0.00784314]  [0.0627451  0.01568628 0.00784314]  ...  [0.05098039 0.01960784 0.01176471]  [0.05098039 0.01960784 0.01176471]  [0.05098039 0.01960784 0.01176471]] [[0.0627451  0.01568628 0.00784314]  [0.0627451  0.01568628 0.00784314]  [0.0627451  0.01568628 0.00784314]  ...  [0.05098039 0.01960784 0.01176471]  [0.05098039 0.01960784 0.01176471]  [0.05098039 0.01960784 0.01176471]] [[0.07058824 0.01960784 0.01176471]  [0.07058824 0.01960784 0.01176471]  [0.07058824 0.01960784 0.01176471]  ...  [0.05098039 0.01960784 0.01176471]  [0.05098039 0.01960784 0.01176471]  [0.05098039 0.01960784 0.01176471]] ... [[0.38039216 0.21176471 0.19215687]  [0.38039216 0.21176471 0.19215687]  [0.38039216 0.21176471 0.1882353 ]  ...  [0.24313726 0.12156863 0.09803922]  [0.22352941 0.10196079 0.07843138]  [0.21960784 0.10196079 0.07843138]] [[0.38039216 0.21176471 0.1882353 ]  [0.38039216 0.21176471 0.1882353 ]  [0.38039216 0.21176471 0.1882353 ]  ...  [0.24313726 0.12156863 0.09803922]  [0.22352941 0.10196079 0.07843138]  [0.22352941 0.10196079 0.07843138]] [[0.38039216 0.21176471 0.1882353 ]  [0.38039216 0.21176471 0.1882353 ]  [0.38039216 0.21176471 0.1882353 ]  ...  [0.24313726 0.12156863 0.09803922]  [0.22352941 0.10196079 0.07843138]  [0.22352941 0.10196079 0.07843138]]]",3.277904106013011,50784,/home/amos/media/tv/The X-Files S01-S11 BluRay 10Bit 1080p Dts-HDMa5 1 HEVC-d3g/The X-Files S08 br 10bit dts hevc-d3g/The.X-Files.S08E07.Via.Negativa.1080p.BluRay.10Bit.Dts-HDMa5.1.HEVC-d3g.mkv527,1080,1920,0,60,394,995,60,312290,0.151,"[[[0.34509805 0.24705882 0.20392157]  [0.34509805 0.24705882 0.20392157]  [0.34117648 0.24313726 0.20392157]  ...  [0.11372549 0.0627451  0.03529412]  [0.12156863 0.06666667 0.03921569]  [0.12156863 0.06666667 0.03921569]] [[0.34509805 0.24705882 0.20392157]  [0.34509805 0.24705882 0.20392157]  [0.34117648 0.24313726 0.20392157]  ...  [0.11372549 0.0627451  0.03529412]  [0.12156863 0.06666667 0.03921569]  [0.12156863 0.06666667 0.03921569]] [[0.34509805 0.24705882 0.2       ]  [0.34509805 0.24705882 0.2       ]  [0.3372549  0.24313726 0.20392157]  ...  [0.11372549 0.05882353 0.03529412]  [0.11764706 0.0627451  0.03529412]  [0.11764706 0.0627451  0.03529412]] ... [[0.3254902  0.22745098 0.18039216]  [0.3254902  0.22745098 0.18039216]  [0.32156864 0.22745098 0.18039216]  ...  [0.16078432 0.12941177 0.15686275]  [0.15294118 0.12156863 0.14509805]  [0.15294118 0.12156863 0.14509805]] [[0.32941177 0.23137255 0.18431373]  [0.32941177 0.23137255 0.18431373]  [0.32156864 0.22745098 0.18431373]  ...  [0.15686275 0.1254902  0.15294118]  [0.14901961 0.11764706 0.14117648]  [0.14901961 0.11764706 0.14117648]] [[0.32941177 0.23137255 0.18431373]  [0.32941177 0.23137255 0.18431373]  [0.32156864 0.22745098 0.18431373]  ...  [0.15686275 0.1254902  0.15294118]  [0.14901961 0.11764706 0.14117648]  [0.14901961 0.11764706 0.14117648]]]",1.8876560753560625,50832,/home/amos/media/tv/The X-Files S01-S11 BluRay 10Bit 1080p Dts-HDMa5 1 HEVC-d3g/The X-Files S08 br 10bit dts hevc-d3g/The.X-Files.S08E07.Via.Negativa.1080p.BluRay.10Bit.Dts-HDMa5.1.HEVC-d3g.mkv528,1080,1920,0,94,297,832,94,149814,0.072,"[[[0.21960784 0.10196079 0.07450981]  [0.21960784 0.10196079 0.07450981]  [0.21568628 0.09803922 0.07058824]  ...  [0.05098039 0.03137255 0.03137255]  [0.05490196 0.03529412 0.03529412]  [0.05490196 0.03529412 0.03529412]] [[0.21960784 0.10196079 0.07450981]  [0.21960784 0.10196079 0.07450981]  [0.21960784 0.09803922 0.07450981]  ...  [0.05490196 0.03529412 0.03529412]  [0.05490196 0.03529412 0.03529412]  [0.05490196 0.03529412 0.03529412]] [[0.21960784 0.10196079 0.07450981]  [0.21960784 0.10196079 0.07450981]  [0.21960784 0.10196079 0.07450981]  ...  [0.05882353 0.03921569 0.03921569]  [0.05882353 0.03921569 0.03921569]  [0.0627451  0.04313726 0.04313726]] ... [[0.22745098 0.09411765 0.0627451 ]  [0.22745098 0.09411765 0.0627451 ]  [0.23137255 0.09803922 0.06666667]  ...  [0.18039216 0.12941177 0.10588235]  [0.19215687 0.14117648 0.11764706]  [0.19607843 0.14509805 0.12156863]] [[0.22745098 0.09411765 0.0627451 ]  [0.22745098 0.09411765 0.0627451 ]  [0.23137255 0.09803922 0.06666667]  ...  [0.18431373 0.13333334 0.10980392]  [0.19607843 0.14509805 0.12156863]  [0.2        0.14901961 0.1254902 ]] [[0.22745098 0.09411765 0.0627451 ]  [0.22745098 0.09411765 0.0627451 ]  [0.23529412 0.09803922 0.07058824]  ...  [0.18431373 0.13333334 0.10980392]  [0.19607843 0.14509805 0.12156863]  [0.2        0.14901961 0.1254902 ]]]",1.6208420555922203,50856,/home/amos/media/tv/The X-Files S01-S11 BluRay 10Bit 1080p Dts-HDMa5 1 HEVC-d3g/The X-Files S08 br 10bit dts hevc-d3g/The.X-Files.S08E07.Via.Negativa.1080p.BluRay.10Bit.Dts-HDMa5.1.HEVC-d3g.mkv529,1080,1920,0,331,138,539,331,40144,0.019,"[[[0.00784314 0.         0.01568628]  [0.00784314 0.         0.01568628]  [0.00784314 0.         0.01568628]  ...  [0.21176471 0.08627451 0.04705882]  [0.21568628 0.08627451 0.04705882]  [0.22745098 0.09803922 0.0627451 ]] [[0.00784314 0.         0.01568628]  [0.00784314 0.         0.01568628]  [0.00784314 0.         0.01568628]  ...  [0.21960784 0.09019608 0.05490196]  [0.21568628 0.08627451 0.05098039]  [0.22745098 0.09803922 0.05882353]] [[0.00784314 0.         0.01568628]  [0.00784314 0.         0.01568628]  [0.00784314 0.         0.01568628]  ...  [0.21960784 0.09019608 0.05882353]  [0.21568628 0.08627451 0.05098039]  [0.22745098 0.09803922 0.0627451 ]] ... [[0.01176471 0.00392157 0.01568628]  [0.01176471 0.00392157 0.01568628]  [0.01176471 0.00392157 0.01960784]  ...  [0.13725491 0.08235294 0.07058824]  [0.13333334 0.06666667 0.05490196]  [0.1764706  0.09411765 0.08627451]] [[0.01176471 0.00392157 0.01960784]  [0.01176471 0.00392157 0.01960784]  [0.01176471 0.00392157 0.01960784]  ...  [0.13333334 0.07843138 0.06666667]  [0.13333334 0.06666667 0.05490196]  [0.1764706  0.09411765 0.08627451]] [[0.01176471 0.00392157 0.01960784]  [0.01176471 0.00392157 0.01960784]  [0.01176471 0.00392157 0.01960784]  ...  [0.12156863 0.06666667 0.05490196]  [0.13725491 0.07058824 0.05882353]  [0.16862746 0.08627451 0.07843138]]]",3.5969410405377857,50880,/home/amos/media/tv/The X-Files S01-S11 BluRay 10Bit 1080p Dts-HDMa5 1 HEVC-d3g/The X-Files S08 br 10bit dts hevc-d3g/The.X-Files.S08E07.Via.Negativa.1080p.BluRay.10Bit.Dts-HDMa5.1.HEVC-d3g.mkv530,1080,1920,1,77,583,159,77,41492,0.02,"[[[0.09411765 0.05882353 0.03921569]  [0.09411765 0.05882353 0.03921569]  [0.09411765 0.05882353 0.03921569]  ...  [0.14117648 0.12941177 0.10980392]  [0.14117648 0.12941177 0.10980392]  [0.14117648 0.12941177 0.10980392]] [[0.09411765 0.05882353 0.03921569]  [0.09411765 0.05882353 0.03921569]  [0.09411765 0.05882353 0.03921569]  ...  [0.14117648 0.12941177 0.10980392]  [0.14117648 0.12941177 0.10980392]  [0.14117648 0.12941177 0.10980392]] [[0.09411765 0.05882353 0.03529412]  [0.09411765 0.05882353 0.03529412]  [0.09411765 0.05882353 0.03921569]  ...  [0.13333334 0.1254902  0.10980392]  [0.13333334 0.1254902  0.10980392]  [0.13333334 0.1254902  0.10980392]] ... [[0.08235294 0.05882353 0.03529412]  [0.08235294 0.05882353 0.03529412]  [0.08235294 0.05882353 0.03529412]  ...  [0.00784314 0.00392157 0.01568628]  [0.00784314 0.00392157 0.01568628]  [0.00784314 0.00392157 0.01568628]] [[0.08235294 0.05882353 0.03529412]  [0.08235294 0.05882353 0.03529412]  [0.08235294 0.05882353 0.03529412]  ...  [0.01176471 0.00392157 0.01960784]  [0.01176471 0.00392157 0.01960784]  [0.01176471 0.00392157 0.01960784]] [[0.08235294 0.05882353 0.03529412]  [0.08235294 0.05882353 0.03529412]  [0.08235294 0.05882353 0.03529412]  ...  [0.01176471 0.00392157 0.01960784]  [0.01176471 0.00392157 0.01960784]  [0.01176471 0.00392157 0.01960784]]]",3.828550976177212,50880,/home/amos/media/tv/The X-Files S01-S11 BluRay 10Bit 1080p Dts-HDMa5 1 HEVC-d3g/The X-Files S08 br 10bit dts hevc-d3g/The.X-Files.S08E07.Via.Negativa.1080p.BluRay.10Bit.Dts-HDMa5.1.HEVC-d3g.mkv531,1080,1920,2,73,614,159,73,46526,0.022,"[[[0.09019608 0.05882353 0.03529412]  [0.09019608 0.05882353 0.03529412]  [0.09019608 0.05490196 0.03529412]  ...  [0.15686275 0.14901961 0.14509805]  [0.15686275 0.14901961 0.14509805]  [0.15686275 0.14901961 0.14509805]] [[0.09019608 0.05882353 0.03529412]  [0.09019608 0.05882353 0.03529412]  [0.09019608 0.05882353 0.03529412]  ...  [0.15686275 0.14901961 0.14509805]  [0.15686275 0.14901961 0.14509805]  [0.15686275 0.14901961 0.14509805]] [[0.09019608 0.05882353 0.03529412]  [0.09019608 0.05882353 0.03529412]  [0.09019608 0.05882353 0.03529412]  ...  [0.15686275 0.14901961 0.14509805]  [0.15686275 0.14901961 0.14509805]  [0.15686275 0.14901961 0.14509805]] ... [[0.07843138 0.05490196 0.02745098]  [0.07843138 0.05490196 0.02745098]  [0.07843138 0.05490196 0.02745098]  ...  [0.01176471 0.00392157 0.01568628]  [0.01176471 0.00392157 0.01568628]  [0.01176471 0.00392157 0.01568628]] [[0.07843138 0.05490196 0.02745098]  [0.07843138 0.05490196 0.02745098]  [0.07843138 0.05490196 0.02745098]  ...  [0.01176471 0.00392157 0.01568628]  [0.01176471 0.00392157 0.01568628]  [0.01176471 0.00392157 0.01568628]] [[0.07843138 0.05490196 0.02745098]  [0.07843138 0.05490196 0.02745098]  [0.07843138 0.05490196 0.02745098]  ...  [0.01176471 0.00392157 0.01568628]  [0.01176471 0.00392157 0.01568628]  [0.01176471 0.00392157 0.01568628]]]",1.888110019674059,50880,/home/amos/media/tv/The X-Files S01-S11 BluRay 10Bit 1080p Dts-HDMa5 1 HEVC-d3g/The X-Files S08 br 10bit dts hevc-d3g/The.X-Files.S08E07.Via.Negativa.1080p.BluRay.10Bit.Dts-HDMa5.1.HEVC-d3g.mkv532,1080,1920,3,70,672,158,70,52976,0.026,"[[[0.08627451 0.0627451  0.03921569]  [0.08627451 0.0627451  0.03921569]  [0.08627451 0.0627451  0.03921569]  ...  [0.01176471 0.00392157 0.01960784]  [0.01176471 0.00392157 0.01960784]  [0.01176471 0.00392157 0.01960784]] [[0.08627451 0.0627451  0.03921569]  [0.08627451 0.0627451  0.03921569]  [0.08627451 0.05882353 0.03921569]  ...  [0.01176471 0.00392157 0.01960784]  [0.01176471 0.00392157 0.01960784]  [0.01176471 0.00392157 0.01960784]] [[0.08627451 0.0627451  0.03921569]  [0.08627451 0.0627451  0.03921569]  [0.08235294 0.05882353 0.03529412]  ...  [0.01176471 0.00392157 0.01960784]  [0.01176471 0.00392157 0.01960784]  [0.01176471 0.00392157 0.01960784]] ... [[0.09019608 0.0627451  0.03921569]  [0.09019608 0.0627451  0.03921569]  [0.09019608 0.0627451  0.03921569]  ...  [0.01176471 0.00392157 0.01960784]  [0.01176471 0.00392157 0.01960784]  [0.01176471 0.00392157 0.01960784]] [[0.09019608 0.0627451  0.03921569]  [0.09019608 0.0627451  0.03921569]  [0.09019608 0.06666667 0.03921569]  ...  [0.01176471 0.00392157 0.01960784]  [0.01176471 0.00392157 0.01960784]  [0.01176471 0.00392157 0.01960784]] [[0.09019608 0.0627451  0.03921569]  [0.09019608 0.0627451  0.03921569]  [0.09019608 0.0627451  0.03921569]  ...  [0.01176471 0.00392157 0.01960784]  [0.01176471 0.00392157 0.01960784]  [0.01176471 0.00392157 0.01960784]]]",2.6738759879372083,50880,/home/amos/media/tv/The X-Files S01-S11 BluRay 10Bit 1080p Dts-HDMa5 1 HEVC-d3g/The X-Files S08 br 10bit dts hevc-d3g/The.X-Files.S08E07.Via.Negativa.1080p.BluRay.10Bit.Dts-HDMa5.1.HEVC-d3g.mkv533,1080,1920,4,74,699,146,74,45000,0.022,"[[[0.10196079 0.07843138 0.05490196]  [0.10196079 0.07843138 0.05490196]  [0.10196079 0.07843138 0.05490196]  ...  [0.00784314 0.         0.00784314]  [0.00784314 0.         0.00784314]  [0.00784314 0.         0.00784314]] [[0.10196079 0.07843138 0.05490196]  [0.10196079 0.07843138 0.05490196]  [0.10196079 0.07843138 0.05490196]  ...  [0.00784314 0.         0.00784314]  [0.00784314 0.         0.00784314]  [0.00784314 0.         0.00784314]] [[0.09803922 0.07450981 0.05098039]  [0.09803922 0.07450981 0.05098039]  [0.09803922 0.07450981 0.05098039]  ...  [0.00784314 0.         0.00784314]  [0.00784314 0.         0.00784314]  [0.00784314 0.         0.00784314]] ... [[0.06666667 0.04313726 0.02352941]  [0.06666667 0.04313726 0.02352941]  [0.06666667 0.04313726 0.01960784]  ...  [0.00784314 0.00392157 0.01568628]  [0.00784314 0.00392157 0.01568628]  [0.00784314 0.00392157 0.01568628]] [[0.06666667 0.04313726 0.01960784]  [0.06666667 0.04313726 0.01960784]  [0.0627451  0.03921569 0.01568628]  ...  [0.00784314 0.00392157 0.01568628]  [0.00784314 0.00392157 0.01568628]  [0.00784314 0.00392157 0.01568628]] [[0.06666667 0.04313726 0.01960784]  [0.06666667 0.04313726 0.01960784]  [0.0627451  0.03921569 0.01568628]  ...  [0.00784314 0.00392157 0.01568628]  [0.00784314 0.00392157 0.01568628]  [0.00784314 0.00392157 0.01568628]]]",1.1071490316535346,50880,/home/amos/media/tv/The X-Files S01-S11 BluRay 10Bit 1080p Dts-HDMa5 1 HEVC-d3g/The X-Files S08 br 10bit dts hevc-d3g/The.X-Files.S08E07.Via.Negativa.1080p.BluRay.10Bit.Dts-HDMa5.1.HEVC-d3g.mkv534,1080,1920,0,65,213,112,65,6956,0.003,"[[[0.02352941 0.00784314 0.01960784]  [0.02352941 0.00784314 0.01960784]  [0.02352941 0.00784314 0.01960784]  ...  [0.08627451 0.07843138 0.0627451 ]  [0.08627451 0.07843138 0.0627451 ]  [0.08627451 0.07843138 0.0627451 ]] [[0.02352941 0.00784314 0.01960784]  [0.02352941 0.00784314 0.01960784]  [0.02352941 0.00784314 0.01960784]  ...  [0.08627451 0.07843138 0.0627451 ]  [0.08627451 0.07843138 0.0627451 ]  [0.08627451 0.07843138 0.0627451 ]] [[0.02352941 0.00784314 0.01960784]  [0.02352941 0.00784314 0.01960784]  [0.02352941 0.00784314 0.01960784]  ...  [0.08627451 0.07450981 0.05882353]  [0.08627451 0.07450981 0.0627451 ]  [0.08627451 0.07450981 0.0627451 ]] ... [[0.02745098 0.01568628 0.02745098]  [0.02745098 0.01568628 0.02745098]  [0.02745098 0.01568628 0.02745098]  ...  [0.08627451 0.07058824 0.0627451 ]  [0.08235294 0.06666667 0.05882353]  [0.08235294 0.06666667 0.05882353]] [[0.02745098 0.01568628 0.02745098]  [0.02745098 0.01568628 0.02745098]  [0.02745098 0.01568628 0.02745098]  ...  [0.08627451 0.07058824 0.05882353]  [0.08235294 0.06666667 0.05882353]  [0.08235294 0.06666667 0.05882353]] [[0.02745098 0.01568628 0.02745098]  [0.02745098 0.01568628 0.02745098]  [0.02745098 0.01568628 0.02745098]  ...  [0.08235294 0.07058824 0.05882353]  [0.08235294 0.06666667 0.05882353]  [0.08235294 0.06666667 0.05882353]]]",2.4985529238474555,50904,/home/amos/media/tv/The X-Files S01-S11 BluRay 10Bit 1080p Dts-HDMa5 1 HEVC-d3g/The X-Files S08 br 10bit dts hevc-d3g/The.X-Files.S08E07.Via.Negativa.1080p.BluRay.10Bit.Dts-HDMa5.1.HEVC-d3g.mkv535,1080,1920,1,66,237,111,66,7695,0.004,"[[[0.01960784 0.01176471 0.02352941]  [0.01960784 0.01176471 0.02352941]  [0.01960784 0.01176471 0.02352941]  ...  [0.09019608 0.07843138 0.05882353]  [0.09019608 0.07843138 0.05882353]  [0.09019608 0.07843138 0.05882353]] [[0.01960784 0.01176471 0.02352941]  [0.01960784 0.01176471 0.02352941]  [0.01960784 0.01176471 0.02352941]  ...  [0.09019608 0.07843138 0.05882353]  [0.09019608 0.07843138 0.05882353]  [0.09019608 0.07843138 0.05882353]] [[0.01960784 0.01176471 0.02352941]  [0.01960784 0.01176471 0.02352941]  [0.01960784 0.01176471 0.02352941]  ...  [0.09019608 0.07843138 0.05882353]  [0.09019608 0.07843138 0.05882353]  [0.09019608 0.07843138 0.05882353]] ... [[0.02745098 0.01176471 0.02745098]  [0.02745098 0.01176471 0.02745098]  [0.02745098 0.01176471 0.02745098]  ...  [0.10588235 0.09803922 0.07843138]  [0.10588235 0.09803922 0.07843138]  [0.10588235 0.09803922 0.07843138]] [[0.02745098 0.01176471 0.02745098]  [0.02745098 0.01176471 0.02745098]  [0.02745098 0.01176471 0.02745098]  ...  [0.10588235 0.09803922 0.07843138]  [0.10588235 0.09803922 0.07843138]  [0.10588235 0.09803922 0.07843138]] [[0.02745098 0.01176471 0.02745098]  [0.02745098 0.01176471 0.02745098]  [0.02745098 0.01176471 0.02745098]  ...  [0.10588235 0.09803922 0.07843138]  [0.10588235 0.09803922 0.07843138]  [0.10588235 0.09803922 0.07843138]]]",1.5605199502897449,50904,/home/amos/media/tv/The X-Files S01-S11 BluRay 10Bit 1080p Dts-HDMa5 1 HEVC-d3g/The X-Files S08 br 10bit dts hevc-d3g/The.X-Files.S08E07.Via.Negativa.1080p.BluRay.10Bit.Dts-HDMa5.1.HEVC-d3g.mkv536,1080,1920,2,70,262,113,70,8256,0.004,"[[[0.02352941 0.01568628 0.02745098]  [0.02352941 0.01568628 0.02745098]  [0.02352941 0.01568628 0.02745098]  ...  [0.07450981 0.05882353 0.05490196]  [0.07450981 0.05882353 0.05490196]  [0.07450981 0.05882353 0.05490196]] [[0.02352941 0.01568628 0.02745098]  [0.02352941 0.01568628 0.02745098]  [0.02352941 0.01568628 0.02745098]  ...  [0.07450981 0.05882353 0.05490196]  [0.07450981 0.05882353 0.05490196]  [0.07450981 0.05882353 0.05490196]] [[0.02352941 0.01568628 0.02745098]  [0.02352941 0.01568628 0.02745098]  [0.02352941 0.01568628 0.02352941]  ...  [0.07843138 0.0627451  0.05882353]  [0.07450981 0.0627451  0.05882353]  [0.07450981 0.0627451  0.05882353]] ... [[0.03137255 0.01568628 0.02745098]  [0.03137255 0.01568628 0.02745098]  [0.03137255 0.01568628 0.02745098]  ...  [0.10588235 0.09803922 0.08627451]  [0.10588235 0.10196079 0.08627451]  [0.10588235 0.10196079 0.08627451]] [[0.03137255 0.01568628 0.02745098]  [0.03137255 0.01568628 0.02745098]  [0.03137255 0.01568628 0.02745098]  ...  [0.10588235 0.10196079 0.08627451]  [0.10588235 0.10196079 0.08627451]  [0.10588235 0.10196079 0.08627451]] [[0.03137255 0.01568628 0.02745098]  [0.03137255 0.01568628 0.02745098]  [0.03137255 0.01568628 0.02745098]  ...  [0.10588235 0.10196079 0.08627451]  [0.10588235 0.10196079 0.08627451]  [0.10588235 0.10196079 0.08627451]]]",5.32060598192038,50904,/home/amos/media/tv/The X-Files S01-S11 BluRay 10Bit 1080p Dts-HDMa5 1 HEVC-d3g/The X-Files S08 br 10bit dts hevc-d3g/The.X-Files.S08E07.Via.Negativa.1080p.BluRay.10Bit.Dts-HDMa5.1.HEVC-d3g.mkv537,1080,1920,3,65,343,310,65,68110,0.033,"[[[0.14901961 0.14509805 0.13725491]  [0.14901961 0.14509805 0.13725491]  [0.14901961 0.14509805 0.13725491]  ...  [0.08235294 0.06666667 0.0627451 ]  [0.08627451 0.07058824 0.06666667]  [0.08627451 0.07058824 0.06666667]] [[0.14901961 0.14509805 0.13725491]  [0.14901961 0.14509805 0.13725491]  [0.14901961 0.14509805 0.13725491]  ...  [0.08235294 0.06666667 0.0627451 ]  [0.08627451 0.07058824 0.06666667]  [0.08627451 0.07058824 0.06666667]] [[0.14901961 0.14509805 0.13725491]  [0.14901961 0.14509805 0.13725491]  [0.14901961 0.14509805 0.13725491]  ...  [0.08235294 0.06666667 0.0627451 ]  [0.08627451 0.07058824 0.06666667]  [0.08627451 0.07058824 0.06666667]] ... [[0.18039216 0.17254902 0.1882353 ]  [0.18039216 0.17254902 0.1882353 ]  [0.18039216 0.17254902 0.1882353 ]  ...  [0.07450981 0.0627451  0.05882353]  [0.07450981 0.0627451  0.05882353]  [0.07450981 0.0627451  0.05882353]] [[0.18039216 0.17254902 0.1882353 ]  [0.18039216 0.17254902 0.1882353 ]  [0.18039216 0.17254902 0.1882353 ]  ...  [0.07450981 0.0627451  0.05882353]  [0.07450981 0.0627451  0.05882353]  [0.07450981 0.0627451  0.05882353]] [[0.18039216 0.17254902 0.1882353 ]  [0.18039216 0.17254902 0.1882353 ]  [0.18039216 0.17254902 0.1882353 ]  ...  [0.07450981 0.0627451  0.05882353]  [0.07450981 0.0627451  0.05882353]  [0.07450981 0.0627451  0.05882353]]]",4.019934054871555,50904,/home/amos/media/tv/The X-Files S01-S11 BluRay 10Bit 1080p Dts-HDMa5 1 HEVC-d3g/The X-Files S08 br 10bit dts hevc-d3g/The.X-Files.S08E07.Via.Negativa.1080p.BluRay.10Bit.Dts-HDMa5.1.HEVC-d3g.mkv538,1080,1920,4,126,368,702,126,139392,0.067,"[[[0.23921569 0.09803922 0.07843138]  [0.23921569 0.09803922 0.07843138]  [0.24313726 0.10196079 0.08235294]  ...  [0.28627452 0.14509805 0.10980392]  [0.28235295 0.14117648 0.10588235]  [0.2784314  0.13725491 0.10196079]] [[0.23921569 0.09803922 0.07843138]  [0.23921569 0.09803922 0.07843138]  [0.24313726 0.10196079 0.08235294]  ...  [0.28235295 0.14117648 0.10588235]  [0.2784314  0.13725491 0.10196079]  [0.27450982 0.13333334 0.09803922]] [[0.23921569 0.09411765 0.07843138]  [0.23921569 0.09411765 0.07843138]  [0.24313726 0.09803922 0.08235294]  ...  [0.28235295 0.14117648 0.10588235]  [0.27450982 0.13333334 0.09803922]  [0.27058825 0.12941177 0.09411765]] ... [[0.07843138 0.01568628 0.02352941]  [0.07843138 0.01568628 0.02352941]  [0.08235294 0.01960784 0.02745098]  ...  [0.04313726 0.02745098 0.02745098]  [0.03921569 0.02352941 0.02352941]  [0.03921569 0.02352941 0.02352941]] [[0.07450981 0.01176471 0.01960784]  [0.07843138 0.01568628 0.02352941]  [0.08235294 0.01960784 0.02745098]  ...  [0.04313726 0.02745098 0.02745098]  [0.03921569 0.02352941 0.02352941]  [0.03921569 0.02352941 0.02352941]] [[0.07450981 0.01176471 0.01960784]  [0.07843138 0.01568628 0.01960784]  [0.08235294 0.01960784 0.02745098]  ...  [0.04313726 0.02745098 0.02745098]  [0.03921569 0.02352941 0.02352941]  [0.03921569 0.02352941 0.02352941]]]",2.8498980120639317,50904,/home/amos/media/tv/The X-Files S01-S11 BluRay 10Bit 1080p Dts-HDMa5 1 HEVC-d3g/The X-Files S08 br 10bit dts hevc-d3g/The.X-Files.S08E07.Via.Negativa.1080p.BluRay.10Bit.Dts-HDMa5.1.HEVC-d3g.mkv539,1080,1920,5,63,716,120,63,37221,0.018,"[[[0.04313726 0.03137255 0.03137255]  [0.04313726 0.03137255 0.03137255]  [0.04313726 0.03137255 0.03137255]  ...  [0.13333334 0.10588235 0.10588235]  [0.13333334 0.10588235 0.10588235]  [0.13333334 0.10588235 0.10588235]] [[0.04313726 0.03137255 0.03137255]  [0.04313726 0.03137255 0.03137255]  [0.04313726 0.03137255 0.03137255]  ...  [0.13333334 0.10588235 0.10588235]  [0.13333334 0.10588235 0.10588235]  [0.13333334 0.10588235 0.10588235]] [[0.04313726 0.03137255 0.03137255]  [0.04313726 0.03137255 0.03137255]  [0.04313726 0.03137255 0.03137255]  ...  [0.13333334 0.10588235 0.10588235]  [0.13333334 0.10588235 0.10588235]  [0.13333334 0.10588235 0.10588235]] ... [[0.07843138 0.0627451  0.05490196]  [0.07843138 0.0627451  0.05490196]  [0.07843138 0.0627451  0.05490196]  ...  [0.1882353  0.15686275 0.15686275]  [0.1882353  0.15686275 0.16078432]  [0.1882353  0.15686275 0.16078432]] [[0.07843138 0.0627451  0.05490196]  [0.07843138 0.0627451  0.05490196]  [0.07843138 0.0627451  0.05490196]  ...  [0.19215687 0.15686275 0.16078432]  [0.19215687 0.16078432 0.16470589]  [0.19215687 0.16078432 0.16470589]] [[0.07843138 0.0627451  0.05490196]  [0.07843138 0.0627451  0.05490196]  [0.07843138 0.0627451  0.05490196]  ...  [0.1882353  0.16078432 0.16078432]  [0.19215687 0.16078432 0.16470589]  [0.19215687 0.16078432 0.16470589]]]",2.617417018453125,50904,/home/amos/media/tv/The X-Files S01-S11 BluRay 10Bit 1080p Dts-HDMa5 1 HEVC-d3g/The X-Files S08 br 10bit dts hevc-d3g/The.X-Files.S08E07.Via.Negativa.1080p.BluRay.10Bit.Dts-HDMa5.1.HEVC-d3g.mkv540,1080,1920,0,207,102,715,207,53340,0.026,"[[[0.10196079 0.03137255 0.02745098]  [0.10196079 0.03137255 0.02745098]  [0.10196079 0.03137255 0.02745098]  ...  [0.03529412 0.00784314 0.01176471]  [0.03921569 0.01176471 0.01568628]  [0.         0.         0.        ]] [[0.10588235 0.03529412 0.03137255]  [0.10588235 0.03529412 0.03137255]  [0.10588235 0.03529412 0.03137255]  ...  [0.03921569 0.01176471 0.01176471]  [0.03921569 0.01176471 0.01176471]  [0.         0.         0.        ]] [[0.10196079 0.03137255 0.02745098]  [0.10980392 0.03921569 0.03137255]  [0.10980392 0.03921569 0.03529412]  ...  [0.04705882 0.01960784 0.01960784]  [0.04705882 0.01960784 0.01960784]  [0.         0.         0.        ]] ... [[0.2784314  0.16078432 0.13725491]  [0.2784314  0.16078432 0.13725491]  [0.27058825 0.15294118 0.12941177]  ...  [0.14509805 0.10980392 0.09803922]  [0.14117648 0.10588235 0.09411765]  [0.         0.         0.        ]] [[0.25490198 0.13725491 0.11372549]  [0.25882354 0.14117648 0.11764706]  [0.2509804  0.12941177 0.10588235]  ...  [0.14117648 0.10588235 0.09411765]  [0.13725491 0.10196079 0.09019608]  [0.         0.         0.        ]] [[0.         0.         0.        ]  [0.         0.         0.        ]  [0.         0.         0.        ]  ...  [0.         0.         0.        ]  [0.         0.         0.        ]  [0.         0.         0.        ]]]",3.175909032986965,50952,/home/amos/media/tv/The X-Files S01-S11 BluRay 10Bit 1080p Dts-HDMa5 1 HEVC-d3g/The X-Files S08 br 10bit dts hevc-d3g/The.X-Files.S08E07.Via.Negativa.1080p.BluRay.10Bit.Dts-HDMa5.1.HEVC-d3g.mkv541,1080,1920,1,70,358,938,70,249984,0.121,"[[[0.13333334 0.10588235 0.09019608]  [0.13333334 0.10588235 0.09019608]  [0.13333334 0.10588235 0.09019608]  ...  [0.11764706 0.07843138 0.07058824]  [0.11764706 0.07843138 0.07058824]  [0.11764706 0.07843138 0.07058824]] [[0.13333334 0.10588235 0.09019608]  [0.13333334 0.10588235 0.09019608]  [0.13333334 0.10588235 0.09019608]  ...  [0.11764706 0.07843138 0.07058824]  [0.11764706 0.07843138 0.07058824]  [0.11764706 0.07843138 0.07058824]] [[0.12941177 0.10196079 0.08627451]  [0.12941177 0.10196079 0.08627451]  [0.12941177 0.10196079 0.08627451]  ...  [0.11372549 0.07843138 0.07058824]  [0.11372549 0.07843138 0.07058824]  [0.11372549 0.07843138 0.07058824]] ... [[0.12941177 0.10588235 0.09019608]  [0.12941177 0.10588235 0.09019608]  [0.12941177 0.10588235 0.09019608]  ...  [0.04313726 0.01960784 0.00392157]  [0.04313726 0.01960784 0.00784314]  [0.04313726 0.01960784 0.00784314]] [[0.12941177 0.10588235 0.09019608]  [0.12941177 0.10588235 0.09019608]  [0.12941177 0.10588235 0.09019608]  ...  [0.04705882 0.02352941 0.00784314]  [0.04705882 0.02352941 0.00784314]  [0.04705882 0.02352941 0.00784314]] [[0.12941177 0.10588235 0.09019608]  [0.12941177 0.10588235 0.09019608]  [0.12941177 0.10588235 0.09019608]  ...  [0.04705882 0.02352941 0.00784314]  [0.04705882 0.02352941 0.00784314]  [0.04705882 0.02352941 0.00784314]]]",2.5003031326341443,50952,/home/amos/media/tv/The X-Files S01-S11 BluRay 10Bit 1080p Dts-HDMa5 1 HEVC-d3g/The X-Files S08 br 10bit dts hevc-d3g/The.X-Files.S08E07.Via.Negativa.1080p.BluRay.10Bit.Dts-HDMa5.1.HEVC-d3g.mkv542,1080,1920,0,229,86,674,229,63635,0.031,"[[[0.10588235 0.04313726 0.03921569]  [0.09803922 0.03529412 0.03137255]  [0.09803922 0.03529412 0.03137255]  ...  [0.00392157 0.         0.01176471]  [0.00392157 0.         0.01176471]  [0.00392157 0.         0.01176471]] [[0.09803922 0.03529412 0.03137255]  [0.10588235 0.04313726 0.03921569]  [0.10196079 0.03921569 0.03529412]  ...  [0.         0.         0.00784314]  [0.         0.         0.00784314]  [0.         0.         0.00392157]] [[0.08627451 0.02352941 0.01960784]  [0.09411765 0.03137255 0.02745098]  [0.09411765 0.03137255 0.02745098]  ...  [0.         0.         0.00392157]  [0.         0.         0.00392157]  [0.         0.         0.00392157]] ... [[0.19607843 0.08627451 0.07058824]  [0.20392157 0.09411765 0.07843138]  [0.19607843 0.08627451 0.07058824]  ...  [0.12156863 0.09019608 0.07843138]  [0.11372549 0.08235294 0.07058824]  [0.11372549 0.08235294 0.07058824]] [[0.2        0.09019608 0.07450981]  [0.20784314 0.09803922 0.08235294]  [0.20392157 0.09411765 0.07843138]  ...  [0.10196079 0.07058824 0.05882353]  [0.09411765 0.0627451  0.05098039]  [0.09803922 0.06666667 0.05490196]] [[0.20784314 0.09803922 0.08235294]  [0.21568628 0.10588235 0.09019608]  [0.21568628 0.10588235 0.09019608]  ...  [0.10588235 0.07450981 0.0627451 ]  [0.09411765 0.0627451  0.05098039]  [0.09411765 0.0627451  0.05098039]]]",4.0026059646042995,50976,/home/amos/media/tv/The X-Files S01-S11 BluRay 10Bit 1080p Dts-HDMa5 1 HEVC-d3g/The X-Files S08 br 10bit dts hevc-d3g/The.X-Files.S08E07.Via.Negativa.1080p.BluRay.10Bit.Dts-HDMa5.1.HEVC-d3g.mkv543,1080,1920,1,67,410,942,67,300125,0.145,"[[[0.12156863 0.08235294 0.07058824]  [0.12156863 0.08235294 0.07058824]  [0.12156863 0.08235294 0.07058824]  ...  [0.1254902  0.09019608 0.04705882]  [0.1254902  0.09019608 0.04705882]  [0.1254902  0.09019608 0.04705882]] [[0.12156863 0.08235294 0.07058824]  [0.12156863 0.08235294 0.07058824]  [0.12156863 0.08235294 0.07058824]  ...  [0.1254902  0.09019608 0.04705882]  [0.1254902  0.09019608 0.04705882]  [0.1254902  0.09019608 0.04705882]] [[0.12156863 0.08235294 0.07058824]  [0.12156863 0.08235294 0.07058824]  [0.12156863 0.08235294 0.07058824]  ...  [0.12156863 0.08627451 0.04705882]  [0.12156863 0.08627451 0.04705882]  [0.12156863 0.08627451 0.04705882]] ... [[0.10588235 0.07843138 0.07058824]  [0.10588235 0.07843138 0.07058824]  [0.10588235 0.07843138 0.07058824]  ...  [0.04705882 0.01176471 0.02352941]  [0.04313726 0.01176471 0.01960784]  [0.04313726 0.01176471 0.01960784]] [[0.10980392 0.08235294 0.07450981]  [0.10980392 0.08235294 0.07450981]  [0.10980392 0.08235294 0.07450981]  ...  [0.04705882 0.01568628 0.02352941]  [0.04705882 0.01568628 0.02352941]  [0.04705882 0.01568628 0.02352941]] [[0.10980392 0.08235294 0.07450981]  [0.10980392 0.08235294 0.07450981]  [0.10980392 0.08235294 0.07450981]  ...  [0.04705882 0.01568628 0.02352941]  [0.04705882 0.01568628 0.02352941]  [0.04705882 0.01568628 0.02352941]]]",2.513168089266401,50976,/home/amos/media/tv/The X-Files S01-S11 BluRay 10Bit 1080p Dts-HDMa5 1 HEVC-d3g/The X-Files S08 br 10bit dts hevc-d3g/The.X-Files.S08E07.Via.Negativa.1080p.BluRay.10Bit.Dts-HDMa5.1.HEVC-d3g.mkv544,1080,1920,0,99,138,1112,99,39507,0.019,"[[[0.08235294 0.05490196 0.05490196]  [0.08235294 0.05490196 0.05490196]  [0.07843138 0.05098039 0.05098039]  ...  [0.10588235 0.05882353 0.04705882]  [0.10588235 0.05882353 0.04705882]  [0.10588235 0.05882353 0.04705882]] [[0.08235294 0.05490196 0.05490196]  [0.08235294 0.05490196 0.05490196]  [0.07843138 0.05098039 0.05098039]  ...  [0.10588235 0.05882353 0.04705882]  [0.10588235 0.05882353 0.04705882]  [0.10588235 0.05882353 0.04705882]] [[0.08235294 0.05490196 0.05490196]  [0.08235294 0.05490196 0.05490196]  [0.07843138 0.05098039 0.05098039]  ...  [0.10588235 0.05882353 0.04705882]  [0.10588235 0.05882353 0.04705882]  [0.10588235 0.05882353 0.04705882]] ... [[0.08235294 0.0627451  0.05882353]  [0.08235294 0.0627451  0.05882353]  [0.07843138 0.05882353 0.05490196]  ...  [0.1254902  0.07450981 0.05882353]  [0.1254902  0.07450981 0.05882353]  [0.1254902  0.07450981 0.05882353]] [[0.08235294 0.0627451  0.05882353]  [0.08235294 0.0627451  0.05882353]  [0.07843138 0.05882353 0.05490196]  ...  [0.1254902  0.07450981 0.0627451 ]  [0.1254902  0.07450981 0.05882353]  [0.1254902  0.07450981 0.05882353]] [[0.08235294 0.0627451  0.05882353]  [0.08235294 0.0627451  0.05882353]  [0.07843138 0.05882353 0.05490196]  ...  [0.1254902  0.07450981 0.0627451 ]  [0.1254902  0.07450981 0.05882353]  [0.1254902  0.07450981 0.05882353]]]",5.82393219525693,51192,/home/amos/media/tv/The X-Files S01-S11 BluRay 10Bit 1080p Dts-HDMa5 1 HEVC-d3g/The X-Files S08 br 10bit dts hevc-d3g/The.X-Files.S08E07.Via.Negativa.1080p.BluRay.10Bit.Dts-HDMa5.1.HEVC-d3g.mkv545,1080,1920,0,72,366,953,72,259014,0.125,"[[[0.1254902  0.09019608 0.07843138]  [0.1254902  0.09019608 0.07843138]  [0.1254902  0.09019608 0.07843138]  ...  [0.12941177 0.09019608 0.07450981]  [0.12941177 0.09019608 0.07450981]  [0.12941177 0.09019608 0.07450981]] [[0.1254902  0.09019608 0.07843138]  [0.1254902  0.09019608 0.07843138]  [0.1254902  0.09019608 0.07843138]  ...  [0.12941177 0.09019608 0.07450981]  [0.12941177 0.09019608 0.07450981]  [0.12941177 0.09019608 0.07450981]] [[0.1254902  0.09019608 0.07843138]  [0.1254902  0.09019608 0.07843138]  [0.1254902  0.09019608 0.07843138]  ...  [0.12941177 0.09019608 0.07843138]  [0.1254902  0.09019608 0.07450981]  [0.1254902  0.09019608 0.07450981]] ... [[0.13333334 0.09803922 0.08627451]  [0.13333334 0.09803922 0.08627451]  [0.13333334 0.09803922 0.08627451]  ...  [0.03529412 0.01176471 0.01568628]  [0.03529412 0.01176471 0.01176471]  [0.03529412 0.01176471 0.01176471]] [[0.13333334 0.09803922 0.08627451]  [0.13333334 0.09803922 0.08627451]  [0.13333334 0.09803922 0.08627451]  ...  [0.04313726 0.01568628 0.01960784]  [0.04313726 0.01568628 0.01960784]  [0.04313726 0.01568628 0.01960784]] [[0.13333334 0.09803922 0.08627451]  [0.13333334 0.09803922 0.08627451]  [0.13333334 0.09803922 0.08627451]  ...  [0.04313726 0.01568628 0.01960784]  [0.04313726 0.01568628 0.01960784]  [0.04313726 0.01568628 0.01960784]]]",3.3837370753171854,51216,/home/amos/media/tv/The X-Files S01-S11 BluRay 10Bit 1080p Dts-HDMa5 1 HEVC-d3g/The X-Files S08 br 10bit dts hevc-d3g/The.X-Files.S08E07.Via.Negativa.1080p.BluRay.10Bit.Dts-HDMa5.1.HEVC-d3g.mkv546,1080,1920,0,80,270,800,80,136800,0.066,"[[[0.17254902 0.05882353 0.05882353]  [0.17254902 0.05882353 0.05882353]  [0.1764706  0.0627451  0.0627451 ]  ...  [0.24313726 0.12156863 0.10588235]  [0.23529412 0.11764706 0.09803922]  [0.23529412 0.11764706 0.09803922]] [[0.17254902 0.05882353 0.05882353]  [0.17254902 0.05882353 0.05882353]  [0.1764706  0.0627451  0.0627451 ]  ...  [0.23921569 0.12156863 0.10196079]  [0.23529412 0.11764706 0.09803922]  [0.23529412 0.11764706 0.09803922]] [[0.16862746 0.05882353 0.05490196]  [0.17254902 0.05882353 0.05490196]  [0.1764706  0.0627451  0.0627451 ]  ...  [0.23529412 0.12156863 0.10196079]  [0.22745098 0.11372549 0.09411765]  [0.22745098 0.11372549 0.09411765]] ... [[0.3529412  0.2        0.18039216]  [0.3529412  0.2        0.18039216]  [0.35686275 0.20392157 0.18431373]  ...  [0.14509805 0.09019608 0.05490196]  [0.14509805 0.09019608 0.05490196]  [0.14509805 0.09019608 0.05490196]] [[0.35686275 0.20392157 0.18431373]  [0.35686275 0.20392157 0.18431373]  [0.35686275 0.20392157 0.18431373]  ...  [0.14509805 0.09019608 0.05490196]  [0.14509805 0.09019608 0.05490196]  [0.14509805 0.09019608 0.05490196]] [[0.35686275 0.20392157 0.18431373]  [0.35686275 0.20392157 0.18431373]  [0.35686275 0.20392157 0.18431373]  ...  [0.14509805 0.09019608 0.05098039]  [0.14509805 0.09019608 0.05490196]  [0.14509805 0.09019608 0.05490196]]]",2.2596231887000613,51240,/home/amos/media/tv/The X-Files S01-S11 BluRay 10Bit 1080p Dts-HDMa5 1 HEVC-d3g/The X-Files S08 br 10bit dts hevc-d3g/The.X-Files.S08E07.Via.Negativa.1080p.BluRay.10Bit.Dts-HDMa5.1.HEVC-d3g.mkv547,1080,1920,1,73,366,952,73,257547,0.124,"[[[0.12941177 0.09411765 0.08235294]  [0.12941177 0.09411765 0.08235294]  [0.12941177 0.09411765 0.08235294]  ...  [0.14117648 0.09803922 0.09411765]  [0.13725491 0.09803922 0.09411765]  [0.13725491 0.09803922 0.09411765]] [[0.12941177 0.09411765 0.08235294]  [0.12941177 0.09411765 0.08235294]  [0.12941177 0.09411765 0.08235294]  ...  [0.13725491 0.09803922 0.09411765]  [0.13725491 0.09803922 0.09411765]  [0.13725491 0.09803922 0.09411765]] [[0.12941177 0.09411765 0.08235294]  [0.12941177 0.09411765 0.08235294]  [0.12941177 0.09411765 0.08235294]  ...  [0.13725491 0.09803922 0.09411765]  [0.13333334 0.09411765 0.09019608]  [0.13333334 0.09411765 0.09019608]] ... [[0.12941177 0.09411765 0.08235294]  [0.12941177 0.09411765 0.08235294]  [0.12941177 0.09411765 0.08235294]  ...  [0.0627451  0.03529412 0.03137255]  [0.05882353 0.03137255 0.02745098]  [0.05882353 0.03137255 0.02745098]] [[0.12941177 0.09411765 0.08235294]  [0.12941177 0.09411765 0.08235294]  [0.12941177 0.09411765 0.08235294]  ...  [0.06666667 0.03921569 0.03529412]  [0.06666667 0.03529412 0.03137255]  [0.06666667 0.03529412 0.03137255]] [[0.12941177 0.09411765 0.08235294]  [0.12941177 0.09411765 0.08235294]  [0.12941177 0.09411765 0.08235294]  ...  [0.06666667 0.03529412 0.03137255]  [0.06666667 0.03529412 0.03137255]  [0.06666667 0.03529412 0.03137255]]]",3.678078065800946,51240,/home/amos/media/tv/The X-Files S01-S11 BluRay 10Bit 1080p Dts-HDMa5 1 HEVC-d3g/The X-Files S08 br 10bit dts hevc-d3g/The.X-Files.S08E07.Via.Negativa.1080p.BluRay.10Bit.Dts-HDMa5.1.HEVC-d3g.mkv548,1080,1920,0,354,113,560,354,49646,0.024,"[[[0.00784314 0.         0.00784314]  [0.00784314 0.         0.00784314]  [0.00784314 0.         0.00784314]  ...  [0.00392157 0.         0.        ]  [0.00784314 0.         0.        ]  [0.01176471 0.         0.        ]] [[0.00784314 0.         0.00784314]  [0.00784314 0.         0.00784314]  [0.00784314 0.         0.00784314]  ...  [0.01960784 0.         0.        ]  [0.01568628 0.         0.        ]  [0.01568628 0.         0.        ]] [[0.00784314 0.         0.00784314]  [0.00784314 0.         0.00784314]  [0.01176471 0.         0.00784314]  ...  [0.03137255 0.00784314 0.00784314]  [0.03529412 0.00784314 0.01176471]  [0.03137255 0.00392157 0.00784314]] ... [[0.02352941 0.00784314 0.02352941]  [0.02352941 0.00392157 0.01960784]  [0.01960784 0.         0.01568628]  ...  [0.2784314  0.22352941 0.19607843]  [0.2784314  0.22352941 0.19607843]  [0.25490198 0.20784314 0.18431373]] [[0.01960784 0.00784314 0.02352941]  [0.01960784 0.00784314 0.01960784]  [0.02745098 0.01176471 0.02352941]  ...  [0.24705882 0.19607843 0.16862746]  [0.2509804  0.2        0.17254902]  [0.22352941 0.17254902 0.14901961]] [[0.01960784 0.00392157 0.02352941]  [0.01960784 0.00392157 0.01960784]  [0.02745098 0.00784314 0.02352941]  ...  [0.19215687 0.14117648 0.11764706]  [0.19215687 0.14509805 0.12156863]  [0.1882353  0.14117648 0.12156863]]]",5.069907028868329,51312,/home/amos/media/tv/The X-Files S01-S11 BluRay 10Bit 1080p Dts-HDMa5 1 HEVC-d3g/The X-Files S08 br 10bit dts hevc-d3g/The.X-Files.S08E07.Via.Negativa.1080p.BluRay.10Bit.Dts-HDMa5.1.HEVC-d3g.mkv549,1080,1920,1,73,367,952,73,258426,0.125,"[[[0.1254902  0.09803922 0.08235294]  [0.1254902  0.09803922 0.08235294]  [0.1254902  0.09803922 0.08235294]  ...  [0.12156863 0.09803922 0.07843138]  [0.12156863 0.09803922 0.07843138]  [0.12156863 0.09803922 0.07843138]] [[0.1254902  0.09803922 0.08235294]  [0.1254902  0.09803922 0.08235294]  [0.1254902  0.09803922 0.08235294]  ...  [0.12156863 0.09803922 0.07843138]  [0.12156863 0.09803922 0.07843138]  [0.12156863 0.09803922 0.07843138]] [[0.1254902  0.09803922 0.08235294]  [0.1254902  0.09803922 0.08235294]  [0.1254902  0.09803922 0.08235294]  ...  [0.11764706 0.09411765 0.07450981]  [0.11764706 0.09411765 0.07450981]  [0.11764706 0.09411765 0.07450981]] ... [[0.1254902  0.09019608 0.07450981]  [0.1254902  0.09019608 0.07450981]  [0.1254902  0.09019608 0.07843138]  ...  [0.06666667 0.02745098 0.02745098]  [0.0627451  0.02745098 0.02745098]  [0.0627451  0.02745098 0.02745098]] [[0.1254902  0.09019608 0.07843138]  [0.1254902  0.09019608 0.07843138]  [0.12941177 0.09411765 0.07843138]  ...  [0.07058824 0.03529412 0.03529412]  [0.07058824 0.03137255 0.03137255]  [0.07058824 0.03137255 0.03137255]] [[0.1254902  0.09019608 0.07843138]  [0.1254902  0.09019608 0.07843138]  [0.1254902  0.09019608 0.07843138]  ...  [0.07450981 0.03137255 0.03137255]  [0.07058824 0.03137255 0.03137255]  [0.07058824 0.03137255 0.03137255]]]",2.048601120186504,51312,/home/amos/media/tv/The X-Files S01-S11 BluRay 10Bit 1080p Dts-HDMa5 1 HEVC-d3g/The X-Files S08 br 10bit dts hevc-d3g/The.X-Files.S08E07.Via.Negativa.1080p.BluRay.10Bit.Dts-HDMa5.1.HEVC-d3g.mkv550,1080,1920,2,65,421,960,65,318620,0.154,"[[[0.11764706 0.08627451 0.07450981]  [0.11764706 0.08627451 0.07450981]  [0.11764706 0.08627451 0.07450981]  ...  [0.11372549 0.07058824 0.05882353]  [0.11372549 0.07058824 0.05882353]  [0.11372549 0.07058824 0.05882353]] [[0.11764706 0.08627451 0.07450981]  [0.11764706 0.08627451 0.07450981]  [0.11764706 0.08627451 0.07450981]  ...  [0.11372549 0.07058824 0.05882353]  [0.11372549 0.07058824 0.05882353]  [0.11372549 0.07058824 0.05882353]] [[0.11764706 0.08627451 0.07450981]  [0.11764706 0.08627451 0.07450981]  [0.11764706 0.08627451 0.07450981]  ...  [0.10980392 0.06666667 0.05490196]  [0.10980392 0.06666667 0.05490196]  [0.10980392 0.06666667 0.05490196]] ... [[0.09803922 0.06666667 0.0627451 ]  [0.09803922 0.06666667 0.0627451 ]  [0.09411765 0.0627451  0.05882353]  ...  [0.02745098 0.00392157 0.01960784]  [0.02745098 0.00784314 0.02352941]  [0.02745098 0.00784314 0.02352941]] [[0.09803922 0.06666667 0.0627451 ]  [0.09803922 0.06666667 0.0627451 ]  [0.09803922 0.06666667 0.0627451 ]  ...  [0.02745098 0.00392157 0.01960784]  [0.03137255 0.00784314 0.02352941]  [0.03137255 0.00784314 0.02352941]] [[0.09803922 0.06666667 0.0627451 ]  [0.09803922 0.06666667 0.0627451 ]  [0.09803922 0.06666667 0.0627451 ]  ...  [0.02745098 0.00392157 0.01960784]  [0.03137255 0.00784314 0.02352941]  [0.03137255 0.00784314 0.02352941]]]",2.7816839432925917,51312,/home/amos/media/tv/The X-Files S01-S11 BluRay 10Bit 1080p Dts-HDMa5 1 HEVC-d3g/The X-Files S08 br 10bit dts hevc-d3g/The.X-Files.S08E07.Via.Negativa.1080p.BluRay.10Bit.Dts-HDMa5.1.HEVC-d3g.mkv551,1080,1920,0,74,366,953,74,256668,0.124,"[[[0.13333334 0.09411765 0.09019608]  [0.13333334 0.09411765 0.09019608]  [0.13333334 0.09411765 0.09019608]  ...  [0.13725491 0.09411765 0.07058824]  [0.14117648 0.09411765 0.07058824]  [0.14117648 0.09411765 0.07058824]] [[0.13333334 0.09411765 0.09019608]  [0.13333334 0.09411765 0.09019608]  [0.13333334 0.09411765 0.09019608]  ...  [0.13725491 0.09411765 0.07058824]  [0.14117648 0.09411765 0.07058824]  [0.14117648 0.09411765 0.07058824]] [[0.12941177 0.09019608 0.09019608]  [0.12941177 0.09019608 0.09019608]  [0.12941177 0.09019608 0.09019608]  ...  [0.14117648 0.09803922 0.07450981]  [0.14509805 0.09411765 0.07450981]  [0.14509805 0.09411765 0.07450981]] ... [[0.13725491 0.10588235 0.09803922]  [0.13725491 0.10588235 0.09803922]  [0.13333334 0.10196079 0.09803922]  ...  [0.07058824 0.03137255 0.02352941]  [0.06666667 0.03137255 0.02352941]  [0.06666667 0.03137255 0.02352941]] [[0.14117648 0.10980392 0.10588235]  [0.14117648 0.10980392 0.10588235]  [0.13725491 0.10588235 0.10196079]  ...  [0.07058824 0.03529412 0.02352941]  [0.06666667 0.03137255 0.01960784]  [0.06666667 0.03137255 0.01960784]] [[0.14117648 0.10980392 0.10588235]  [0.14117648 0.10980392 0.10588235]  [0.13725491 0.10588235 0.10196079]  ...  [0.07058824 0.03529412 0.02352941]  [0.06666667 0.03137255 0.01960784]  [0.06666667 0.03137255 0.01960784]]]",1.1166550733032636,51336,/home/amos/media/tv/The X-Files S01-S11 BluRay 10Bit 1080p Dts-HDMa5 1 HEVC-d3g/The X-Files S08 br 10bit dts hevc-d3g/The.X-Files.S08E07.Via.Negativa.1080p.BluRay.10Bit.Dts-HDMa5.1.HEVC-d3g.mkv552,1080,1920,1,67,421,959,67,315768,0.152,"[[[0.1254902  0.09019608 0.08627451]  [0.1254902  0.09019608 0.08627451]  [0.1254902  0.09019608 0.08627451]  ...  [0.1254902  0.09803922 0.08235294]  [0.1254902  0.09803922 0.08235294]  [0.1254902  0.09803922 0.08235294]] [[0.1254902  0.09019608 0.08627451]  [0.1254902  0.09019608 0.08627451]  [0.1254902  0.09019608 0.08627451]  ...  [0.1254902  0.09803922 0.08235294]  [0.1254902  0.09803922 0.08235294]  [0.1254902  0.09803922 0.08235294]] [[0.1254902  0.09019608 0.08627451]  [0.1254902  0.09019608 0.08627451]  [0.1254902  0.09019608 0.08627451]  ...  [0.12156863 0.09411765 0.07843138]  [0.12156863 0.09411765 0.07843138]  [0.12156863 0.09411765 0.07843138]] ... [[0.10588235 0.07843138 0.07058824]  [0.10588235 0.07843138 0.07058824]  [0.10588235 0.07843138 0.07058824]  ...  [0.02352941 0.         0.00784314]  [0.02745098 0.         0.01176471]  [0.02745098 0.         0.01176471]] [[0.10980392 0.07843138 0.07058824]  [0.10980392 0.07843138 0.07058824]  [0.10980392 0.07843138 0.07058824]  ...  [0.02352941 0.         0.00784314]  [0.02745098 0.         0.01176471]  [0.02745098 0.         0.01176471]] [[0.10980392 0.07843138 0.07058824]  [0.10980392 0.07843138 0.07058824]  [0.10980392 0.07843138 0.07058824]  ...  [0.02352941 0.         0.00784314]  [0.02745098 0.         0.01176471]  [0.02745098 0.         0.01176471]]]",3.57700000674231,51336,/home/amos/media/tv/The X-Files S01-S11 BluRay 10Bit 1080p Dts-HDMa5 1 HEVC-d3g/The X-Files S08 br 10bit dts hevc-d3g/The.X-Files.S08E07.Via.Negativa.1080p.BluRay.10Bit.Dts-HDMa5.1.HEVC-d3g.mkv553,1080,1920,0,74,280,836,74,156972,0.076,"[[[0.21960784 0.10196079 0.08235294]  [0.21960784 0.10196079 0.08235294]  [0.21568628 0.09803922 0.07843138]  ...  [0.25490198 0.16078432 0.13725491]  [0.2509804  0.15686275 0.13333334]  [0.2509804  0.15686275 0.13333334]] [[0.21960784 0.10196079 0.08235294]  [0.21960784 0.10196079 0.08235294]  [0.21568628 0.09803922 0.07843138]  ...  [0.25490198 0.16078432 0.13725491]  [0.2509804  0.15686275 0.13333334]  [0.2509804  0.15686275 0.13333334]] [[0.21960784 0.10196079 0.08235294]  [0.21960784 0.10196079 0.08235294]  [0.21960784 0.10196079 0.07843138]  ...  [0.25882354 0.16078432 0.13725491]  [0.2509804  0.15294118 0.12941177]  [0.2509804  0.15294118 0.12941177]] ... [[0.38039216 0.21960784 0.19215687]  [0.38039216 0.21960784 0.19215687]  [0.3764706  0.21568628 0.1882353 ]  ...  [0.32941177 0.2509804  0.21176471]  [0.33333334 0.25490198 0.21568628]  [0.33333334 0.25490198 0.21568628]] [[0.38431373 0.22352941 0.19607843]  [0.38431373 0.22352941 0.19607843]  [0.38039216 0.21568628 0.1882353 ]  ...  [0.33333334 0.25490198 0.21176471]  [0.3372549  0.25882354 0.21568628]  [0.3372549  0.25882354 0.21568628]] [[0.38431373 0.22352941 0.19607843]  [0.38431373 0.22352941 0.19607843]  [0.38039216 0.21960784 0.19215687]  ...  [0.33333334 0.25490198 0.21176471]  [0.3372549  0.25882354 0.21568628]  [0.3372549  0.25882354 0.21568628]]]",3.751888048078399,51360,/home/amos/media/tv/The X-Files S01-S11 BluRay 10Bit 1080p Dts-HDMa5 1 HEVC-d3g/The X-Files S08 br 10bit dts hevc-d3g/The.X-Files.S08E07.Via.Negativa.1080p.BluRay.10Bit.Dts-HDMa5.1.HEVC-d3g.mkv554,1080,1920,1,71,367,954,71,261368,0.126,"[[[0.14509805 0.10980392 0.09803922]  [0.14509805 0.10980392 0.09803922]  [0.14509805 0.10980392 0.09803922]  ...  [0.14117648 0.10196079 0.09411765]  [0.14117648 0.10196079 0.09411765]  [0.         0.         0.        ]] [[0.14509805 0.10980392 0.09803922]  [0.14509805 0.10980392 0.09803922]  [0.14509805 0.10980392 0.09803922]  ...  [0.14117648 0.10196079 0.09411765]  [0.14117648 0.10196079 0.09411765]  [0.         0.         0.        ]] [[0.14117648 0.10588235 0.09411765]  [0.14117648 0.10588235 0.09411765]  [0.14509805 0.10588235 0.09803922]  ...  [0.14117648 0.10196079 0.09411765]  [0.14117648 0.10196079 0.09411765]  [0.         0.         0.        ]] ... [[0.1254902  0.09411765 0.09019608]  [0.1254902  0.09411765 0.09019608]  [0.1254902  0.09411765 0.09019608]  ...  [0.04705882 0.01960784 0.02352941]  [0.04705882 0.01960784 0.02352941]  [0.         0.         0.        ]] [[0.1254902  0.09411765 0.09019608]  [0.1254902  0.09411765 0.09019608]  [0.1254902  0.09411765 0.09019608]  ...  [0.04705882 0.01960784 0.02352941]  [0.04705882 0.01960784 0.02352941]  [0.         0.         0.        ]] [[0.         0.         0.        ]  [0.         0.         0.        ]  [0.         0.         0.        ]  ...  [0.         0.         0.        ]  [0.         0.         0.        ]  [0.         0.         0.        ]]]",2.318346115935128,51360,/home/amos/media/tv/The X-Files S01-S11 BluRay 10Bit 1080p Dts-HDMa5 1 HEVC-d3g/The X-Files S08 br 10bit dts hevc-d3g/The.X-Files.S08E07.Via.Negativa.1080p.BluRay.10Bit.Dts-HDMa5.1.HEVC-d3g.mkv555,1080,1920,0,84,304,947,84,189860,0.092,"[[[0.23137255 0.10588235 0.09803922]  [0.23137255 0.10588235 0.09803922]  [0.22352941 0.10196079 0.09411765]  ...  [0.0627451  0.00784314 0.00784314]  [0.05490196 0.00392157 0.        ]  [0.05490196 0.00392157 0.        ]] [[0.23137255 0.10588235 0.09803922]  [0.22745098 0.10196079 0.09803922]  [0.22352941 0.10196079 0.09411765]  ...  [0.06666667 0.00784314 0.00784314]  [0.05490196 0.00392157 0.        ]  [0.05490196 0.00392157 0.        ]] [[0.22745098 0.09803922 0.09019608]  [0.22352941 0.09803922 0.09019608]  [0.21960784 0.09411765 0.09019608]  ...  [0.07058824 0.01568628 0.01176471]  [0.05882353 0.00784314 0.00392157]  [0.05882353 0.00784314 0.00392157]] ... [[0.38431373 0.22745098 0.20392157]  [0.38431373 0.22745098 0.20392157]  [0.39215687 0.23529412 0.21176471]  ...  [0.05882353 0.02352941 0.02352941]  [0.06666667 0.02745098 0.02352941]  [0.06666667 0.02745098 0.02745098]] [[0.3882353  0.23137255 0.20784314]  [0.3882353  0.23137255 0.20784314]  [0.39607844 0.23921569 0.21568628]  ...  [0.06666667 0.02745098 0.02745098]  [0.07058824 0.03137255 0.03137255]  [0.07450981 0.03529412 0.03137255]] [[0.3882353  0.23137255 0.20784314]  [0.3882353  0.23137255 0.20784314]  [0.39607844 0.23921569 0.21568628]  ...  [0.06666667 0.02745098 0.02745098]  [0.07450981 0.03529412 0.03137255]  [0.07450981 0.03529412 0.03137255]]]",2.284004003216978,51384,/home/amos/media/tv/The X-Files S01-S11 BluRay 10Bit 1080p Dts-HDMa5 1 HEVC-d3g/The X-Files S08 br 10bit dts hevc-d3g/The.X-Files.S08E07.Via.Negativa.1080p.BluRay.10Bit.Dts-HDMa5.1.HEVC-d3g.mkv556,1080,1920,0,488,130,848,488,128880,0.062,"[[[0.16470589 0.11764706 0.07843138]  [0.14509805 0.09803922 0.05882353]  [0.15686275 0.10980392 0.07058824]  ...  [0.16470589 0.11764706 0.08235294]  [0.15686275 0.11372549 0.07843138]  [0.16078432 0.11372549 0.07843138]] [[0.16862746 0.12156863 0.08235294]  [0.16078432 0.11372549 0.07450981]  [0.16470589 0.11764706 0.07843138]  ...  [0.15294118 0.10588235 0.07058824]  [0.15686275 0.10980392 0.07450981]  [0.15686275 0.10980392 0.07450981]] [[0.16078432 0.11372549 0.07450981]  [0.16078432 0.11372549 0.07450981]  [0.14901961 0.10196079 0.0627451 ]  ...  [0.16078432 0.11372549 0.07843138]  [0.16078432 0.11372549 0.07843138]  [0.15686275 0.11372549 0.07843138]] ... [[0.06666667 0.05490196 0.05882353]  [0.05490196 0.04313726 0.04705882]  [0.06666667 0.05490196 0.05882353]  ...  [0.1764706  0.12941177 0.09803922]  [0.17254902 0.1254902  0.08235294]  [0.16862746 0.12156863 0.07058824]] [[0.07058824 0.05882353 0.0627451 ]  [0.07058824 0.0627451  0.06666667]  [0.07058824 0.05882353 0.0627451 ]  ...  [0.16862746 0.12156863 0.09019608]  [0.17254902 0.1254902  0.08235294]  [0.17254902 0.1254902  0.07450981]] [[0.07450981 0.0627451  0.06666667]  [0.06666667 0.05490196 0.05882353]  [0.05882353 0.04705882 0.05098039]  ...  [0.16470589 0.11372549 0.08235294]  [0.17254902 0.1254902  0.08235294]  [0.1764706  0.12941177 0.07843138]]]",4.389592158200685,52152,/home/amos/media/tv/The X-Files S01-S11 BluRay 10Bit 1080p Dts-HDMa5 1 HEVC-d3g/The X-Files S08 br 10bit dts hevc-d3g/The.X-Files.S08E07.Via.Negativa.1080p.BluRay.10Bit.Dts-HDMa5.1.HEVC-d3g.mkv557,1080,1920,0,451,155,741,451,85840,0.041,"[[[0.16078432 0.11372549 0.07843138]  [0.16862746 0.12156863 0.08627451]  [0.16862746 0.12156863 0.08627451]  ...  [0.11764706 0.07450981 0.0627451 ]  [0.13725491 0.09019608 0.07843138]  [0.14509805 0.09803922 0.08627451]] [[0.16470589 0.11764706 0.08235294]  [0.16470589 0.11764706 0.08235294]  [0.16862746 0.12156863 0.08627451]  ...  [0.10980392 0.0627451  0.05098039]  [0.12941177 0.08235294 0.07058824]  [0.15294118 0.10588235 0.09411765]] [[0.16862746 0.12156863 0.08627451]  [0.16078432 0.11372549 0.07843138]  [0.16470589 0.11764706 0.08235294]  ...  [0.09019608 0.04313726 0.03137255]  [0.11764706 0.07058824 0.05882353]  [0.14901961 0.10196079 0.08627451]] ... [[0.17254902 0.1254902  0.09019608]  [0.17254902 0.1254902  0.09019608]  [0.17254902 0.1254902  0.09019608]  ...  [0.14901961 0.09803922 0.07058824]  [0.15294118 0.10196079 0.07450981]  [0.15294118 0.10196079 0.07843138]] [[0.16862746 0.1254902  0.09019608]  [0.16862746 0.1254902  0.09019608]  [0.16862746 0.1254902  0.09019608]  ...  [0.14509805 0.09411765 0.07058824]  [0.15294118 0.10196079 0.07843138]  [0.15294118 0.10196079 0.07843138]] [[0.16862746 0.12941177 0.09019608]  [0.17254902 0.13333334 0.09803922]  [0.16862746 0.12941177 0.09019608]  ...  [0.15294118 0.10196079 0.07843138]  [0.15686275 0.10588235 0.08235294]  [0.15686275 0.10588235 0.08235294]]]",4.2736870449152775,52176,/home/amos/media/tv/The X-Files S01-S11 BluRay 10Bit 1080p Dts-HDMa5 1 HEVC-d3g/The X-Files S08 br 10bit dts hevc-d3g/The.X-Files.S08E07.Via.Negativa.1080p.BluRay.10Bit.Dts-HDMa5.1.HEVC-d3g.mkv558,1080,1920,0,510,154,634,510,44144,0.021,"[[[0.02745098 0.01176471 0.02745098]  [0.02352941 0.00392157 0.02352941]  [0.02745098 0.00784314 0.02745098]  ...  [0.16470589 0.11372549 0.09019608]  [0.14509805 0.09411765 0.07058824]  [0.15686275 0.10588235 0.08235294]] [[0.03529412 0.01568628 0.03529412]  [0.01960784 0.         0.01960784]  [0.03137255 0.01176471 0.03137255]  ...  [0.16862746 0.11764706 0.09411765]  [0.14509805 0.09411765 0.07058824]  [0.15686275 0.10588235 0.08235294]] [[0.03137255 0.01176471 0.03137255]  [0.02745098 0.00784314 0.02745098]  [0.02745098 0.00392157 0.02352941]  ...  [0.16862746 0.11764706 0.09411765]  [0.14901961 0.09803922 0.07450981]  [0.15686275 0.10588235 0.08235294]] ... [[0.16470589 0.12156863 0.08627451]  [0.15686275 0.11372549 0.07843138]  [0.16078432 0.10980392 0.08235294]  ...  [0.03529412 0.01960784 0.01568628]  [0.03529412 0.01960784 0.01568628]  [0.04313726 0.02352941 0.01960784]] [[0.15686275 0.11372549 0.07843138]  [0.16862746 0.1254902  0.09019608]  [0.18431373 0.13333334 0.10980392]  ...  [0.01960784 0.01176471 0.00392157]  [0.02352941 0.01568628 0.00784314]  [0.02745098 0.01960784 0.01176471]] [[0.16078432 0.12156863 0.08235294]  [0.15686275 0.11764706 0.08235294]  [0.16078432 0.11764706 0.08627451]  ...  [0.01176471 0.         0.        ]  [0.01960784 0.00784314 0.00392157]  [0.02745098 0.01568628 0.01176471]]]",4.880614037625492,52200,/home/amos/media/tv/The X-Files S01-S11 BluRay 10Bit 1080p Dts-HDMa5 1 HEVC-d3g/The X-Files S08 br 10bit dts hevc-d3g/The.X-Files.S08E07.Via.Negativa.1080p.BluRay.10Bit.Dts-HDMa5.1.HEVC-d3g.mkv559,1080,1920,0,452,160,721,452,78548,0.038,"[[[0.16470589 0.11764706 0.08235294]  [0.16470589 0.11764706 0.08235294]  [0.16470589 0.11764706 0.08235294]  ...  [0.01176471 0.         0.01568628]  [0.01960784 0.00784314 0.02352941]  [0.02352941 0.01176471 0.02745098]] [[0.16470589 0.11764706 0.08235294]  [0.16078432 0.11372549 0.07843138]  [0.15686275 0.10980392 0.07450981]  ...  [0.01960784 0.00784314 0.01960784]  [0.02352941 0.01176471 0.02352941]  [0.01568628 0.00392157 0.01568628]] [[0.14901961 0.10196079 0.06666667]  [0.16078432 0.11372549 0.07843138]  [0.17254902 0.1254902  0.08627451]  ...  [0.01960784 0.00784314 0.01960784]  [0.02352941 0.01176471 0.02352941]  [0.01960784 0.00784314 0.01960784]] ... [[0.16862746 0.12156863 0.08627451]  [0.16862746 0.12156863 0.08627451]  [0.15686275 0.11372549 0.07450981]  ...  [0.03529412 0.02745098 0.04313726]  [0.01568628 0.00784314 0.02745098]  [0.01960784 0.01176471 0.03529412]] [[0.16862746 0.12156863 0.08627451]  [0.15686275 0.10588235 0.07058824]  [0.15686275 0.11372549 0.07843138]  ...  [0.03529412 0.02745098 0.04313726]  [0.02352941 0.01568628 0.03137255]  [0.01960784 0.01960784 0.03529412]] [[0.1764706  0.12941177 0.09411765]  [0.16078432 0.10980392 0.07843138]  [0.15686275 0.10980392 0.07450981]  ...  [0.02745098 0.02352941 0.03921569]  [0.01568628 0.01960784 0.03137255]  [0.01568628 0.01960784 0.03529412]]]",8.103293049556669,52224,/home/amos/media/tv/The X-Files S01-S11 BluRay 10Bit 1080p Dts-HDMa5 1 HEVC-d3g/The X-Files S08 br 10bit dts hevc-d3g/The.X-Files.S08E07.Via.Negativa.1080p.BluRay.10Bit.Dts-HDMa5.1.HEVC-d3g.mkv560,1080,1920,0,414,171,809,414,95985,0.046,"[[[0.15686275 0.10980392 0.07058824]  [0.16862746 0.11764706 0.08235294]  [0.16470589 0.11764706 0.07843138]  ...  [0.02745098 0.01568628 0.03137255]  [0.02352941 0.01176471 0.02745098]  [0.         0.         0.        ]] [[0.15686275 0.10980392 0.07058824]  [0.16078432 0.11372549 0.07450981]  [0.16862746 0.12156863 0.08235294]  ...  [0.02745098 0.01568628 0.03137255]  [0.02352941 0.01176471 0.02745098]  [0.         0.         0.        ]] [[0.15686275 0.10980392 0.07058824]  [0.15686275 0.10980392 0.07058824]  [0.16078432 0.11372549 0.07450981]  ...  [0.02745098 0.01568628 0.03137255]  [0.02745098 0.01568628 0.03137255]  [0.         0.         0.        ]] ... [[0.16078432 0.11372549 0.07843138]  [0.16470589 0.11764706 0.08235294]  [0.14509805 0.09803922 0.0627451 ]  ...  [0.03921569 0.01568628 0.03137255]  [0.03921569 0.01568628 0.03529412]  [0.         0.         0.        ]] [[0.1764706  0.12941177 0.08235294]  [0.16862746 0.12156863 0.07843138]  [0.15294118 0.10588235 0.05882353]  ...  [0.03529412 0.01176471 0.03137255]  [0.03529412 0.01176471 0.03137255]  [0.         0.         0.        ]] [[0.         0.         0.        ]  [0.         0.         0.        ]  [0.         0.         0.        ]  ...  [0.         0.         0.        ]  [0.         0.         0.        ]  [0.         0.         0.        ]]]",7.189091061067302,52248,/home/amos/media/tv/The X-Files S01-S11 BluRay 10Bit 1080p Dts-HDMa5 1 HEVC-d3g/The X-Files S08 br 10bit dts hevc-d3g/The.X-Files.S08E07.Via.Negativa.1080p.BluRay.10Bit.Dts-HDMa5.1.HEVC-d3g.mkv561,1080,1920,0,465,167,820,465,105790,0.051,"[[[0. 0. 0.]  [0. 0. 0.]  [0. 0. 0.]  ...  [0. 0. 0.]  [0. 0. 0.]  [0. 0. 0.]] [[0. 0. 0.]  [0. 0. 0.]  [0. 0. 0.]  ...  [0. 0. 0.]  [0. 0. 0.]  [0. 0. 0.]] [[0. 0. 0.]  [0. 0. 0.]  [0. 0. 0.]  ...  [0. 0. 0.]  [0. 0. 0.]  [0. 0. 0.]] ... [[0. 0. 0.]  [0. 0. 0.]  [0. 0. 0.]  ...  [0. 0. 0.]  [0. 0. 0.]  [0. 0. 0.]] [[0. 0. 0.]  [0. 0. 0.]  [0. 0. 0.]  ...  [0. 0. 0.]  [0. 0. 0.]  [0. 0. 0.]] [[0. 0. 0.]  [0. 0. 0.]  [0. 0. 0.]  ...  [0. 0. 0.]  [0. 0. 0.]  [0. 0. 0.]]]",4.8995001469156705,52368,/home/amos/media/tv/The X-Files S01-S11 BluRay 10Bit 1080p Dts-HDMa5 1 HEVC-d3g/The X-Files S08 br 10bit dts hevc-d3g/The.X-Files.S08E07.Via.Negativa.1080p.BluRay.10Bit.Dts-HDMa5.1.HEVC-d3g.mkv562,1080,1920,0,426,173,824,426,100694,0.049,"[[[0.16470589 0.11764706 0.08235294]  [0.14901961 0.10196079 0.06666667]  [0.15686275 0.10980392 0.07450981]  ...  [0.02745098 0.01568628 0.03137255]  [0.02745098 0.01568628 0.03137255]  [0.01960784 0.01176471 0.02745098]] [[0.16078432 0.11372549 0.07843138]  [0.15294118 0.10588235 0.07058824]  [0.14901961 0.10196079 0.06666667]  ...  [0.03137255 0.01568628 0.03529412]  [0.01960784 0.00784314 0.02352941]  [0.01568628 0.00784314 0.02352941]] [[0.15686275 0.10980392 0.07450981]  [0.16078432 0.11372549 0.07843138]  [0.15686275 0.10980392 0.07450981]  ...  [0.02745098 0.01568628 0.03137255]  [0.02352941 0.01176471 0.02745098]  [0.01960784 0.01176471 0.02745098]] ... [[0.16862746 0.12156863 0.08235294]  [0.16078432 0.11372549 0.07450981]  [0.16078432 0.11372549 0.07450981]  ...  [0.03529412 0.01176471 0.02352941]  [0.03137255 0.00784314 0.01960784]  [0.02745098 0.00784314 0.01960784]] [[0.15686275 0.10980392 0.07058824]  [0.16078432 0.11372549 0.07450981]  [0.16078432 0.11372549 0.07450981]  ...  [0.03137255 0.00784314 0.01960784]  [0.03529412 0.01176471 0.02352941]  [0.03529412 0.01176471 0.02352941]] [[0.15294118 0.10588235 0.06666667]  [0.15686275 0.10980392 0.07058824]  [0.15686275 0.11372549 0.07450981]  ...  [0.03137255 0.00784314 0.01960784]  [0.02352941 0.         0.01176471]  [0.02352941 0.00392157 0.01176471]]]",6.727107004087884,52392,/home/amos/media/tv/The X-Files S01-S11 BluRay 10Bit 1080p Dts-HDMa5 1 HEVC-d3g/The X-Files S08 br 10bit dts hevc-d3g/The.X-Files.S08E07.Via.Negativa.1080p.BluRay.10Bit.Dts-HDMa5.1.HEVC-d3g.mkv563,1080,1920,0,478,152,794,478,103016,0.05,"[[[0.15686275 0.10980392 0.07450981]  [0.16078432 0.11372549 0.07843138]  [0.16078432 0.11372549 0.07843138]  ...  [0.01568628 0.00784314 0.02352941]  [0.01176471 0.00392157 0.01960784]  [0.01568628 0.00784314 0.02352941]] [[0.14901961 0.10196079 0.06666667]  [0.15294118 0.10588235 0.07058824]  [0.14509805 0.09803922 0.0627451 ]  ...  [0.01960784 0.01176471 0.02745098]  [0.02352941 0.01568628 0.03137255]  [0.02352941 0.01568628 0.03137255]] [[0.15294118 0.10588235 0.07058824]  [0.16078432 0.11372549 0.07843138]  [0.15294118 0.10588235 0.07058824]  ...  [0.01960784 0.01176471 0.02745098]  [0.03137255 0.02352941 0.03921569]  [0.02745098 0.01960784 0.03529412]] ... [[0.15294118 0.10588235 0.06666667]  [0.15294118 0.10588235 0.07058824]  [0.16470589 0.11764706 0.07843138]  ...  [0.02745098 0.01176471 0.03137255]  [0.02745098 0.01176471 0.03137255]  [0.02745098 0.01176471 0.03137255]] [[0.15686275 0.10980392 0.07058824]  [0.15294118 0.10588235 0.06666667]  [0.16470589 0.11764706 0.07843138]  ...  [0.02352941 0.01176471 0.02745098]  [0.02745098 0.01568628 0.03137255]  [0.02745098 0.01568628 0.03137255]] [[0.16078432 0.11372549 0.07450981]  [0.15294118 0.10588235 0.06666667]  [0.16470589 0.11764706 0.07843138]  ...  [0.02352941 0.01176471 0.02745098]  [0.02745098 0.01568628 0.03137255]  [0.02745098 0.01568628 0.03137255]]]",2.729378034186084,52416,/home/amos/media/tv/The X-Files S01-S11 BluRay 10Bit 1080p Dts-HDMa5 1 HEVC-d3g/The X-Files S08 br 10bit dts hevc-d3g/The.X-Files.S08E07.Via.Negativa.1080p.BluRay.10Bit.Dts-HDMa5.1.HEVC-d3g.mkv564,1080,1920,0,424,168,793,424,94464,0.046,"[[[0.15686275 0.10980392 0.07450981]  [0.15686275 0.10980392 0.07450981]  [0.15686275 0.10980392 0.07450981]  ...  [0.02352941 0.00392157 0.02352941]  [0.02352941 0.00784314 0.02352941]  [0.01960784 0.00392157 0.02352941]] [[0.16078432 0.11372549 0.07843138]  [0.15686275 0.10980392 0.07450981]  [0.16078432 0.11372549 0.07843138]  ...  [0.02745098 0.01176471 0.02745098]  [0.03137255 0.01568628 0.03137255]  [0.02745098 0.01176471 0.03137255]] [[0.16078432 0.11372549 0.07843138]  [0.16078432 0.11372549 0.07843138]  [0.16078432 0.11372549 0.07843138]  ...  [0.02745098 0.01176471 0.02745098]  [0.03137255 0.01568628 0.03137255]  [0.03529412 0.01960784 0.03529412]] ... [[0.17254902 0.1254902  0.09019608]  [0.15686275 0.10980392 0.07450981]  [0.15686275 0.10980392 0.07450981]  ...  [0.03529412 0.00392157 0.02352941]  [0.03137255 0.00392157 0.02352941]  [0.04313726 0.01960784 0.03529412]] [[0.16078432 0.11372549 0.07843138]  [0.15294118 0.10980392 0.07058824]  [0.15294118 0.10196079 0.06666667]  ...  [0.04313726 0.01176471 0.03137255]  [0.03921569 0.01176471 0.03137255]  [0.03921569 0.01568628 0.03137255]] [[0.16078432 0.10980392 0.07843138]  [0.16862746 0.12156863 0.08627451]  [0.16862746 0.12156863 0.08627451]  ...  [0.04313726 0.01176471 0.03137255]  [0.03921569 0.01568628 0.03529412]  [0.03921569 0.01568628 0.03529412]]]",5.270447965536732,52440,/home/amos/media/tv/The X-Files S01-S11 BluRay 10Bit 1080p Dts-HDMa5 1 HEVC-d3g/The X-Files S08 br 10bit dts hevc-d3g/The.X-Files.S08E07.Via.Negativa.1080p.BluRay.10Bit.Dts-HDMa5.1.HEVC-d3g.mkv565,1080,1920,0,473,156,787,473,99538,0.048,"[[[0.15686275 0.10980392 0.07450981]  [0.15294118 0.10588235 0.07058824]  [0.14901961 0.10196079 0.06666667]  ...  [0.01568628 0.00392157 0.02352941]  [0.01960784 0.01176471 0.02745098]  [0.01568628 0.00784314 0.02352941]] [[0.15294118 0.10196079 0.07058824]  [0.15686275 0.10980392 0.07450981]  [0.16470589 0.11372549 0.08235294]  ...  [0.01960784 0.01176471 0.03137255]  [0.01960784 0.01176471 0.03137255]  [0.02352941 0.01568628 0.03529412]] [[0.15686275 0.10196079 0.07058824]  [0.16078432 0.10588235 0.07450981]  [0.17254902 0.11764706 0.08627451]  ...  [0.01960784 0.01176471 0.03529412]  [0.01960784 0.01176471 0.03529412]  [0.01960784 0.01176471 0.03529412]] ... [[0.18039216 0.13333334 0.09803922]  [0.16862746 0.12156863 0.08627451]  [0.16078432 0.11372549 0.07843138]  ...  [0.03529412 0.01176471 0.02745098]  [0.02745098 0.00392157 0.01960784]  [0.03137255 0.00784314 0.02352941]] [[0.17254902 0.1254902  0.09019608]  [0.16862746 0.12156863 0.08627451]  [0.16470589 0.11764706 0.08235294]  ...  [0.03921569 0.01568628 0.03137255]  [0.03921569 0.01568628 0.03137255]  [0.04313726 0.01960784 0.03529412]] [[0.16862746 0.11764706 0.08235294]  [0.16470589 0.11764706 0.08235294]  [0.16470589 0.11764706 0.08235294]  ...  [0.03529412 0.01176471 0.02745098]  [0.03921569 0.01568628 0.03529412]  [0.04313726 0.01960784 0.03529412]]]",4.227709993487224,52464,/home/amos/media/tv/The X-Files S01-S11 BluRay 10Bit 1080p Dts-HDMa5 1 HEVC-d3g/The X-Files S08 br 10bit dts hevc-d3g/The.X-Files.S08E07.Via.Negativa.1080p.BluRay.10Bit.Dts-HDMa5.1.HEVC-d3g.mkv566,1080,1920,0,468,174,811,468,100842,0.049,"[[[0.14901961 0.10196079 0.06666667]  [0.15294118 0.10588235 0.07058824]  [0.16078432 0.11372549 0.07843138]  ...  [0.01960784 0.01176471 0.02745098]  [0.00784314 0.         0.01568628]  [0.01568628 0.00784314 0.02352941]] [[0.15294118 0.10588235 0.07058824]  [0.16078432 0.10980392 0.07450981]  [0.16078432 0.11372549 0.07843138]  ...  [0.01568628 0.00784314 0.02352941]  [0.01176471 0.00392157 0.01960784]  [0.02352941 0.01568628 0.03137255]] [[0.14509805 0.09803922 0.0627451 ]  [0.16078432 0.11372549 0.07843138]  [0.16078432 0.11372549 0.07843138]  ...  [0.01176471 0.00392157 0.01960784]  [0.01960784 0.01176471 0.02745098]  [0.03137255 0.01960784 0.03529412]] ... [[0.18039216 0.1254902  0.09411765]  [0.1764706  0.11764706 0.08627451]  [0.16470589 0.11372549 0.07843138]  ...  [0.03529412 0.01176471 0.02745098]  [0.03529412 0.01176471 0.02745098]  [0.03529412 0.01176471 0.02745098]] [[0.1764706  0.12156863 0.09019608]  [0.16862746 0.11372549 0.08235294]  [0.16078432 0.11372549 0.07843138]  ...  [0.03529412 0.01176471 0.03137255]  [0.03529412 0.01176471 0.03137255]  [0.03137255 0.01176471 0.03137255]] [[0.16862746 0.11764706 0.08627451]  [0.16078432 0.10980392 0.07843138]  [0.16078432 0.11372549 0.07843138]  ...  [0.02745098 0.00784314 0.03137255]  [0.03529412 0.01568628 0.03921569]  [0.03137255 0.01176471 0.03137255]]]",3.984434974845499,52536,/home/amos/media/tv/The X-Files S01-S11 BluRay 10Bit 1080p Dts-HDMa5 1 HEVC-d3g/The X-Files S08 br 10bit dts hevc-d3g/The.X-Files.S08E07.Via.Negativa.1080p.BluRay.10Bit.Dts-HDMa5.1.HEVC-d3g.mkv567,1080,1920,0,447,174,831,447,104832,0.051,"[[[0.16470589 0.11764706 0.08235294]  [0.15294118 0.10588235 0.07058824]  [0.14901961 0.10196079 0.06666667]  ...  [0.01960784 0.00784314 0.02352941]  [0.01568628 0.00392157 0.01960784]  [0.01960784 0.00784314 0.02352941]] [[0.16470589 0.12156863 0.08627451]  [0.16470589 0.11764706 0.08235294]  [0.16078432 0.11372549 0.07843138]  ...  [0.01960784 0.00784314 0.02352941]  [0.01960784 0.00784314 0.02352941]  [0.01960784 0.00784314 0.02352941]] [[0.16078432 0.11764706 0.08235294]  [0.14901961 0.10196079 0.06666667]  [0.15294118 0.10588235 0.07058824]  ...  [0.02352941 0.01176471 0.02745098]  [0.01960784 0.00784314 0.02352941]  [0.02745098 0.01568628 0.03137255]] ... [[0.16470589 0.11764706 0.08235294]  [0.16470589 0.11764706 0.08235294]  [0.16078432 0.11372549 0.07843138]  ...  [0.02352941 0.00784314 0.01960784]  [0.02745098 0.01176471 0.02352941]  [0.02352941 0.00784314 0.01960784]] [[0.16470589 0.11764706 0.08235294]  [0.16470589 0.11764706 0.08235294]  [0.16078432 0.11372549 0.07843138]  ...  [0.01960784 0.00392157 0.01568628]  [0.01960784 0.00392157 0.01568628]  [0.02352941 0.00784314 0.01960784]] [[0.16470589 0.11764706 0.08235294]  [0.17254902 0.1254902  0.09019608]  [0.16078432 0.11372549 0.07843138]  ...  [0.01960784 0.00392157 0.01568628]  [0.01960784 0.00392157 0.01568628]  [0.02352941 0.01176471 0.01960784]]]",5.294835950946435,52560,/home/amos/media/tv/The X-Files S01-S11 BluRay 10Bit 1080p Dts-HDMa5 1 HEVC-d3g/The X-Files S08 br 10bit dts hevc-d3g/The.X-Files.S08E07.Via.Negativa.1080p.BluRay.10Bit.Dts-HDMa5.1.HEVC-d3g.mkv568,1080,1920,0,383,190,841,383,88394,0.043,"[[[0.16862746 0.11372549 0.07058824]  [0.16862746 0.11372549 0.07058824]  [0.1764706  0.12156863 0.07843138]  ...  [0.03921569 0.01568628 0.03137255]  [0.03529412 0.01568628 0.02745098]  [0.03921569 0.01568628 0.03137255]] [[0.16470589 0.11372549 0.06666667]  [0.16470589 0.10980392 0.06666667]  [0.17254902 0.11764706 0.07450981]  ...  [0.04313726 0.01960784 0.03529412]  [0.03137255 0.00784314 0.02352941]  [0.03529412 0.00784314 0.02352941]] [[0.16078432 0.10588235 0.0627451 ]  [0.16862746 0.11372549 0.07058824]  [0.1764706  0.12156863 0.07843138]  ...  [0.04313726 0.01960784 0.03529412]  [0.03137255 0.00784314 0.02352941]  [0.03137255 0.00784314 0.02352941]] ... [[0.18431373 0.1254902  0.07843138]  [0.16862746 0.10980392 0.06666667]  [0.16862746 0.10980392 0.06666667]  ...  [0.04313726 0.00784314 0.02745098]  [0.04313726 0.00784314 0.02745098]  [0.03529412 0.00392157 0.01960784]] [[0.18039216 0.12156863 0.07843138]  [0.1764706  0.11764706 0.07450981]  [0.18039216 0.12156863 0.07843138]  ...  [0.05882353 0.02352941 0.04313726]  [0.04705882 0.01176471 0.03137255]  [0.04313726 0.00784314 0.02745098]] [[0.1764706  0.11764706 0.07450981]  [0.16470589 0.10588235 0.0627451 ]  [0.16862746 0.11372549 0.06666667]  ...  [0.05098039 0.01568628 0.03529412]  [0.04313726 0.00784314 0.02745098]  [0.05490196 0.01960784 0.03921569]]]",4.435727972828317,52656,/home/amos/media/tv/The X-Files S01-S11 BluRay 10Bit 1080p Dts-HDMa5 1 HEVC-d3g/The X-Files S08 br 10bit dts hevc-d3g/The.X-Files.S08E07.Via.Negativa.1080p.BluRay.10Bit.Dts-HDMa5.1.HEVC-d3g.mkv569,1080,1920,0,405,179,824,405,94694,0.046,"[[[0.16862746 0.11372549 0.07058824]  [0.17254902 0.11764706 0.07058824]  [0.17254902 0.11764706 0.07058824]  ...  [0.03137255 0.00392157 0.01960784]  [0.03137255 0.00784314 0.02352941]  [0.         0.         0.        ]] [[0.16470589 0.10980392 0.06666667]  [0.16470589 0.10980392 0.06666667]  [0.16470589 0.10980392 0.06666667]  ...  [0.03137255 0.00784314 0.02352941]  [0.03529412 0.01176471 0.02745098]  [0.         0.         0.        ]] [[0.16078432 0.10588235 0.0627451 ]  [0.16078432 0.10588235 0.0627451 ]  [0.16078432 0.10588235 0.0627451 ]  ...  [0.03137255 0.00784314 0.02352941]  [0.03921569 0.01568628 0.03137255]  [0.         0.         0.        ]] ... [[0.16862746 0.11372549 0.06666667]  [0.16470589 0.10980392 0.0627451 ]  [0.17254902 0.11764706 0.07058824]  ...  [0.04313726 0.01960784 0.03137255]  [0.03137255 0.00784314 0.01960784]  [0.         0.         0.        ]] [[0.16862746 0.11372549 0.07058824]  [0.16078432 0.10588235 0.0627451 ]  [0.16862746 0.11372549 0.07058824]  ...  [0.03921569 0.01568628 0.02745098]  [0.03529412 0.01176471 0.02352941]  [0.         0.         0.        ]] [[0.         0.         0.        ]  [0.         0.         0.        ]  [0.         0.         0.        ]  ...  [0.         0.         0.        ]  [0.         0.         0.        ]  [0.         0.         0.        ]]]",5.862065001623705,52680,/home/amos/media/tv/The X-Files S01-S11 BluRay 10Bit 1080p Dts-HDMa5 1 HEVC-d3g/The X-Files S08 br 10bit dts hevc-d3g/The.X-Files.S08E07.Via.Negativa.1080p.BluRay.10Bit.Dts-HDMa5.1.HEVC-d3g.mkv570,1080,1920,0,404,183,832,404,94588,0.046,"[[[0.17254902 0.11372549 0.07450981]  [0.16470589 0.10196079 0.06666667]  [0.16470589 0.10196079 0.07058824]  ...  [0.02745098 0.01176471 0.01960784]  [0.02352941 0.00392157 0.01960784]  [0.02745098 0.00784314 0.02352941]] [[0.16862746 0.10980392 0.07058824]  [0.16862746 0.10588235 0.07058824]  [0.16862746 0.10588235 0.07058824]  ...  [0.01176471 0.         0.00392157]  [0.02352941 0.00784314 0.01960784]  [0.03921569 0.01960784 0.03137255]] [[0.16470589 0.10588235 0.06666667]  [0.16862746 0.10588235 0.07058824]  [0.16862746 0.10588235 0.07058824]  ...  [0.02745098 0.01176471 0.01960784]  [0.03137255 0.01176471 0.02745098]  [0.03529412 0.01568628 0.03137255]] ... [[0.16078432 0.10588235 0.06666667]  [0.16470589 0.10980392 0.07058824]  [0.1882353  0.13333334 0.09411765]  ...  [0.03137255 0.00784314 0.02352941]  [0.03529412 0.01176471 0.02745098]  [0.03529412 0.01176471 0.03137255]] [[0.17254902 0.11764706 0.07843138]  [0.16470589 0.10980392 0.07058824]  [0.17254902 0.12156863 0.07843138]  ...  [0.03137255 0.00784314 0.02352941]  [0.03137255 0.00784314 0.02352941]  [0.03529412 0.01176471 0.03137255]] [[0.16862746 0.11372549 0.07450981]  [0.17254902 0.11372549 0.07450981]  [0.17254902 0.11764706 0.07843138]  ...  [0.02745098 0.00392157 0.01960784]  [0.03137255 0.00784314 0.02352941]  [0.03529412 0.01176471 0.03137255]]]",4.878516110766213,52704,/home/amos/media/tv/The X-Files S01-S11 BluRay 10Bit 1080p Dts-HDMa5 1 HEVC-d3g/The X-Files S08 br 10bit dts hevc-d3g/The.X-Files.S08E07.Via.Negativa.1080p.BluRay.10Bit.Dts-HDMa5.1.HEVC-d3g.mkv571,1080,1920,0,368,204,825,368,74948,0.036,"[[[0.16470589 0.11764706 0.08235294]  [0.16862746 0.12156863 0.08627451]  [0.16078432 0.11372549 0.07843138]  ...  [0.04705882 0.02352941 0.03529412]  [0.03921569 0.01568628 0.02745098]  [0.03529412 0.01176471 0.02352941]] [[0.16470589 0.11764706 0.08235294]  [0.16862746 0.12156863 0.08627451]  [0.15686275 0.10980392 0.07450981]  ...  [0.03921569 0.01568628 0.02745098]  [0.04313726 0.01960784 0.03137255]  [0.03921569 0.01568628 0.02745098]] [[0.16470589 0.11764706 0.08235294]  [0.16862746 0.12156863 0.08627451]  [0.16078432 0.11372549 0.07843138]  ...  [0.03529412 0.01176471 0.02352941]  [0.03921569 0.01568628 0.02745098]  [0.04313726 0.01960784 0.03137255]] ... [[0.16078432 0.11372549 0.07843138]  [0.16470589 0.12156863 0.08235294]  [0.16470589 0.11764706 0.08235294]  ...  [0.05490196 0.02352941 0.03921569]  [0.04705882 0.01568628 0.03137255]  [0.05098039 0.02352941 0.03921569]] [[0.16470589 0.11764706 0.08235294]  [0.16078432 0.11372549 0.07843138]  [0.15686275 0.10980392 0.07450981]  ...  [0.05490196 0.02352941 0.03921569]  [0.05098039 0.01960784 0.03529412]  [0.04705882 0.01960784 0.03529412]] [[0.16862746 0.12156863 0.08627451]  [0.15686275 0.10980392 0.07450981]  [0.14117648 0.09411765 0.05882353]  ...  [0.04313726 0.01176471 0.02745098]  [0.04313726 0.01176471 0.02745098]  [0.05098039 0.01960784 0.03529412]]]",5.053714092297014,52800,/home/amos/media/tv/The X-Files S01-S11 BluRay 10Bit 1080p Dts-HDMa5 1 HEVC-d3g/The X-Files S08 br 10bit dts hevc-d3g/The.X-Files.S08E07.Via.Negativa.1080p.BluRay.10Bit.Dts-HDMa5.1.HEVC-d3g.mkv572,1080,1920,0,365,219,873,365,74168,0.036,"[[[0.16470589 0.11764706 0.08235294]  [0.16862746 0.12156863 0.08627451]  [0.16078432 0.11372549 0.07843138]  ...  [0.03529412 0.01176471 0.02352941]  [0.03921569 0.01568628 0.02745098]  [0.04313726 0.01960784 0.03137255]] [[0.16470589 0.11372549 0.07843138]  [0.16862746 0.12156863 0.08627451]  [0.16470589 0.11764706 0.08235294]  ...  [0.03137255 0.00784314 0.01960784]  [0.02745098 0.00392157 0.01568628]  [0.03137255 0.00784314 0.01960784]] [[0.16078432 0.11372549 0.07843138]  [0.16862746 0.12156863 0.08627451]  [0.16470589 0.11372549 0.07843138]  ...  [0.03529412 0.01176471 0.02352941]  [0.04313726 0.01960784 0.03137255]  [0.03921569 0.01960784 0.03137255]] ... [[0.15686275 0.10980392 0.07843138]  [0.16078432 0.11372549 0.07843138]  [0.16078432 0.11372549 0.07843138]  ...  [0.05490196 0.01960784 0.03529412]  [0.05490196 0.01960784 0.03529412]  [0.05882353 0.02352941 0.03921569]] [[0.16078432 0.11372549 0.07843138]  [0.16078432 0.11372549 0.07843138]  [0.15686275 0.10980392 0.07450981]  ...  [0.05098039 0.01568628 0.03137255]  [0.05882353 0.02352941 0.03921569]  [0.06666667 0.03137255 0.04705882]] [[0.16470589 0.11764706 0.08235294]  [0.15686275 0.10980392 0.07450981]  [0.15294118 0.10588235 0.07058824]  ...  [0.05882353 0.02352941 0.03921569]  [0.05490196 0.01960784 0.03529412]  [0.05098039 0.01568628 0.03137255]]]",4.692684133944567,52920,/home/amos/media/tv/The X-Files S01-S11 BluRay 10Bit 1080p Dts-HDMa5 1 HEVC-d3g/The X-Files S08 br 10bit dts hevc-d3g/The.X-Files.S08E07.Via.Negativa.1080p.BluRay.10Bit.Dts-HDMa5.1.HEVC-d3g.mkv573,1080,1920,0,472,187,880,472,116280,0.056,"[[[0.16470589 0.11764706 0.08235294]  [0.16862746 0.12156863 0.08627451]  [0.17254902 0.1254902  0.09019608]  ...  [0.16078432 0.11372549 0.07843138]  [0.15294118 0.10980392 0.06666667]  [0.14509805 0.10196079 0.05882353]] [[0.15686275 0.10980392 0.07450981]  [0.15686275 0.10588235 0.07058824]  [0.16862746 0.12156863 0.08627451]  ...  [0.15294118 0.10980392 0.07450981]  [0.15294118 0.10980392 0.07058824]  [0.14509805 0.10196079 0.0627451 ]] [[0.16470589 0.11764706 0.08627451]  [0.16078432 0.11372549 0.07843138]  [0.16078432 0.11372549 0.07843138]  ...  [0.16470589 0.12156863 0.08627451]  [0.15686275 0.11372549 0.07843138]  [0.14901961 0.10588235 0.07058824]] ... [[0.16862746 0.12156863 0.09019608]  [0.16470589 0.11764706 0.08627451]  [0.16470589 0.11764706 0.08627451]  ...  [0.01960784 0.01176471 0.02745098]  [0.01960784 0.01176471 0.02745098]  [0.01568628 0.00784314 0.02745098]] [[0.16078432 0.11372549 0.08235294]  [0.16470589 0.11764706 0.08627451]  [0.16078432 0.11372549 0.08235294]  ...  [0.01960784 0.01176471 0.02745098]  [0.01960784 0.01568628 0.03137255]  [0.01568628 0.00784314 0.02352941]] [[0.16078432 0.11372549 0.08235294]  [0.15686275 0.10980392 0.07843138]  [0.16078432 0.11372549 0.08235294]  ...  [0.01176471 0.00392157 0.01960784]  [0.01568628 0.00784314 0.02352941]  [0.01568628 0.00784314 0.02352941]]]",2.3905911272740923,52968,/home/amos/media/tv/The X-Files S01-S11 BluRay 10Bit 1080p Dts-HDMa5 1 HEVC-d3g/The X-Files S08 br 10bit dts hevc-d3g/The.X-Files.S08E07.Via.Negativa.1080p.BluRay.10Bit.Dts-HDMa5.1.HEVC-d3g.mkv574,1080,1920,1,180,613,1009,180,358957,0.173,"[[[0.16470589 0.12156863 0.08235294]  [0.16470589 0.12941177 0.08627451]  [0.16470589 0.13333334 0.09019608]  ...  [0.04705882 0.01176471 0.01960784]  [0.05098039 0.01568628 0.02352941]  [0.05490196 0.01960784 0.02745098]] [[0.16078432 0.11764706 0.07843138]  [0.16078432 0.1254902  0.08627451]  [0.16078432 0.12941177 0.09019608]  ...  [0.05882353 0.02352941 0.03137255]  [0.05882353 0.02352941 0.03137255]  [0.05882353 0.01960784 0.03137255]] [[0.15686275 0.11372549 0.07843138]  [0.15686275 0.12156863 0.08235294]  [0.16078432 0.12941177 0.09019608]  ...  [0.07058824 0.03529412 0.04313726]  [0.06666667 0.03137255 0.03921569]  [0.0627451  0.02745098 0.03529412]] ... [[0.12941177 0.12156863 0.14509805]  [0.12941177 0.12156863 0.14509805]  [0.12941177 0.12156863 0.14509805]  ...  [0.02745098 0.01568628 0.03137255]  [0.02745098 0.01568628 0.03137255]  [0.02745098 0.01568628 0.03137255]] [[0.13333334 0.1254902  0.14901961]  [0.13333334 0.12941177 0.15294118]  [0.13333334 0.1254902  0.14901961]  ...  [0.02745098 0.01568628 0.03137255]  [0.02745098 0.01568628 0.03137255]  [0.02745098 0.01568628 0.03137255]] [[0.13725491 0.12941177 0.15294118]  [0.14117648 0.13333334 0.15686275]  [0.14509805 0.13725491 0.16078432]  ...  [0.02745098 0.01568628 0.03137255]  [0.02745098 0.01568628 0.03137255]  [0.02745098 0.01568628 0.03137255]]]",4.060431173013058,52968,/home/amos/media/tv/The X-Files S01-S11 BluRay 10Bit 1080p Dts-HDMa5 1 HEVC-d3g/The X-Files S08 br 10bit dts hevc-d3g/The.X-Files.S08E07.Via.Negativa.1080p.BluRay.10Bit.Dts-HDMa5.1.HEVC-d3g.mkv575,1080,1920,0,419,188,824,419,93555,0.045,"[[[0. 0. 0.]  [0. 0. 0.]  [0. 0. 0.]  ...  [0. 0. 0.]  [0. 0. 0.]  [0. 0. 0.]] [[0. 0. 0.]  [0. 0. 0.]  [0. 0. 0.]  ...  [0. 0. 0.]  [0. 0. 0.]  [0. 0. 0.]] [[0. 0. 0.]  [0. 0. 0.]  [0. 0. 0.]  ...  [0. 0. 0.]  [0. 0. 0.]  [0. 0. 0.]] ... [[0. 0. 0.]  [0. 0. 0.]  [0. 0. 0.]  ...  [0. 0. 0.]  [0. 0. 0.]  [0. 0. 0.]] [[0. 0. 0.]  [0. 0. 0.]  [0. 0. 0.]  ...  [0. 0. 0.]  [0. 0. 0.]  [0. 0. 0.]] [[0. 0. 0.]  [0. 0. 0.]  [0. 0. 0.]  ...  [0. 0. 0.]  [0. 0. 0.]  [0. 0. 0.]]]",5.81456100550713,53064,/home/amos/media/tv/The X-Files S01-S11 BluRay 10Bit 1080p Dts-HDMa5 1 HEVC-d3g/The X-Files S08 br 10bit dts hevc-d3g/The.X-Files.S08E07.Via.Negativa.1080p.BluRay.10Bit.Dts-HDMa5.1.HEVC-d3g.mkv576,1080,1920,0,390,195,821,390,84045,0.041,"[[[0.15686275 0.10980392 0.07450981]  [0.16862746 0.12156863 0.08627451]  [0.17254902 0.1254902  0.09019608]  ...  [0.04313726 0.01960784 0.03529412]  [0.03529412 0.01176471 0.02745098]  [0.         0.         0.        ]] [[0.16862746 0.12156863 0.08627451]  [0.18039216 0.13333334 0.09411765]  [0.16078432 0.11372549 0.07843138]  ...  [0.04313726 0.01960784 0.03529412]  [0.04313726 0.01960784 0.03529412]  [0.         0.         0.        ]] [[0.16862746 0.11764706 0.08627451]  [0.16078432 0.11372549 0.07843138]  [0.15686275 0.10980392 0.07450981]  ...  [0.03137255 0.00784314 0.02352941]  [0.03921569 0.01568628 0.03137255]  [0.         0.         0.        ]] ... [[0.16470589 0.10980392 0.07843138]  [0.16470589 0.10980392 0.07843138]  [0.16470589 0.10980392 0.07843138]  ...  [0.03921569 0.00784314 0.02745098]  [0.04705882 0.01568628 0.03529412]  [0.         0.         0.        ]] [[0.16470589 0.10980392 0.07843138]  [0.16470589 0.10980392 0.07843138]  [0.16470589 0.10980392 0.07843138]  ...  [0.02352941 0.         0.01176471]  [0.05490196 0.02352941 0.04313726]  [0.         0.         0.        ]] [[0.         0.         0.        ]  [0.         0.         0.        ]  [0.         0.         0.        ]  ...  [0.         0.         0.        ]  [0.         0.         0.        ]  [0.         0.         0.        ]]]",4.488452066143509,53088,/home/amos/media/tv/The X-Files S01-S11 BluRay 10Bit 1080p Dts-HDMa5 1 HEVC-d3g/The X-Files S08 br 10bit dts hevc-d3g/The.X-Files.S08E07.Via.Negativa.1080p.BluRay.10Bit.Dts-HDMa5.1.HEVC-d3g.mkv577,1080,1920,0,397,196,786,397,78189,0.038,"[[[0.16470589 0.11764706 0.08627451]  [0.15686275 0.10980392 0.07843138]  [0.15686275 0.10980392 0.07843138]  ...  [0.04313726 0.01960784 0.03529412]  [0.04313726 0.01960784 0.03529412]  [0.04313726 0.02352941 0.03921569]] [[0.16078432 0.11372549 0.08235294]  [0.15686275 0.10980392 0.07843138]  [0.16078432 0.11372549 0.08235294]  ...  [0.03529412 0.01176471 0.02745098]  [0.02745098 0.00784314 0.02352941]  [0.03921569 0.01568628 0.02745098]] [[0.15686275 0.10980392 0.07843138]  [0.16078432 0.11372549 0.08235294]  [0.16470589 0.11764706 0.08627451]  ...  [0.03137255 0.00784314 0.02352941]  [0.02352941 0.         0.01568628]  [0.02745098 0.00392157 0.01960784]] ... [[0.16862746 0.12156863 0.08235294]  [0.16470589 0.11764706 0.07843138]  [0.16078432 0.11372549 0.07450981]  ...  [0.05098039 0.01960784 0.03529412]  [0.05490196 0.02352941 0.03921569]  [0.05098039 0.01960784 0.03529412]] [[0.16862746 0.12156863 0.08235294]  [0.16078432 0.11372549 0.07450981]  [0.16078432 0.11372549 0.07450981]  ...  [0.05098039 0.01960784 0.03529412]  [0.05098039 0.01960784 0.03529412]  [0.04313726 0.01176471 0.02745098]] [[0.15686275 0.10980392 0.07058824]  [0.15294118 0.10196079 0.06666667]  [0.15686275 0.10980392 0.07058824]  ...  [0.04705882 0.01568628 0.03529412]  [0.05098039 0.01960784 0.03529412]  [0.03921569 0.00784314 0.02745098]]]",5.41347212792607,53136,/home/amos/media/tv/The X-Files S01-S11 BluRay 10Bit 1080p Dts-HDMa5 1 HEVC-d3g/The X-Files S08 br 10bit dts hevc-d3g/The.X-Files.S08E07.Via.Negativa.1080p.BluRay.10Bit.Dts-HDMa5.1.HEVC-d3g.mkv578,1080,1920,0,399,190,792,399,82137,0.04,"[[[0.15294118 0.10588235 0.07058824]  [0.15294118 0.10196079 0.06666667]  [0.16078432 0.11372549 0.07843138]  ...  [0.03529412 0.01176471 0.02745098]  [0.03529412 0.01176471 0.02745098]  [0.04313726 0.01960784 0.03529412]] [[0.15686275 0.10980392 0.07450981]  [0.15294118 0.10588235 0.07058824]  [0.16078432 0.11372549 0.07843138]  ...  [0.03137255 0.00784314 0.02352941]  [0.03137255 0.01176471 0.02745098]  [0.03529412 0.01568628 0.03137255]] [[0.15686275 0.10980392 0.07450981]  [0.15686275 0.10980392 0.07450981]  [0.16078432 0.11372549 0.07843138]  ...  [0.02745098 0.00392157 0.01960784]  [0.03137255 0.01176471 0.02745098]  [0.03529412 0.01568628 0.03137255]] ... [[0.16862746 0.12156863 0.07843138]  [0.17254902 0.1254902  0.08235294]  [0.1764706  0.12941177 0.08627451]  ...  [0.03921569 0.01568628 0.03529412]  [0.03529412 0.01176471 0.03137255]  [0.04705882 0.01960784 0.03921569]] [[0.16862746 0.11764706 0.07450981]  [0.16470589 0.11764706 0.07450981]  [0.17254902 0.1254902  0.08235294]  ...  [0.03921569 0.01568628 0.03529412]  [0.03529412 0.01176471 0.03137255]  [0.03921569 0.01568628 0.03529412]] [[0.17254902 0.1254902  0.08235294]  [0.16862746 0.12156863 0.07843138]  [0.16862746 0.12156863 0.07843138]  ...  [0.03921569 0.01568628 0.03137255]  [0.03921569 0.01568628 0.03529412]  [0.03921569 0.01568628 0.03137255]]]",7.282714063709136,53160,/home/amos/media/tv/The X-Files S01-S11 BluRay 10Bit 1080p Dts-HDMa5 1 HEVC-d3g/The X-Files S08 br 10bit dts hevc-d3g/The.X-Files.S08E07.Via.Negativa.1080p.BluRay.10Bit.Dts-HDMa5.1.HEVC-d3g.mkv579,1080,1920,0,364,208,800,364,68016,0.033,"[[[0.17254902 0.11764706 0.09019608]  [0.16470589 0.10980392 0.07843138]  [0.16078432 0.10588235 0.07450981]  ...  [0.03921569 0.00784314 0.02352941]  [0.02745098 0.         0.01176471]  [0.02745098 0.         0.01176471]] [[0.18431373 0.1254902  0.10196079]  [0.18431373 0.12941177 0.10196079]  [0.15686275 0.10196079 0.07450981]  ...  [0.03921569 0.00784314 0.02352941]  [0.03137255 0.         0.01568628]  [0.03137255 0.00392157 0.01568628]] [[0.16470589 0.10588235 0.08627451]  [0.18039216 0.1254902  0.09803922]  [0.15686275 0.10196079 0.07450981]  ...  [0.05098039 0.01960784 0.03529412]  [0.03921569 0.00784314 0.02352941]  [0.03921569 0.00784314 0.02352941]] ... [[0.17254902 0.1254902  0.08235294]  [0.16862746 0.12156863 0.08235294]  [0.16862746 0.12156863 0.08235294]  ...  [0.05490196 0.02352941 0.02745098]  [0.05490196 0.02352941 0.02745098]  [0.05490196 0.02352941 0.02745098]] [[0.16862746 0.12156863 0.07843138]  [0.16470589 0.11764706 0.07843138]  [0.16470589 0.11764706 0.08235294]  ...  [0.05490196 0.02352941 0.02745098]  [0.05882353 0.02745098 0.03137255]  [0.05490196 0.02352941 0.02745098]] [[0.16862746 0.12156863 0.07843138]  [0.16470589 0.11764706 0.07843138]  [0.16862746 0.12156863 0.07843138]  ...  [0.05490196 0.02352941 0.02745098]  [0.05882353 0.02745098 0.03529412]  [0.05490196 0.02352941 0.02745098]]]",3.8628431497490965,53184,/home/amos/media/tv/The X-Files S01-S11 BluRay 10Bit 1080p Dts-HDMa5 1 HEVC-d3g/The X-Files S08 br 10bit dts hevc-d3g/The.X-Files.S08E07.Via.Negativa.1080p.BluRay.10Bit.Dts-HDMa5.1.HEVC-d3g.mkv580,1080,1920,0,384,213,819,384,74385,0.036,"[[[0.15686275 0.10980392 0.07450981]  [0.15294118 0.10588235 0.07058824]  [0.15294118 0.10588235 0.07058824]  ...  [0.03529412 0.01568628 0.03137255]  [0.03137255 0.01176471 0.02745098]  [0.03529412 0.01568628 0.03137255]] [[0.15686275 0.11372549 0.07450981]  [0.14509805 0.09803922 0.0627451 ]  [0.15686275 0.10980392 0.07450981]  ...  [0.02745098 0.01176471 0.02745098]  [0.03137255 0.01176471 0.02745098]  [0.03529412 0.01568628 0.03137255]] [[0.16470589 0.12156863 0.08235294]  [0.14509805 0.09803922 0.0627451 ]  [0.14509805 0.09803922 0.0627451 ]  ...  [0.02352941 0.00392157 0.01960784]  [0.01568628 0.         0.01176471]  [0.02745098 0.00784314 0.02352941]] ... [[0.15686275 0.11372549 0.07058824]  [0.15686275 0.10980392 0.07058824]  [0.16078432 0.11372549 0.07450981]  ...  [0.03529412 0.01176471 0.02352941]  [0.02745098 0.00392157 0.01568628]  [0.03921569 0.01568628 0.03137255]] [[0.15686275 0.10980392 0.07058824]  [0.16470589 0.11764706 0.07843138]  [0.16862746 0.12156863 0.08235294]  ...  [0.03921569 0.01568628 0.02745098]  [0.04313726 0.01960784 0.03137255]  [0.04313726 0.01960784 0.03529412]] [[0.15686275 0.10980392 0.07058824]  [0.16862746 0.12156863 0.08235294]  [0.16862746 0.12156863 0.08235294]  ...  [0.03529412 0.01176471 0.02352941]  [0.03529412 0.01176471 0.02352941]  [0.04313726 0.01960784 0.03529412]]]",6.361369906284381,53256,/home/amos/media/tv/The X-Files S01-S11 BluRay 10Bit 1080p Dts-HDMa5 1 HEVC-d3g/The X-Files S08 br 10bit dts hevc-d3g/The.X-Files.S08E07.Via.Negativa.1080p.BluRay.10Bit.Dts-HDMa5.1.HEVC-d3g.mkv581,1080,1920,0,379,196,825,379,81618,0.039,"[[[0.16470589 0.11764706 0.08235294]  [0.16470589 0.11764706 0.08235294]  [0.16470589 0.11764706 0.08235294]  ...  [0.03137255 0.01176471 0.02745098]  [0.03529412 0.01568628 0.02745098]  [0.03137255 0.01568628 0.03137255]] [[0.16078432 0.11372549 0.07843138]  [0.15294118 0.10588235 0.07058824]  [0.15686275 0.10980392 0.07450981]  ...  [0.03137255 0.01176471 0.02745098]  [0.03137255 0.01176471 0.02745098]  [0.02352941 0.01176471 0.02352941]] [[0.15686275 0.10980392 0.07450981]  [0.15294118 0.10588235 0.07058824]  [0.15686275 0.10980392 0.07450981]  ...  [0.03137255 0.01176471 0.02745098]  [0.02745098 0.00784314 0.02352941]  [0.02352941 0.00392157 0.02352941]] ... [[0.16470589 0.11764706 0.07843138]  [0.16470589 0.11764706 0.07843138]  [0.16470589 0.11764706 0.07843138]  ...  [0.04705882 0.01568628 0.03137255]  [0.03921569 0.01568628 0.02745098]  [0.02745098 0.00392157 0.01568628]] [[0.15686275 0.10980392 0.07058824]  [0.15686275 0.10980392 0.07058824]  [0.15686275 0.10980392 0.07058824]  ...  [0.04705882 0.01568628 0.03137255]  [0.04313726 0.01960784 0.03137255]  [0.03137255 0.00784314 0.01960784]] [[0.16470589 0.11764706 0.07843138]  [0.16862746 0.12156863 0.08235294]  [0.16862746 0.12156863 0.08235294]  ...  [0.04313726 0.01568628 0.03137255]  [0.03921569 0.01176471 0.02745098]  [0.03529412 0.01176471 0.02352941]]]",4.729249124589842,53328,/home/amos/media/tv/The X-Files S01-S11 BluRay 10Bit 1080p Dts-HDMa5 1 HEVC-d3g/The X-Files S08 br 10bit dts hevc-d3g/The.X-Files.S08E07.Via.Negativa.1080p.BluRay.10Bit.Dts-HDMa5.1.HEVC-d3g.mkv582,1080,1920,0,427,180,800,427,92131,0.044,"[[[0.16078432 0.11372549 0.07450981]  [0.16078432 0.11372549 0.07450981]  [0.16078432 0.11372549 0.07450981]  ...  [0.01960784 0.01568628 0.02745098]  [0.02352941 0.01568628 0.02745098]  [0.01960784 0.01568628 0.02745098]] [[0.15686275 0.10980392 0.07058824]  [0.16078432 0.11372549 0.07450981]  [0.16078432 0.11372549 0.07450981]  ...  [0.01960784 0.01568628 0.02745098]  [0.01960784 0.01568628 0.02745098]  [0.01960784 0.01568628 0.02745098]] [[0.15686275 0.10980392 0.07058824]  [0.16078432 0.11372549 0.07450981]  [0.16078432 0.11372549 0.07450981]  ...  [0.01960784 0.01568628 0.02745098]  [0.01960784 0.01568628 0.02745098]  [0.01960784 0.01568628 0.02745098]] ... [[0.15686275 0.10980392 0.07450981]  [0.15686275 0.10980392 0.07843138]  [0.16470589 0.12156863 0.09019608]  ...  [0.03529412 0.01568628 0.03137255]  [0.03529412 0.01568628 0.03137255]  [0.03137255 0.01176471 0.02745098]] [[0.16470589 0.11764706 0.08235294]  [0.16470589 0.11764706 0.08627451]  [0.16078432 0.11372549 0.08235294]  ...  [0.03529412 0.01568628 0.03137255]  [0.03137255 0.01176471 0.02745098]  [0.02745098 0.00784314 0.02352941]] [[0.17254902 0.1254902  0.08627451]  [0.16470589 0.11764706 0.08627451]  [0.16078432 0.11372549 0.07843138]  ...  [0.03137255 0.01176471 0.02745098]  [0.03137255 0.01176471 0.02352941]  [0.02745098 0.00784314 0.02352941]]]",5.002612977521494,53352,/home/amos/media/tv/The X-Files S01-S11 BluRay 10Bit 1080p Dts-HDMa5 1 HEVC-d3g/The X-Files S08 br 10bit dts hevc-d3g/The.X-Files.S08E07.Via.Negativa.1080p.BluRay.10Bit.Dts-HDMa5.1.HEVC-d3g.mkv583,1080,1920,0,362,216,800,362,63948,0.031,"[[[0.16078432 0.11372549 0.07058824]  [0.16862746 0.12156863 0.07450981]  [0.16470589 0.11764706 0.07058824]  ...  [0.03921569 0.01568628 0.03137255]  [0.03137255 0.00784314 0.02352941]  [0.03529412 0.01176471 0.02745098]] [[0.16470589 0.11764706 0.07450981]  [0.16862746 0.12156863 0.07450981]  [0.15686275 0.10980392 0.06666667]  ...  [0.03921569 0.01568628 0.03137255]  [0.03529412 0.01176471 0.02745098]  [0.03529412 0.01568628 0.03137255]] [[0.14901961 0.10196079 0.05882353]  [0.16470589 0.11764706 0.07058824]  [0.16470589 0.11764706 0.07450981]  ...  [0.03921569 0.01568628 0.03137255]  [0.03921569 0.01568628 0.03137255]  [0.03921569 0.01568628 0.03137255]] ... [[0.17254902 0.1254902  0.09019608]  [0.16470589 0.11764706 0.08235294]  [0.16470589 0.11764706 0.08235294]  ...  [0.05490196 0.01960784 0.03137255]  [0.05882353 0.02352941 0.03529412]  [0.05490196 0.02352941 0.03137255]] [[0.16862746 0.12156863 0.08627451]  [0.16078432 0.11372549 0.07843138]  [0.16078432 0.11372549 0.07843138]  ...  [0.05882353 0.02352941 0.03529412]  [0.05490196 0.01960784 0.03137255]  [0.04705882 0.01568628 0.02352941]] [[0.16862746 0.12156863 0.08627451]  [0.17254902 0.12156863 0.08627451]  [0.16470589 0.11764706 0.08235294]  ...  [0.05882353 0.02745098 0.03137255]  [0.05490196 0.02352941 0.02745098]  [0.04313726 0.01176471 0.01960784]]]",4.146225110220257,53376,/home/amos/media/tv/The X-Files S01-S11 BluRay 10Bit 1080p Dts-HDMa5 1 HEVC-d3g/The X-Files S08 br 10bit dts hevc-d3g/The.X-Files.S08E07.Via.Negativa.1080p.BluRay.10Bit.Dts-HDMa5.1.HEVC-d3g.mkv584,1080,1920,0,350,214,807,350,62152,0.03,"[[[0.16470589 0.11764706 0.08235294]  [0.15686275 0.10588235 0.07058824]  [0.16078432 0.11372549 0.08235294]  ...  [0.04313726 0.01568628 0.02352941]  [0.04313726 0.01568628 0.01960784]  [0.04313726 0.01568628 0.01960784]] [[0.15686275 0.10980392 0.07450981]  [0.15686275 0.10980392 0.07450981]  [0.16862746 0.11764706 0.08627451]  ...  [0.03921569 0.01568628 0.01960784]  [0.04313726 0.01568628 0.01960784]  [0.04705882 0.01960784 0.02352941]] [[0.15686275 0.10980392 0.07450981]  [0.15686275 0.10980392 0.07450981]  [0.16470589 0.11764706 0.08627451]  ...  [0.04313726 0.01568628 0.02352941]  [0.04313726 0.01568628 0.01960784]  [0.04313726 0.01568628 0.01960784]] ... [[0.16470589 0.11764706 0.07843138]  [0.15686275 0.10588235 0.07058824]  [0.17254902 0.1254902  0.08235294]  ...  [0.0627451  0.03137255 0.03921569]  [0.05882353 0.02745098 0.03529412]  [0.05882353 0.02745098 0.03529412]] [[0.15294118 0.10588235 0.06666667]  [0.14901961 0.10196079 0.0627451 ]  [0.17254902 0.1254902  0.08627451]  ...  [0.05882353 0.02745098 0.03529412]  [0.05882353 0.02745098 0.03529412]  [0.05490196 0.02352941 0.03137255]] [[0.1764706  0.13333334 0.09411765]  [0.16078432 0.11372549 0.07450981]  [0.1764706  0.12941177 0.09019608]  ...  [0.05098039 0.01960784 0.02745098]  [0.05490196 0.02352941 0.03137255]  [0.04705882 0.01568628 0.02352941]]]",4.218894141900819,53400,/home/amos/media/tv/The X-Files S01-S11 BluRay 10Bit 1080p Dts-HDMa5 1 HEVC-d3g/The X-Files S08 br 10bit dts hevc-d3g/The.X-Files.S08E07.Via.Negativa.1080p.BluRay.10Bit.Dts-HDMa5.1.HEVC-d3g.mkv585,1080,1920,0,372,196,870,372,87648,0.042,"[[[0.16470589 0.11764706 0.07843138]  [0.14509805 0.09803922 0.05882353]  [0.14509805 0.09803922 0.0627451 ]  ...  [0.03921569 0.01176471 0.02352941]  [0.03921569 0.01176471 0.02352941]  [0.04705882 0.01960784 0.03137255]] [[0.16470589 0.11764706 0.07450981]  [0.14901961 0.10196079 0.0627451 ]  [0.15294118 0.10196079 0.06666667]  ...  [0.02745098 0.         0.01176471]  [0.03921569 0.01176471 0.02352941]  [0.04705882 0.01960784 0.03137255]] [[0.16470589 0.11764706 0.07843138]  [0.15686275 0.10980392 0.07058824]  [0.15294118 0.10588235 0.06666667]  ...  [0.03921569 0.01176471 0.02352941]  [0.03137255 0.00392157 0.01568628]  [0.03529412 0.00784314 0.01960784]] ... [[0.16078432 0.11372549 0.07843138]  [0.15686275 0.10980392 0.07450981]  [0.15294118 0.10588235 0.07058824]  ...  [0.04705882 0.01960784 0.03137255]  [0.03921569 0.01176471 0.02352941]  [0.03921569 0.01176471 0.02352941]] [[0.16078432 0.11372549 0.07843138]  [0.15686275 0.10980392 0.07450981]  [0.14901961 0.10196079 0.06666667]  ...  [0.05098039 0.02352941 0.03529412]  [0.03921569 0.01176471 0.02352941]  [0.03529412 0.00784314 0.01960784]] [[0.15294118 0.10588235 0.07058824]  [0.15294118 0.10588235 0.07058824]  [0.15686275 0.10980392 0.07450981]  ...  [0.04705882 0.02352941 0.03529412]  [0.04313726 0.01176471 0.02352941]  [0.03529412 0.00784314 0.01960784]]]",4.423555980261881,53520,/home/amos/media/tv/The X-Files S01-S11 BluRay 10Bit 1080p Dts-HDMa5 1 HEVC-d3g/The X-Files S08 br 10bit dts hevc-d3g/The.X-Files.S08E07.Via.Negativa.1080p.BluRay.10Bit.Dts-HDMa5.1.HEVC-d3g.mkv586,1080,1920,0,391,201,866,391,90250,0.044,"[[[0.14901961 0.10196079 0.0627451 ]  [0.14901961 0.10196079 0.0627451 ]  [0.15294118 0.10588235 0.0627451 ]  ...  [0.03137255 0.01176471 0.03137255]  [0.03137255 0.00784314 0.03137255]  [0.03137255 0.01568628 0.03137255]] [[0.15294118 0.10588235 0.0627451 ]  [0.15294118 0.10588235 0.0627451 ]  [0.16078432 0.11372549 0.07058824]  ...  [0.02745098 0.00784314 0.02745098]  [0.02745098 0.00784314 0.02745098]  [0.03529412 0.01176471 0.03529412]] [[0.16078432 0.11372549 0.07058824]  [0.15686275 0.10980392 0.06666667]  [0.14901961 0.10196079 0.05882353]  ...  [0.03529412 0.01568628 0.03529412]  [0.03137255 0.01176471 0.03137255]  [0.03137255 0.01176471 0.03137255]] ... [[0.15294118 0.10588235 0.07058824]  [0.14509805 0.09803922 0.0627451 ]  [0.15686275 0.10980392 0.07450981]  ...  [0.03529412 0.01176471 0.03137255]  [0.03529412 0.01176471 0.03137255]  [0.03137255 0.00784314 0.02745098]] [[0.15294118 0.10588235 0.07058824]  [0.14901961 0.10196079 0.06666667]  [0.15686275 0.10980392 0.07450981]  ...  [0.03529412 0.01176471 0.03137255]  [0.02745098 0.00392157 0.02352941]  [0.02745098 0.00392157 0.02352941]] [[0.16470589 0.11764706 0.08235294]  [0.15686275 0.10980392 0.07450981]  [0.15686275 0.10980392 0.07450981]  ...  [0.03921569 0.01568628 0.03529412]  [0.03529412 0.01176471 0.02745098]  [0.03137255 0.00784314 0.02745098]]]",2.813469961984083,53544,/home/amos/media/tv/The X-Files S01-S11 BluRay 10Bit 1080p Dts-HDMa5 1 HEVC-d3g/The X-Files S08 br 10bit dts hevc-d3g/The.X-Files.S08E07.Via.Negativa.1080p.BluRay.10Bit.Dts-HDMa5.1.HEVC-d3g.mkv587,1080,1920,0,380,195,791,380,76035,0.037,"[[[0.15294118 0.10588235 0.07058824]  [0.15294118 0.10588235 0.07058824]  [0.16078432 0.11372549 0.07843138]  ...  [0.03529412 0.01568628 0.02745098]  [0.04705882 0.02352941 0.03529412]  [0.         0.         0.        ]] [[0.15294118 0.10588235 0.07058824]  [0.14901961 0.10196079 0.06666667]  [0.15686275 0.10980392 0.07450981]  ...  [0.03529412 0.01176471 0.02352941]  [0.04313726 0.01568628 0.02745098]  [0.         0.         0.        ]] [[0.15686275 0.11372549 0.07450981]  [0.14901961 0.10196079 0.06666667]  [0.14901961 0.10196079 0.06666667]  ...  [0.03921569 0.01568628 0.02745098]  [0.03921569 0.01568628 0.02745098]  [0.         0.         0.        ]] ... [[0.16470589 0.11372549 0.07843138]  [0.16078432 0.11372549 0.07450981]  [0.16862746 0.12156863 0.08235294]  ...  [0.04313726 0.02352941 0.03137255]  [0.04313726 0.02352941 0.02745098]  [0.         0.         0.        ]] [[0.16862746 0.12156863 0.08235294]  [0.16470589 0.11764706 0.07843138]  [0.16078432 0.11372549 0.07450981]  ...  [0.03921569 0.01568628 0.02745098]  [0.03529412 0.01176471 0.02352941]  [0.         0.         0.        ]] [[0.         0.         0.        ]  [0.         0.         0.        ]  [0.         0.         0.        ]  ...  [0.         0.         0.        ]  [0.         0.         0.        ]  [0.         0.         0.        ]]]",3.925240999320522,53616,/home/amos/media/tv/The X-Files S01-S11 BluRay 10Bit 1080p Dts-HDMa5 1 HEVC-d3g/The X-Files S08 br 10bit dts hevc-d3g/The.X-Files.S08E07.Via.Negativa.1080p.BluRay.10Bit.Dts-HDMa5.1.HEVC-d3g.mkv588,1080,1920,0,408,181,782,408,84898,0.041,"[[[0.15686275 0.10980392 0.07058824]  [0.15686275 0.10980392 0.07058824]  [0.15686275 0.10980392 0.07058824]  ...  [0.03529412 0.01176471 0.03529412]  [0.02745098 0.01176471 0.03137255]  [0.02745098 0.01176471 0.03137255]] [[0.16078432 0.11372549 0.07843138]  [0.15686275 0.10980392 0.07058824]  [0.16078432 0.11372549 0.07450981]  ...  [0.02745098 0.00784314 0.02745098]  [0.02745098 0.01176471 0.03137255]  [0.02745098 0.01176471 0.03137255]] [[0.15686275 0.10980392 0.07058824]  [0.15686275 0.10980392 0.07058824]  [0.16078432 0.11372549 0.07450981]  ...  [0.03137255 0.01176471 0.03137255]  [0.03137255 0.01568628 0.03529412]  [0.02745098 0.01176471 0.03137255]] ... [[0.16078432 0.11372549 0.07450981]  [0.16470589 0.11764706 0.07843138]  [0.16470589 0.11764706 0.07843138]  ...  [0.03921569 0.01568628 0.03137255]  [0.03921569 0.01568628 0.03137255]  [0.04313726 0.01960784 0.03529412]] [[0.15686275 0.10980392 0.07058824]  [0.17254902 0.1254902  0.08627451]  [0.16862746 0.12156863 0.08235294]  ...  [0.03921569 0.01568628 0.03137255]  [0.03921569 0.01568628 0.03137255]  [0.04313726 0.01960784 0.03529412]] [[0.16078432 0.11372549 0.07450981]  [0.17254902 0.1254902  0.08627451]  [0.16862746 0.12156863 0.08235294]  ...  [0.03529412 0.01176471 0.02745098]  [0.03921569 0.01568628 0.02745098]  [0.03921569 0.01568628 0.03137255]]]",5.197231922065839,53664,/home/amos/media/tv/The X-Files S01-S11 BluRay 10Bit 1080p Dts-HDMa5 1 HEVC-d3g/The X-Files S08 br 10bit dts hevc-d3g/The.X-Files.S08E07.Via.Negativa.1080p.BluRay.10Bit.Dts-HDMa5.1.HEVC-d3g.mkv589,1080,1920,0,403,184,771,403,80592,0.039,"[[[0.15686275 0.10980392 0.07058824]  [0.14901961 0.10196079 0.05490196]  [0.14117648 0.09411765 0.04705882]  ...  [0.03137255 0.01176471 0.03137255]  [0.02352941 0.00392157 0.02352941]  [0.03137255 0.01176471 0.03137255]] [[0.15686275 0.10980392 0.06666667]  [0.14901961 0.09803922 0.05490196]  [0.14901961 0.10196079 0.05490196]  ...  [0.02745098 0.00392157 0.02352941]  [0.02352941 0.00392157 0.02352941]  [0.03137255 0.01176471 0.03137255]] [[0.15294118 0.10588235 0.0627451 ]  [0.14901961 0.10196079 0.05490196]  [0.15686275 0.10980392 0.0627451 ]  ...  [0.03529412 0.01176471 0.03137255]  [0.02745098 0.00784314 0.02745098]  [0.03137255 0.01176471 0.03137255]] ... [[0.16078432 0.10588235 0.07058824]  [0.1764706  0.12156863 0.08627451]  [0.16862746 0.11372549 0.07843138]  ...  [0.03921569 0.00784314 0.02745098]  [0.03529412 0.01176471 0.02745098]  [0.05098039 0.02745098 0.04313726]] [[0.15686275 0.10196079 0.06666667]  [0.16862746 0.11372549 0.07843138]  [0.16862746 0.11372549 0.07843138]  ...  [0.03529412 0.00392157 0.02352941]  [0.03529412 0.01176471 0.02745098]  [0.04705882 0.02352941 0.03921569]] [[0.16862746 0.11372549 0.07843138]  [0.15686275 0.10196079 0.06666667]  [0.16862746 0.11372549 0.07843138]  ...  [0.03921569 0.01176471 0.03137255]  [0.04313726 0.01960784 0.03529412]  [0.04313726 0.01960784 0.03529412]]]",3.2980171099188738,53688,/home/amos/media/tv/The X-Files S01-S11 BluRay 10Bit 1080p Dts-HDMa5 1 HEVC-d3g/The X-Files S08 br 10bit dts hevc-d3g/The.X-Files.S08E07.Via.Negativa.1080p.BluRay.10Bit.Dts-HDMa5.1.HEVC-d3g.mkv590,1080,1920,0,382,182,790,382,81600,0.039,"[[[0.15686275 0.10980392 0.07450981]  [0.15294118 0.10588235 0.07058824]  [0.16078432 0.11372549 0.07843138]  ...  [0.03529412 0.01568628 0.02745098]  [0.03529412 0.01960784 0.03137255]  [0.         0.         0.        ]] [[0.16470589 0.11764706 0.08235294]  [0.16078432 0.11372549 0.07843138]  [0.15294118 0.10588235 0.07058824]  ...  [0.03921569 0.01960784 0.03137255]  [0.03529412 0.01960784 0.03137255]  [0.         0.         0.        ]] [[0.16078432 0.11372549 0.07843138]  [0.15294118 0.10588235 0.07058824]  [0.14117648 0.09411765 0.05882353]  ...  [0.03137255 0.01176471 0.02352941]  [0.02745098 0.01176471 0.02352941]  [0.         0.         0.        ]] ... [[0.16470589 0.12156863 0.07843138]  [0.16078432 0.11372549 0.07450981]  [0.16470589 0.11764706 0.07843138]  ...  [0.03921569 0.01176471 0.02352941]  [0.04313726 0.02352941 0.03137255]  [0.         0.         0.        ]] [[0.16862746 0.12156863 0.08235294]  [0.16078432 0.11372549 0.07450981]  [0.16470589 0.11764706 0.07843138]  ...  [0.04313726 0.01568628 0.02745098]  [0.04313726 0.02352941 0.03137255]  [0.         0.         0.        ]] [[0.         0.         0.        ]  [0.         0.         0.        ]  [0.         0.         0.        ]  ...  [0.         0.         0.        ]  [0.         0.         0.        ]  [0.         0.         0.        ]]]",6.035866999300197,53760,/home/amos/media/tv/The X-Files S01-S11 BluRay 10Bit 1080p Dts-HDMa5 1 HEVC-d3g/The X-Files S08 br 10bit dts hevc-d3g/The.X-Files.S08E07.Via.Negativa.1080p.BluRay.10Bit.Dts-HDMa5.1.HEVC-d3g.mkv591,1080,1920,0,440,164,748,440,85008,0.041,"[[[0.10196079 0.03921569 0.03529412]  [0.10588235 0.04313726 0.04705882]  [0.11372549 0.05882353 0.05882353]  ...  [0.01960784 0.00784314 0.02352941]  [0.02352941 0.01176471 0.02745098]  [0.         0.         0.        ]] [[0.10588235 0.04313726 0.03921569]  [0.10196079 0.03921569 0.04313726]  [0.11372549 0.05882353 0.05882353]  ...  [0.01960784 0.00784314 0.02352941]  [0.02352941 0.01176471 0.02745098]  [0.         0.         0.        ]] [[0.11372549 0.05098039 0.04705882]  [0.10196079 0.03921569 0.04313726]  [0.09803922 0.04313726 0.04313726]  ...  [0.01960784 0.00784314 0.02352941]  [0.01568628 0.00392157 0.01960784]  [0.         0.         0.        ]] ... [[0.16862746 0.12156863 0.08627451]  [0.16078432 0.11372549 0.07843138]  [0.16470589 0.11764706 0.07843138]  ...  [0.03137255 0.00784314 0.02352941]  [0.02745098 0.00784314 0.02352941]  [0.         0.         0.        ]] [[0.16470589 0.11764706 0.08235294]  [0.16078432 0.11372549 0.07843138]  [0.16470589 0.11764706 0.07843138]  ...  [0.03529412 0.01176471 0.02745098]  [0.03137255 0.01176471 0.02745098]  [0.         0.         0.        ]] [[0.         0.         0.        ]  [0.         0.         0.        ]  [0.         0.         0.        ]  ...  [0.         0.         0.        ]  [0.         0.         0.        ]  [0.         0.         0.        ]]]",6.58405895793112,53784,/home/amos/media/tv/The X-Files S01-S11 BluRay 10Bit 1080p Dts-HDMa5 1 HEVC-d3g/The X-Files S08 br 10bit dts hevc-d3g/The.X-Files.S08E07.Via.Negativa.1080p.BluRay.10Bit.Dts-HDMa5.1.HEVC-d3g.mkv592,1080,1920,0,460,154,766,460,93636,0.045,"[[[0.07058824 0.01960784 0.01960784]  [0.07058824 0.01960784 0.01960784]  [0.07843138 0.03921569 0.02745098]  ...  [0.01568628 0.00784314 0.02352941]  [0.01568628 0.00784314 0.02352941]  [0.01568628 0.00784314 0.02352941]] [[0.07058824 0.01568628 0.01960784]  [0.07058824 0.01960784 0.01960784]  [0.08235294 0.04313726 0.03137255]  ...  [0.01176471 0.00392157 0.01960784]  [0.01176471 0.00784314 0.02352941]  [0.01568628 0.00784314 0.02352941]] [[0.07058824 0.01960784 0.02352941]  [0.07058824 0.01960784 0.01960784]  [0.07058824 0.03137255 0.01960784]  ...  [0.01176471 0.00392157 0.01960784]  [0.00784314 0.         0.01568628]  [0.01176471 0.00392157 0.01960784]] ... [[0.16078432 0.10980392 0.07450981]  [0.16078432 0.10980392 0.07450981]  [0.14901961 0.09411765 0.05882353]  ...  [0.03921569 0.01568628 0.03137255]  [0.03921569 0.01568628 0.03137255]  [0.03137255 0.00784314 0.02352941]] [[0.16078432 0.11372549 0.07450981]  [0.16862746 0.11764706 0.08235294]  [0.16078432 0.10980392 0.07450981]  ...  [0.03137255 0.00784314 0.02352941]  [0.03529412 0.01176471 0.02745098]  [0.03529412 0.01176471 0.02745098]] [[0.16862746 0.12156863 0.08235294]  [0.17254902 0.1254902  0.08627451]  [0.16470589 0.11764706 0.07843138]  ...  [0.02352941 0.         0.01568628]  [0.03137255 0.00392157 0.02352941]  [0.03529412 0.01176471 0.02745098]]]",6.094987998949364,53808,/home/amos/media/tv/The X-Files S01-S11 BluRay 10Bit 1080p Dts-HDMa5 1 HEVC-d3g/The X-Files S08 br 10bit dts hevc-d3g/The.X-Files.S08E07.Via.Negativa.1080p.BluRay.10Bit.Dts-HDMa5.1.HEVC-d3g.mkv593,1080,1920,0,412,173,766,412,84606,0.041,"[[[0.08235294 0.01960784 0.02352941]  [0.08235294 0.02745098 0.03137255]  [0.09411765 0.03921569 0.04705882]  ...  [0.02745098 0.01176471 0.02745098]  [0.02352941 0.01176471 0.02745098]  [0.02352941 0.01176471 0.02745098]] [[0.09411765 0.03137255 0.03529412]  [0.08627451 0.02745098 0.03529412]  [0.08235294 0.02352941 0.02745098]  ...  [0.02352941 0.00392157 0.02352941]  [0.03137255 0.01176471 0.02745098]  [0.02745098 0.01176471 0.02745098]] [[0.07843138 0.01568628 0.01960784]  [0.08627451 0.01960784 0.02745098]  [0.09411765 0.03921569 0.04313726]  ...  [0.01568628 0.         0.01176471]  [0.02745098 0.00784314 0.02352941]  [0.03529412 0.01568628 0.03137255]] ... [[0.16078432 0.11372549 0.07450981]  [0.15686275 0.10980392 0.07058824]  [0.16078432 0.11372549 0.07450981]  ...  [0.04313726 0.01960784 0.03137255]  [0.04313726 0.01960784 0.03137255]  [0.03921569 0.01568628 0.02745098]] [[0.16078432 0.11372549 0.07450981]  [0.15686275 0.10980392 0.07058824]  [0.16470589 0.11764706 0.07843138]  ...  [0.04313726 0.01960784 0.03137255]  [0.03529412 0.01176471 0.02352941]  [0.03529412 0.01176471 0.02352941]] [[0.16078432 0.11372549 0.07450981]  [0.15686275 0.10980392 0.07058824]  [0.16470589 0.11764706 0.07843138]  ...  [0.04313726 0.01960784 0.03137255]  [0.02352941 0.         0.01176471]  [0.03137255 0.00784314 0.01960784]]]",2.8997591037186794,53856,/home/amos/media/tv/The X-Files S01-S11 BluRay 10Bit 1080p Dts-HDMa5 1 HEVC-d3g/The X-Files S08 br 10bit dts hevc-d3g/The.X-Files.S08E07.Via.Negativa.1080p.BluRay.10Bit.Dts-HDMa5.1.HEVC-d3g.mkv594,1080,1920,0,383,177,786,383,83018,0.04,"[[[0.16078432 0.11372549 0.07450981]  [0.16470589 0.11764706 0.07843138]  [0.15686275 0.10980392 0.07058824]  ...  [0.03921569 0.01568628 0.03137255]  [0.04313726 0.02352941 0.03529412]  [0.03921569 0.01960784 0.03529412]] [[0.16078432 0.11372549 0.07843138]  [0.16470589 0.11764706 0.08235294]  [0.15294118 0.10588235 0.07058824]  ...  [0.03529412 0.01176471 0.02352941]  [0.03921569 0.01568628 0.03137255]  [0.03921569 0.01960784 0.03921569]] [[0.16078432 0.11372549 0.07843138]  [0.16078432 0.11372549 0.07843138]  [0.15294118 0.10588235 0.07058824]  ...  [0.03529412 0.01176471 0.02352941]  [0.03921569 0.01568628 0.03137255]  [0.03921569 0.01960784 0.03529412]] ... [[0.15686275 0.10980392 0.07058824]  [0.18039216 0.13333334 0.09411765]  [0.16470589 0.11764706 0.07843138]  ...  [0.04705882 0.01176471 0.02745098]  [0.04313726 0.00784314 0.02352941]  [0.04313726 0.00784314 0.02352941]] [[0.16862746 0.12156863 0.08235294]  [0.1764706  0.12941177 0.09019608]  [0.16078432 0.11372549 0.07450981]  ...  [0.05098039 0.01568628 0.03137255]  [0.05098039 0.01568628 0.03137255]  [0.04313726 0.01176471 0.02745098]] [[0.1764706  0.12941177 0.08627451]  [0.16862746 0.12156863 0.07843138]  [0.14901961 0.10196079 0.0627451 ]  ...  [0.05490196 0.01960784 0.03529412]  [0.05098039 0.01960784 0.03529412]  [0.05098039 0.01960784 0.03529412]]]",6.127635023382027,53880,/home/amos/media/tv/The X-Files S01-S11 BluRay 10Bit 1080p Dts-HDMa5 1 HEVC-d3g/The X-Files S08 br 10bit dts hevc-d3g/The.X-Files.S08E07.Via.Negativa.1080p.BluRay.10Bit.Dts-HDMa5.1.HEVC-d3g.mkv595,1080,1920,0,405,169,802,405,93692,0.045,"[[[0. 0. 0.]  [0. 0. 0.]  [0. 0. 0.]  ...  [0. 0. 0.]  [0. 0. 0.]  [0. 0. 0.]] [[0. 0. 0.]  [0. 0. 0.]  [0. 0. 0.]  ...  [0. 0. 0.]  [0. 0. 0.]  [0. 0. 0.]] [[0. 0. 0.]  [0. 0. 0.]  [0. 0. 0.]  ...  [0. 0. 0.]  [0. 0. 0.]  [0. 0. 0.]] ... [[0. 0. 0.]  [0. 0. 0.]  [0. 0. 0.]  ...  [0. 0. 0.]  [0. 0. 0.]  [0. 0. 0.]] [[0. 0. 0.]  [0. 0. 0.]  [0. 0. 0.]  ...  [0. 0. 0.]  [0. 0. 0.]  [0. 0. 0.]] [[0. 0. 0.]  [0. 0. 0.]  [0. 0. 0.]  ...  [0. 0. 0.]  [0. 0. 0.]  [0. 0. 0.]]]",4.669077030615881,53904,/home/amos/media/tv/The X-Files S01-S11 BluRay 10Bit 1080p Dts-HDMa5 1 HEVC-d3g/The X-Files S08 br 10bit dts hevc-d3g/The.X-Files.S08E07.Via.Negativa.1080p.BluRay.10Bit.Dts-HDMa5.1.HEVC-d3g.mkv596,1080,1920,0,375,186,814,375,82971,0.04,"[[[0.16470589 0.11372549 0.07843138]  [0.16470589 0.11764706 0.08235294]  [0.16470589 0.11764706 0.08235294]  ...  [0.03921569 0.00784314 0.02352941]  [0.03137255 0.00784314 0.02352941]  [0.03137255 0.00784314 0.02352941]] [[0.16470589 0.11764706 0.08235294]  [0.16470589 0.11764706 0.08235294]  [0.16078432 0.11372549 0.07843138]  ...  [0.03137255 0.         0.01568628]  [0.03529412 0.00784314 0.02745098]  [0.03921569 0.01176471 0.03137255]] [[0.16078432 0.11372549 0.07843138]  [0.16470589 0.11764706 0.08235294]  [0.15686275 0.10980392 0.07450981]  ...  [0.03529412 0.00784314 0.02352941]  [0.03137255 0.00784314 0.02352941]  [0.02745098 0.00392157 0.01960784]] ... [[0.16470589 0.11764706 0.08235294]  [0.16470589 0.11764706 0.08235294]  [0.16078432 0.11372549 0.07843138]  ...  [0.05490196 0.02352941 0.03529412]  [0.04705882 0.01176471 0.02745098]  [0.04313726 0.00784314 0.02352941]] [[0.16862746 0.12156863 0.08627451]  [0.16862746 0.12156863 0.08627451]  [0.16470589 0.11764706 0.08235294]  ...  [0.05490196 0.01960784 0.03529412]  [0.05098039 0.01568628 0.03137255]  [0.04313726 0.00784314 0.02352941]] [[0.16862746 0.12156863 0.09019608]  [0.16470589 0.11764706 0.08235294]  [0.16470589 0.11764706 0.08235294]  ...  [0.04705882 0.01176471 0.02745098]  [0.05098039 0.01568628 0.03137255]  [0.05490196 0.01960784 0.03529412]]]",5.215370974328835,53928,/home/amos/media/tv/The X-Files S01-S11 BluRay 10Bit 1080p Dts-HDMa5 1 HEVC-d3g/The X-Files S08 br 10bit dts hevc-d3g/The.X-Files.S08E07.Via.Negativa.1080p.BluRay.10Bit.Dts-HDMa5.1.HEVC-d3g.mkv597,1080,1920,0,445,148,780,445,99495,0.048,"[[[0.07843138 0.02352941 0.02352941]  [0.09019608 0.03529412 0.03529412]  [0.10196079 0.05098039 0.04313726]  ...  [0.01568628 0.00784314 0.01176471]  [0.01568628 0.00784314 0.01568628]  [0.01960784 0.01176471 0.02745098]] [[0.08627451 0.03137255 0.03137255]  [0.07843138 0.02352941 0.02352941]  [0.09019608 0.03921569 0.03529412]  ...  [0.01568628 0.01176471 0.01176471]  [0.01176471 0.00784314 0.01568628]  [0.01568628 0.00784314 0.02352941]] [[0.08627451 0.03137255 0.03137255]  [0.08235294 0.02745098 0.02745098]  [0.09019608 0.03529412 0.03529412]  ...  [0.00784314 0.00392157 0.00784314]  [0.00784314 0.         0.00784314]  [0.00784314 0.00392157 0.01568628]] ... [[0.16078432 0.11372549 0.07843138]  [0.16470589 0.11764706 0.08235294]  [0.16862746 0.12156863 0.08627451]  ...  [0.03137255 0.00784314 0.03137255]  [0.03137255 0.00784314 0.02745098]  [0.03137255 0.00784314 0.02745098]] [[0.17254902 0.1254902  0.09019608]  [0.16078432 0.11372549 0.07843138]  [0.16470589 0.11764706 0.08235294]  ...  [0.03921569 0.01568628 0.03529412]  [0.04313726 0.01960784 0.03921569]  [0.03529412 0.01176471 0.03137255]] [[0.16078432 0.11372549 0.07843138]  [0.15686275 0.10980392 0.07450981]  [0.1764706  0.12941177 0.09411765]  ...  [0.03921569 0.01568628 0.03529412]  [0.04313726 0.01960784 0.03921569]  [0.04313726 0.01960784 0.03921569]]]",6.779968077724334,53952,/home/amos/media/tv/The X-Files S01-S11 BluRay 10Bit 1080p Dts-HDMa5 1 HEVC-d3g/The X-Files S08 br 10bit dts hevc-d3g/The.X-Files.S08E07.Via.Negativa.1080p.BluRay.10Bit.Dts-HDMa5.1.HEVC-d3g.mkv598,1080,1920,0,399,168,792,399,90783,0.044,"[[[0.14901961 0.09411765 0.06666667]  [0.15686275 0.09803922 0.07843138]  [0.16078432 0.10196079 0.08627451]  ...  [0.02352941 0.00784314 0.02745098]  [0.02745098 0.01176471 0.03137255]  [0.03137255 0.01568628 0.03529412]] [[0.15686275 0.10196079 0.07450981]  [0.15686275 0.09803922 0.07843138]  [0.16470589 0.10588235 0.09019608]  ...  [0.02352941 0.00784314 0.02745098]  [0.02745098 0.01176471 0.03137255]  [0.02745098 0.01176471 0.03137255]] [[0.16470589 0.10980392 0.08235294]  [0.17254902 0.11372549 0.09411765]  [0.16470589 0.10588235 0.09019608]  ...  [0.01960784 0.00392157 0.02352941]  [0.03137255 0.01176471 0.03529412]  [0.03137255 0.01568628 0.03529412]] ... [[0.16078432 0.11372549 0.07450981]  [0.16078432 0.11372549 0.07450981]  [0.16862746 0.12156863 0.08235294]  ...  [0.02352941 0.         0.01176471]  [0.03137255 0.00784314 0.01960784]  [0.04313726 0.01960784 0.03137255]] [[0.16470589 0.12156863 0.07843138]  [0.15686275 0.10980392 0.07058824]  [0.16078432 0.11372549 0.07450981]  ...  [0.03921569 0.01568628 0.02745098]  [0.04313726 0.01960784 0.03137255]  [0.04705882 0.02352941 0.03529412]] [[0.16862746 0.12156863 0.08235294]  [0.16470589 0.11764706 0.07843138]  [0.15686275 0.10980392 0.07058824]  ...  [0.04313726 0.01960784 0.03137255]  [0.04705882 0.02352941 0.03529412]  [0.03529412 0.01176471 0.02352941]]]",4.121076955634635,53976,/home/amos/media/tv/The X-Files S01-S11 BluRay 10Bit 1080p Dts-HDMa5 1 HEVC-d3g/The X-Files S08 br 10bit dts hevc-d3g/The.X-Files.S08E07.Via.Negativa.1080p.BluRay.10Bit.Dts-HDMa5.1.HEVC-d3g.mkv599,1080,1920,0,393,165,782,393,88692,0.043,"[[[0.10196079 0.05098039 0.04705882]  [0.12156863 0.07450981 0.05882353]  [0.14509805 0.09411765 0.07450981]  ...  [0.03529412 0.01960784 0.03529412]  [0.03529412 0.01960784 0.03529412]  [0.02352941 0.00784314 0.02352941]] [[0.10196079 0.05490196 0.04705882]  [0.12941177 0.08235294 0.0627451 ]  [0.14117648 0.09019608 0.07058824]  ...  [0.03137255 0.01568628 0.03137255]  [0.02745098 0.01176471 0.02745098]  [0.01960784 0.00392157 0.01960784]] [[0.11372549 0.06666667 0.04705882]  [0.12941177 0.08235294 0.05882353]  [0.14509805 0.09803922 0.07450981]  ...  [0.02745098 0.01176471 0.02745098]  [0.02745098 0.01176471 0.02745098]  [0.02745098 0.01176471 0.02745098]] ... [[0.16862746 0.12156863 0.08235294]  [0.16078432 0.11372549 0.07450981]  [0.15294118 0.10588235 0.06666667]  ...  [0.03921569 0.01960784 0.02745098]  [0.03529412 0.01568628 0.01960784]  [0.02745098 0.00784314 0.01176471]] [[0.15686275 0.10980392 0.07058824]  [0.15294118 0.10196079 0.0627451 ]  [0.16470589 0.11764706 0.07843138]  ...  [0.04705882 0.02745098 0.03529412]  [0.04313726 0.02352941 0.02745098]  [0.03921569 0.01960784 0.02352941]] [[0.14117648 0.09411765 0.05490196]  [0.14901961 0.10196079 0.0627451 ]  [0.16862746 0.12156863 0.08235294]  ...  [0.03529412 0.01568628 0.02352941]  [0.03921569 0.01960784 0.02352941]  [0.04705882 0.02745098 0.03137255]]]",6.043051950400695,54000,/home/amos/media/tv/The X-Files S01-S11 BluRay 10Bit 1080p Dts-HDMa5 1 HEVC-d3g/The X-Files S08 br 10bit dts hevc-d3g/The.X-Files.S08E07.Via.Negativa.1080p.BluRay.10Bit.Dts-HDMa5.1.HEVC-d3g.mkv600,1080,1920,0,443,164,839,443,110484,0.053,"[[[0.15294118 0.10588235 0.07058824]  [0.14901961 0.10196079 0.06666667]  [0.15294118 0.10588235 0.07058824]  ...  [0.02352941 0.01176471 0.02745098]  [0.02745098 0.01568628 0.03137255]  [0.01960784 0.01176471 0.02745098]] [[0.15686275 0.10980392 0.07450981]  [0.15294118 0.10588235 0.07058824]  [0.14901961 0.10196079 0.06666667]  ...  [0.01960784 0.00784314 0.02352941]  [0.02745098 0.01568628 0.03137255]  [0.01960784 0.01176471 0.02745098]] [[0.16078432 0.11372549 0.07843138]  [0.15686275 0.10980392 0.07450981]  [0.15686275 0.10980392 0.07450981]  ...  [0.01960784 0.00784314 0.02352941]  [0.02745098 0.01568628 0.03137255]  [0.01960784 0.01176471 0.02745098]] ... [[0.14901961 0.10196079 0.06666667]  [0.15294118 0.10588235 0.07058824]  [0.15686275 0.10980392 0.07450981]  ...  [0.02352941 0.00784314 0.02352941]  [0.02352941 0.00784314 0.02352941]  [0.02352941 0.00784314 0.02352941]] [[0.14901961 0.10196079 0.06666667]  [0.14901961 0.10196079 0.06666667]  [0.15686275 0.10588235 0.07450981]  ...  [0.02352941 0.00784314 0.02352941]  [0.02352941 0.01176471 0.02352941]  [0.02745098 0.01176471 0.02745098]] [[0.15686275 0.10980392 0.07450981]  [0.16470589 0.11764706 0.08235294]  [0.16470589 0.11764706 0.07843138]  ...  [0.02352941 0.00784314 0.02352941]  [0.02745098 0.01176471 0.02745098]  [0.02745098 0.01176471 0.02745098]]]",6.577294954797253,54120,/home/amos/media/tv/The X-Files S01-S11 BluRay 10Bit 1080p Dts-HDMa5 1 HEVC-d3g/The X-Files S08 br 10bit dts hevc-d3g/The.X-Files.S08E07.Via.Negativa.1080p.BluRay.10Bit.Dts-HDMa5.1.HEVC-d3g.mkv601,1080,1920,0,399,179,845,399,98120,0.047,"[[[0.15686275 0.10980392 0.07450981]  [0.16078432 0.11372549 0.07843138]  [0.15686275 0.10980392 0.07450981]  ...  [0.03137255 0.01176471 0.01960784]  [0.02745098 0.00784314 0.01568628]  [0.03529412 0.01568628 0.02352941]] [[0.15294118 0.10196079 0.06666667]  [0.15686275 0.10980392 0.07450981]  [0.16078432 0.11372549 0.07843138]  ...  [0.03529412 0.01568628 0.02352941]  [0.03137255 0.01176471 0.01960784]  [0.03529412 0.01568628 0.02352941]] [[0.16078432 0.11372549 0.07843138]  [0.16078432 0.11372549 0.07843138]  [0.15294118 0.10588235 0.07058824]  ...  [0.05098039 0.03137255 0.03921569]  [0.04313726 0.02352941 0.03137255]  [0.04313726 0.02352941 0.03137255]] ... [[0.16078432 0.11372549 0.08235294]  [0.15294118 0.10588235 0.07058824]  [0.15686275 0.10980392 0.07450981]  ...  [0.02745098 0.00392157 0.01568628]  [0.04313726 0.01960784 0.03137255]  [0.03137255 0.00784314 0.01960784]] [[0.16862746 0.11764706 0.08627451]  [0.16862746 0.12156863 0.08627451]  [0.16078432 0.11372549 0.07843138]  ...  [0.03529412 0.01176471 0.02745098]  [0.04313726 0.01960784 0.03529412]  [0.02745098 0.00392157 0.01960784]] [[0.16470589 0.11764706 0.08235294]  [0.16862746 0.12156863 0.08627451]  [0.15686275 0.10980392 0.07450981]  ...  [0.03529412 0.01176471 0.02745098]  [0.04313726 0.01960784 0.03529412]  [0.02745098 0.00392157 0.01960784]]]",2.663510035199579,54144,/home/amos/media/tv/The X-Files S01-S11 BluRay 10Bit 1080p Dts-HDMa5 1 HEVC-d3g/The X-Files S08 br 10bit dts hevc-d3g/The.X-Files.S08E07.Via.Negativa.1080p.BluRay.10Bit.Dts-HDMa5.1.HEVC-d3g.mkv602,1080,1920,0,396,183,826,396,91590,0.044,"[[[0.15294118 0.10588235 0.07058824]  [0.16862746 0.12156863 0.08627451]  [0.16862746 0.1254902  0.09019608]  ...  [0.03529412 0.01568628 0.02352941]  [0.03529412 0.01176471 0.01960784]  [0.03529412 0.01176471 0.02352941]] [[0.16078432 0.11372549 0.07843138]  [0.16862746 0.12156863 0.08627451]  [0.17254902 0.1254902  0.09019608]  ...  [0.03529412 0.01568628 0.02352941]  [0.03137255 0.00784314 0.01960784]  [0.03921569 0.01568628 0.02745098]] [[0.16470589 0.11764706 0.08235294]  [0.15294118 0.10588235 0.07058824]  [0.16078432 0.11372549 0.07843138]  ...  [0.03921569 0.01960784 0.02745098]  [0.04313726 0.01960784 0.03137255]  [0.03921569 0.01568628 0.02745098]] ... [[0.15686275 0.10980392 0.07058824]  [0.15686275 0.10980392 0.07058824]  [0.16078432 0.11372549 0.07450981]  ...  [0.03921569 0.01176471 0.03137255]  [0.03137255 0.00784314 0.02745098]  [0.03137255 0.00784314 0.02745098]] [[0.16078432 0.11372549 0.07450981]  [0.16470589 0.11764706 0.07843138]  [0.16470589 0.11764706 0.07843138]  ...  [0.03529412 0.00392157 0.02352941]  [0.03137255 0.00392157 0.02352941]  [0.03137255 0.00392157 0.02352941]] [[0.16078432 0.11372549 0.07450981]  [0.16078432 0.11372549 0.07450981]  [0.16078432 0.11372549 0.07450981]  ...  [0.03529412 0.00784314 0.02352941]  [0.03137255 0.00784314 0.02352941]  [0.03137255 0.00392157 0.02352941]]]",2.909062178921886,54168,/home/amos/media/tv/The X-Files S01-S11 BluRay 10Bit 1080p Dts-HDMa5 1 HEVC-d3g/The X-Files S08 br 10bit dts hevc-d3g/The.X-Files.S08E07.Via.Negativa.1080p.BluRay.10Bit.Dts-HDMa5.1.HEVC-d3g.mkv603,1080,1920,0,481,134,781,481,104100,0.05,"[[[0.16078432 0.11372549 0.07843138]  [0.15686275 0.10980392 0.07450981]  [0.14901961 0.10196079 0.07058824]  ...  [0.00784314 0.         0.01568628]  [0.01176471 0.00392157 0.02352941]  [0.01568628 0.00784314 0.02352941]] [[0.16078432 0.11372549 0.07843138]  [0.15294118 0.10588235 0.07058824]  [0.15294118 0.10196079 0.06666667]  ...  [0.01568628 0.00784314 0.02352941]  [0.01176471 0.00392157 0.01960784]  [0.01176471 0.00392157 0.01960784]] [[0.16078432 0.11372549 0.07843138]  [0.16862746 0.12156863 0.08627451]  [0.15686275 0.10980392 0.07450981]  ...  [0.02745098 0.01960784 0.03529412]  [0.01176471 0.00392157 0.02352941]  [0.00784314 0.         0.01568628]] ... [[0.16862746 0.11372549 0.07843138]  [0.17254902 0.11764706 0.08235294]  [0.16470589 0.10980392 0.07450981]  ...  [0.02352941 0.00392157 0.02352941]  [0.02352941 0.00392157 0.02352941]  [0.02352941 0.00392157 0.02352941]] [[0.16862746 0.11372549 0.07843138]  [0.16862746 0.11372549 0.07843138]  [0.15294118 0.09803922 0.0627451 ]  ...  [0.01960784 0.         0.01960784]  [0.03137255 0.01176471 0.03137255]  [0.02352941 0.00392157 0.02352941]] [[0.17254902 0.11764706 0.08235294]  [0.16862746 0.11372549 0.08235294]  [0.16862746 0.11372549 0.07843138]  ...  [0.01960784 0.         0.01960784]  [0.02745098 0.00784314 0.02745098]  [0.02745098 0.00784314 0.02745098]]]",5.715631915081758,54192,/home/amos/media/tv/The X-Files S01-S11 BluRay 10Bit 1080p Dts-HDMa5 1 HEVC-d3g/The X-Files S08 br 10bit dts hevc-d3g/The.X-Files.S08E07.Via.Negativa.1080p.BluRay.10Bit.Dts-HDMa5.1.HEVC-d3g.mkv604,1080,1920,0,430,169,777,430,90567,0.044,"[[[0.16078432 0.11372549 0.07843138]  [0.16078432 0.11372549 0.07843138]  [0.16078432 0.11372549 0.07843138]  ...  [0.02745098 0.01176471 0.03137255]  [0.02352941 0.00784314 0.02745098]  [0.03137255 0.01568628 0.03529412]] [[0.15686275 0.10980392 0.07450981]  [0.15686275 0.10980392 0.07450981]  [0.15686275 0.10980392 0.07450981]  ...  [0.02745098 0.01176471 0.03137255]  [0.02745098 0.00784314 0.02745098]  [0.03137255 0.01568628 0.03529412]] [[0.15686275 0.10980392 0.07450981]  [0.15686275 0.10980392 0.07450981]  [0.15686275 0.10980392 0.07450981]  ...  [0.02745098 0.01176471 0.03137255]  [0.02352941 0.00784314 0.02745098]  [0.03137255 0.01568628 0.03529412]] ... [[0.16862746 0.12156863 0.07843138]  [0.16862746 0.12156863 0.07843138]  [0.16078432 0.11372549 0.07058824]  ...  [0.03137255 0.00784314 0.02352941]  [0.02745098 0.00392157 0.01960784]  [0.03137255 0.00784314 0.02352941]] [[0.16078432 0.11372549 0.07058824]  [0.16862746 0.12156863 0.07843138]  [0.16078432 0.11372549 0.07450981]  ...  [0.03137255 0.00784314 0.02352941]  [0.03529412 0.01176471 0.02745098]  [0.03529412 0.01176471 0.02745098]] [[0.16470589 0.11764706 0.07450981]  [0.17254902 0.1254902  0.08235294]  [0.16470589 0.11764706 0.07843138]  ...  [0.03529412 0.01176471 0.02745098]  [0.03529412 0.01176471 0.02745098]  [0.03921569 0.01568628 0.03137255]]]",4.790558949869592,54216,/home/amos/media/tv/The X-Files S01-S11 BluRay 10Bit 1080p Dts-HDMa5 1 HEVC-d3g/The X-Files S08 br 10bit dts hevc-d3g/The.X-Files.S08E07.Via.Negativa.1080p.BluRay.10Bit.Dts-HDMa5.1.HEVC-d3g.mkv605,1080,1920,0,405,169,776,405,87556,0.042,"[[[0.15686275 0.10980392 0.07450981]  [0.16078432 0.11372549 0.07843138]  [0.16078432 0.11372549 0.07843138]  ...  [0.03529412 0.01568628 0.02352941]  [0.04313726 0.02352941 0.03137255]  [0.         0.         0.        ]] [[0.15686275 0.10980392 0.07450981]  [0.15686275 0.10980392 0.07450981]  [0.15686275 0.10980392 0.07450981]  ...  [0.03529412 0.01568628 0.02352941]  [0.03137255 0.01176471 0.01960784]  [0.         0.         0.        ]] [[0.15686275 0.10980392 0.07450981]  [0.15686275 0.10980392 0.07450981]  [0.15294118 0.10588235 0.07058824]  ...  [0.02745098 0.00392157 0.01568628]  [0.02352941 0.         0.00784314]  [0.         0.         0.        ]] ... [[0.15294118 0.10588235 0.07058824]  [0.14901961 0.10196079 0.06666667]  [0.15686275 0.10980392 0.07450981]  ...  [0.05098039 0.01568628 0.03137255]  [0.05098039 0.01568628 0.03137255]  [0.         0.         0.        ]] [[0.15294118 0.10980392 0.07058824]  [0.15294118 0.10980392 0.07058824]  [0.15686275 0.10980392 0.07450981]  ...  [0.05490196 0.01960784 0.03529412]  [0.05490196 0.01960784 0.03529412]  [0.         0.         0.        ]] [[0.         0.         0.        ]  [0.         0.         0.        ]  [0.         0.         0.        ]  ...  [0.         0.         0.        ]  [0.         0.         0.        ]  [0.         0.         0.        ]]]",6.008820016460959,54240,/home/amos/media/tv/The X-Files S01-S11 BluRay 10Bit 1080p Dts-HDMa5 1 HEVC-d3g/The X-Files S08 br 10bit dts hevc-d3g/The.X-Files.S08E07.Via.Negativa.1080p.BluRay.10Bit.Dts-HDMa5.1.HEVC-d3g.mkv606,1080,1920,0,465,143,783,465,102396,0.049,"[[[0.14901961 0.10196079 0.06666667]  [0.14901961 0.10196079 0.06666667]  [0.15686275 0.10980392 0.07450981]  ...  [0.02352941 0.01568628 0.02745098]  [0.02745098 0.01176471 0.02745098]  [0.02352941 0.01176471 0.02745098]] [[0.15686275 0.10980392 0.07450981]  [0.15294118 0.10588235 0.07058824]  [0.15686275 0.11372549 0.07843138]  ...  [0.02352941 0.01176471 0.02745098]  [0.03137255 0.01960784 0.03529412]  [0.02745098 0.01568628 0.03137255]] [[0.16078432 0.11372549 0.07843138]  [0.14901961 0.10196079 0.06666667]  [0.15686275 0.10980392 0.07450981]  ...  [0.02745098 0.01568628 0.03137255]  [0.02745098 0.01568628 0.03137255]  [0.01960784 0.00784314 0.02352941]] ... [[0.16862746 0.12156863 0.08627451]  [0.16078432 0.11372549 0.07843138]  [0.16078432 0.11372549 0.07843138]  ...  [0.03137255 0.00784314 0.01960784]  [0.03137255 0.00392157 0.01960784]  [0.03921569 0.01568628 0.02745098]] [[0.16470589 0.12156863 0.08627451]  [0.16862746 0.12156863 0.08627451]  [0.16862746 0.12156863 0.08627451]  ...  [0.03529412 0.01176471 0.01960784]  [0.03137255 0.00784314 0.01960784]  [0.04313726 0.01960784 0.03137255]] [[0.16078432 0.11372549 0.07843138]  [0.16470589 0.11764706 0.08235294]  [0.17254902 0.1254902  0.09019608]  ...  [0.03137255 0.00784314 0.02352941]  [0.02745098 0.00392157 0.01960784]  [0.04313726 0.01960784 0.03137255]]]",4.422049134445842,54264,/home/amos/media/tv/The X-Files S01-S11 BluRay 10Bit 1080p Dts-HDMa5 1 HEVC-d3g/The X-Files S08 br 10bit dts hevc-d3g/The.X-Files.S08E07.Via.Negativa.1080p.BluRay.10Bit.Dts-HDMa5.1.HEVC-d3g.mkv607,1080,1920,0,420,149,768,420,94308,0.045,"[[[0.16862746 0.12156863 0.08235294]  [0.16078432 0.11372549 0.07450981]  [0.15294118 0.10588235 0.06666667]  ...  [0.03921569 0.01568628 0.03137255]  [0.03921569 0.01960784 0.03529412]  [0.03529412 0.01176471 0.02745098]] [[0.16078432 0.11372549 0.07450981]  [0.15686275 0.10980392 0.07058824]  [0.15686275 0.10980392 0.07058824]  ...  [0.03137255 0.00784314 0.02352941]  [0.03529412 0.01176471 0.02745098]  [0.03137255 0.00784314 0.02352941]] [[0.16078432 0.11372549 0.07450981]  [0.16078432 0.11372549 0.07450981]  [0.16470589 0.11764706 0.07843138]  ...  [0.03921569 0.01568628 0.03137255]  [0.03529412 0.01176471 0.02745098]  [0.03137255 0.00784314 0.02352941]] ... [[0.16078432 0.10588235 0.06666667]  [0.18039216 0.12941177 0.08627451]  [0.1764706  0.12156863 0.08235294]  ...  [0.03137255 0.         0.01960784]  [0.03921569 0.00784314 0.02352941]  [0.03921569 0.00784314 0.02352941]] [[0.16078432 0.10980392 0.06666667]  [0.18039216 0.1254902  0.08627451]  [0.18039216 0.1254902  0.08627451]  ...  [0.04705882 0.01568628 0.03529412]  [0.05098039 0.01960784 0.03529412]  [0.05098039 0.01960784 0.03529412]] [[0.17254902 0.11764706 0.07843138]  [0.17254902 0.11764706 0.07843138]  [0.17254902 0.11764706 0.07843138]  ...  [0.04705882 0.01568628 0.03529412]  [0.04313726 0.01176471 0.03137255]  [0.03921569 0.00784314 0.02352941]]]",5.309619103034493,54288,/home/amos/media/tv/The X-Files S01-S11 BluRay 10Bit 1080p Dts-HDMa5 1 HEVC-d3g/The X-Files S08 br 10bit dts hevc-d3g/The.X-Files.S08E07.Via.Negativa.1080p.BluRay.10Bit.Dts-HDMa5.1.HEVC-d3g.mkv608,1080,1920,0,477,136,720,477,82863,0.04,"[[[0. 0. 0.]  [0. 0. 0.]  [0. 0. 0.]  ...  [0. 0. 0.]  [0. 0. 0.]  [0. 0. 0.]] [[0. 0. 0.]  [0. 0. 0.]  [0. 0. 0.]  ...  [0. 0. 0.]  [0. 0. 0.]  [0. 0. 0.]] [[0. 0. 0.]  [0. 0. 0.]  [0. 0. 0.]  ...  [0. 0. 0.]  [0. 0. 0.]  [0. 0. 0.]] ... [[0. 0. 0.]  [0. 0. 0.]  [0. 0. 0.]  ...  [0. 0. 0.]  [0. 0. 0.]  [0. 0. 0.]] [[0. 0. 0.]  [0. 0. 0.]  [0. 0. 0.]  ...  [0. 0. 0.]  [0. 0. 0.]  [0. 0. 0.]] [[0. 0. 0.]  [0. 0. 0.]  [0. 0. 0.]  ...  [0. 0. 0.]  [0. 0. 0.]  [0. 0. 0.]]]",4.808465925743803,54312,/home/amos/media/tv/The X-Files S01-S11 BluRay 10Bit 1080p Dts-HDMa5 1 HEVC-d3g/The X-Files S08 br 10bit dts hevc-d3g/The.X-Files.S08E07.Via.Negativa.1080p.BluRay.10Bit.Dts-HDMa5.1.HEVC-d3g.mkv609,1080,1920,0,471,128,765,471,100842,0.049,"[[[0.16078432 0.11372549 0.07843138]  [0.16470589 0.11764706 0.08235294]  [0.16078432 0.11372549 0.07843138]  ...  [0.02745098 0.00784314 0.02745098]  [0.02745098 0.00784314 0.02745098]  [0.03137255 0.01176471 0.03137255]] [[0.16470589 0.11764706 0.08235294]  [0.16470589 0.11764706 0.08235294]  [0.15294118 0.10588235 0.07058824]  ...  [0.02352941 0.00392157 0.02352941]  [0.02352941 0.00392157 0.02352941]  [0.02745098 0.00784314 0.02745098]] [[0.15686275 0.10980392 0.07450981]  [0.15686275 0.10980392 0.07450981]  [0.15294118 0.10588235 0.07058824]  ...  [0.02745098 0.00784314 0.02745098]  [0.02352941 0.         0.02352941]  [0.01960784 0.         0.01960784]] ... [[0.16862746 0.11372549 0.08235294]  [0.1764706  0.12156863 0.08627451]  [0.16470589 0.10980392 0.07058824]  ...  [0.03921569 0.00784314 0.02352941]  [0.03921569 0.01568628 0.02745098]  [0.03529412 0.01176471 0.02745098]] [[0.1764706  0.11764706 0.08627451]  [0.18039216 0.12156863 0.08627451]  [0.1764706  0.11764706 0.07843138]  ...  [0.03137255 0.         0.01568628]  [0.03529412 0.01176471 0.02352941]  [0.03529412 0.01176471 0.02745098]] [[0.1764706  0.11764706 0.08627451]  [0.18039216 0.12156863 0.08235294]  [0.18039216 0.12156863 0.08235294]  ...  [0.03529412 0.00392157 0.01960784]  [0.03137255 0.00784314 0.01960784]  [0.03137255 0.00784314 0.02352941]]]",6.583241046406329,54336,/home/amos/media/tv/The X-Files S01-S11 BluRay 10Bit 1080p Dts-HDMa5 1 HEVC-d3g/The X-Files S08 br 10bit dts hevc-d3g/The.X-Files.S08E07.Via.Negativa.1080p.BluRay.10Bit.Dts-HDMa5.1.HEVC-d3g.mkv610,1080,1920,0,632,21,812,632,109980,0.053,"[[[0.13725491 0.10196079 0.0627451 ]  [0.13333334 0.09803922 0.05882353]  [0.13333334 0.09803922 0.05882353]  ...  [0.04313726 0.01960784 0.02352941]  [0.03137255 0.01176471 0.01960784]  [0.03137255 0.00784314 0.01960784]] [[0.13333334 0.09803922 0.05882353]  [0.13333334 0.09803922 0.05882353]  [0.14117648 0.10588235 0.06666667]  ...  [0.03137255 0.01176471 0.01568628]  [0.02745098 0.00784314 0.01568628]  [0.03137255 0.00784314 0.01960784]] [[0.13725491 0.10196079 0.0627451 ]  [0.14117648 0.10588235 0.06666667]  [0.14117648 0.10588235 0.06666667]  ...  [0.03137255 0.01176471 0.01568628]  [0.03137255 0.01176471 0.01960784]  [0.02352941 0.         0.01176471]] ... [[0.14901961 0.10588235 0.07058824]  [0.13333334 0.09411765 0.05882353]  [0.13725491 0.09411765 0.05882353]  ...  [0.02745098 0.00784314 0.02352941]  [0.02352941 0.00392157 0.01960784]  [0.01960784 0.         0.01960784]] [[0.14117648 0.09803922 0.0627451 ]  [0.14509805 0.10196079 0.06666667]  [0.14117648 0.09803922 0.0627451 ]  ...  [0.02352941 0.00784314 0.01960784]  [0.02745098 0.00784314 0.02352941]  [0.02352941 0.00392157 0.02352941]] [[0.12156863 0.07843138 0.04313726]  [0.14117648 0.09803922 0.0627451 ]  [0.14117648 0.09803922 0.0627451 ]  ...  [0.02745098 0.00784314 0.02352941]  [0.03137255 0.01176471 0.02745098]  [0.02745098 0.00784314 0.02745098]]]",3.6438981175306253,54552,/home/amos/media/tv/The X-Files S01-S11 BluRay 10Bit 1080p Dts-HDMa5 1 HEVC-d3g/The X-Files S08 br 10bit dts hevc-d3g/The.X-Files.S08E07.Via.Negativa.1080p.BluRay.10Bit.Dts-HDMa5.1.HEVC-d3g.mkv611,1080,1920,0,614,30,763,614,87016,0.042,"[[[0.13333334 0.09803922 0.05882353]  [0.14117648 0.09803922 0.0627451 ]  [0.14117648 0.09803922 0.0627451 ]  ...  [0.04313726 0.00392157 0.01176471]  [0.04313726 0.00392157 0.01176471]  [0.05490196 0.01568628 0.02745098]] [[0.13333334 0.09803922 0.05882353]  [0.14117648 0.09803922 0.0627451 ]  [0.14117648 0.09803922 0.0627451 ]  ...  [0.05098039 0.01176471 0.01960784]  [0.0627451  0.02352941 0.03137255]  [0.05490196 0.01568628 0.03137255]] [[0.13333334 0.09803922 0.05882353]  [0.13725491 0.09411765 0.05882353]  [0.14117648 0.09803922 0.0627451 ]  ...  [0.05490196 0.01568628 0.02352941]  [0.05882353 0.01960784 0.02745098]  [0.05098039 0.01176471 0.02745098]] ... [[0.14117648 0.09803922 0.05882353]  [0.13725491 0.09411765 0.05882353]  [0.14117648 0.09803922 0.0627451 ]  ...  [0.04313726 0.01568628 0.02352941]  [0.03921569 0.01176471 0.01960784]  [0.03921569 0.01176471 0.01960784]] [[0.14117648 0.09803922 0.0627451 ]  [0.14901961 0.10588235 0.07058824]  [0.14117648 0.09803922 0.0627451 ]  ...  [0.04313726 0.01960784 0.02352941]  [0.03529412 0.01176471 0.01960784]  [0.03921569 0.01176471 0.01960784]] [[0.14117648 0.09803922 0.0627451 ]  [0.13725491 0.09411765 0.05882353]  [0.14117648 0.09803922 0.0627451 ]  ...  [0.03921569 0.01960784 0.02352941]  [0.03137255 0.01568628 0.01960784]  [0.03529412 0.01176471 0.02352941]]]",5.052416119200643,54720,/home/amos/media/tv/The X-Files S01-S11 BluRay 10Bit 1080p Dts-HDMa5 1 HEVC-d3g/The X-Files S08 br 10bit dts hevc-d3g/The.X-Files.S08E07.Via.Negativa.1080p.BluRay.10Bit.Dts-HDMa5.1.HEVC-d3g.mkv612,1080,1920,0,453,160,666,453,62409,0.03,"[[[0.16470589 0.14901961 0.15686275]  [0.16470589 0.14901961 0.15686275]  [0.16862746 0.15294118 0.15686275]  ...  [0.09411765 0.07450981 0.06666667]  [0.10196079 0.08235294 0.07450981]  [0.10588235 0.08627451 0.07843138]] [[0.16470589 0.14901961 0.15294118]  [0.16470589 0.14901961 0.15294118]  [0.16470589 0.14901961 0.15294118]  ...  [0.10980392 0.09019608 0.08235294]  [0.10196079 0.08235294 0.07450981]  [0.09803922 0.07843138 0.07058824]] [[0.16470589 0.14901961 0.15294118]  [0.16470589 0.14901961 0.15294118]  [0.16470589 0.14901961 0.15294118]  ...  [0.11372549 0.09411765 0.08627451]  [0.10196079 0.08235294 0.07450981]  [0.09803922 0.07843138 0.07058824]] ... [[0.25490198 0.1764706  0.16078432]  [0.20392157 0.1254902  0.11372549]  [0.16078432 0.09411765 0.08235294]  ...  [0.13725491 0.11372549 0.10980392]  [0.14509805 0.11764706 0.11372549]  [0.14509805 0.11764706 0.10588235]] [[0.14901961 0.09411765 0.08627451]  [0.13725491 0.09019608 0.09019608]  [0.12941177 0.08627451 0.08627451]  ...  [0.15294118 0.13333334 0.14117648]  [0.14901961 0.12941177 0.13725491]  [0.14117648 0.1254902  0.1254902 ]] [[0.1254902  0.09019608 0.10196079]  [0.12156863 0.09803922 0.10980392]  [0.11764706 0.09411765 0.10980392]  ...  [0.15294118 0.13725491 0.15686275]  [0.14901961 0.13725491 0.15294118]  [0.14117648 0.12941177 0.14117648]]]",12.22150308144046,54744,/home/amos/media/tv/The X-Files S01-S11 BluRay 10Bit 1080p Dts-HDMa5 1 HEVC-d3g/The X-Files S08 br 10bit dts hevc-d3g/The.X-Files.S08E07.Via.Negativa.1080p.BluRay.10Bit.Dts-HDMa5.1.HEVC-d3g.mkv613,1080,1920,1,65,405,1739,65,569160,0.274,"[[[0.28627452 0.24705882 0.18039216]  [0.28627452 0.24705882 0.18039216]  [0.29411766 0.25490198 0.1882353 ]  ...  [0.3254902  0.25882354 0.1764706 ]  [0.31764707 0.2509804  0.16862746]  [0.31764707 0.2509804  0.16862746]] [[0.28627452 0.24705882 0.18039216]  [0.28627452 0.24705882 0.18039216]  [0.29411766 0.25490198 0.1882353 ]  ...  [0.3254902  0.25882354 0.1764706 ]  [0.31764707 0.2509804  0.16862746]  [0.31764707 0.2509804  0.16862746]] [[0.28627452 0.24705882 0.18039216]  [0.28627452 0.24705882 0.18039216]  [0.29411766 0.25490198 0.1882353 ]  ...  [0.32941177 0.25882354 0.1764706 ]  [0.32156864 0.25490198 0.17254902]  [0.32156864 0.25490198 0.17254902]] ... [[0.3372549  0.29411766 0.22745098]  [0.3372549  0.29411766 0.22745098]  [0.34117648 0.3019608  0.23137255]  ...  [0.36078432 0.3019608  0.22352941]  [0.3529412  0.29411766 0.21568628]  [0.3529412  0.29411766 0.21568628]] [[0.3372549  0.29411766 0.22745098]  [0.3372549  0.29411766 0.22745098]  [0.34117648 0.29803923 0.23137255]  ...  [0.35686275 0.29803923 0.21960784]  [0.34901962 0.2901961  0.21176471]  [0.34901962 0.2901961  0.21176471]] [[0.3372549  0.29411766 0.22745098]  [0.3372549  0.29411766 0.22745098]  [0.34117648 0.29803923 0.23137255]  ...  [0.35686275 0.29803923 0.21960784]  [0.34901962 0.2901961  0.21176471]  [0.34901962 0.2901961  0.21176471]]]",0.8129740724689327,54744,/home/amos/media/tv/The X-Files S01-S11 BluRay 10Bit 1080p Dts-HDMa5 1 HEVC-d3g/The X-Files S08 br 10bit dts hevc-d3g/The.X-Files.S08E07.Via.Negativa.1080p.BluRay.10Bit.Dts-HDMa5.1.HEVC-d3g.mkv614,1080,1920,0,215,390,332,215,20475,0.01,"[[[0.14509805 0.09803922 0.07843138]  [0.14901961 0.10196079 0.08235294]  [0.14901961 0.10196079 0.08235294]  ...  [0.2        0.18431373 0.20392157]  [0.19215687 0.1764706  0.19607843]  [0.2        0.18431373 0.2       ]] [[0.14117648 0.09803922 0.08235294]  [0.14117648 0.09803922 0.08235294]  [0.14509805 0.10196079 0.08627451]  ...  [0.20392157 0.1882353  0.20784314]  [0.19215687 0.1764706  0.19607843]  [0.19607843 0.18039216 0.19607843]] [[0.14509805 0.10588235 0.09019608]  [0.14901961 0.10980392 0.09411765]  [0.14901961 0.10980392 0.09411765]  ...  [0.20392157 0.1882353  0.20392157]  [0.19607843 0.18039216 0.19607843]  [0.19607843 0.18039216 0.19607843]] ... [[0.09411765 0.05490196 0.04313726]  [0.09019608 0.05098039 0.03921569]  [0.09019608 0.04705882 0.04313726]  ...  [0.2        0.19607843 0.23137255]  [0.19215687 0.1882353  0.22352941]  [0.1882353  0.18431373 0.21960784]] [[0.09411765 0.05490196 0.04705882]  [0.09019608 0.05098039 0.04313726]  [0.09411765 0.05098039 0.04705882]  ...  [0.2        0.19607843 0.23137255]  [0.19607843 0.19215687 0.22745098]  [0.19215687 0.1882353  0.22352941]] [[0.09803922 0.05882353 0.05490196]  [0.09411765 0.05490196 0.05098039]  [0.09803922 0.05490196 0.05098039]  ...  [0.19215687 0.19215687 0.22745098]  [0.1882353  0.1882353  0.22352941]  [0.1882353  0.1882353  0.22352941]]]",4.174973135057371,54816,/home/amos/media/tv/The X-Files S01-S11 BluRay 10Bit 1080p Dts-HDMa5 1 HEVC-d3g/The X-Files S08 br 10bit dts hevc-d3g/The.X-Files.S08E07.Via.Negativa.1080p.BluRay.10Bit.Dts-HDMa5.1.HEVC-d3g.mkv615,1080,1920,0,477,229,594,477,29016,0.014,"[[[0.02745098 0.00392157 0.01960784]  [0.02745098 0.         0.01568628]  [0.02745098 0.00392157 0.01960784]  ...  [0.07450981 0.05490196 0.05098039]  [0.07058824 0.05098039 0.04705882]  [0.07058824 0.05098039 0.04705882]] [[0.03137255 0.00784314 0.02352941]  [0.01960784 0.         0.01568628]  [0.03137255 0.00784314 0.02352941]  ...  [0.07450981 0.05490196 0.05098039]  [0.07058824 0.05098039 0.04705882]  [0.07058824 0.05098039 0.04705882]] [[0.02745098 0.00392157 0.01960784]  [0.02745098 0.00392157 0.01960784]  [0.02745098 0.00392157 0.01960784]  ...  [0.07843138 0.05882353 0.05490196]  [0.07450981 0.05490196 0.05098039]  [0.07450981 0.05490196 0.05098039]] ... [[0.07450981 0.0627451  0.07058824]  [0.06666667 0.05490196 0.0627451 ]  [0.0627451  0.05098039 0.05882353]  ...  [0.08627451 0.07843138 0.09019608]  [0.09019608 0.08235294 0.09411765]  [0.08627451 0.08235294 0.09411765]] [[0.07058824 0.05882353 0.06666667]  [0.06666667 0.05490196 0.0627451 ]  [0.0627451  0.05098039 0.05882353]  ...  [0.09019608 0.08235294 0.09411765]  [0.08627451 0.07843138 0.09019608]  [0.08235294 0.07450981 0.08627451]] [[0.06666667 0.05490196 0.0627451 ]  [0.06666667 0.05490196 0.0627451 ]  [0.05882353 0.04705882 0.05490196]  ...  [0.09019608 0.07450981 0.09019608]  [0.08627451 0.07450981 0.08627451]  [0.08235294 0.07058824 0.08235294]]]",9.583139961934648,54840,/home/amos/media/tv/The X-Files S01-S11 BluRay 10Bit 1080p Dts-HDMa5 1 HEVC-d3g/The X-Files S08 br 10bit dts hevc-d3g/The.X-Files.S08E07.Via.Negativa.1080p.BluRay.10Bit.Dts-HDMa5.1.HEVC-d3g.mkv616,1080,1920,1,110,608,261,110,75198,0.036,"[[[0.10980392 0.09019608 0.07843138]  [0.10980392 0.09019608 0.07843138]  [0.11372549 0.09411765 0.08235294]  ...  [0.09803922 0.07058824 0.05098039]  [0.09803922 0.07058824 0.05098039]  [0.         0.         0.        ]] [[0.10980392 0.09019608 0.07843138]  [0.10980392 0.09019608 0.07843138]  [0.10980392 0.09019608 0.07843138]  ...  [0.09803922 0.07058824 0.05098039]  [0.09803922 0.07058824 0.05098039]  [0.         0.         0.        ]] [[0.10588235 0.08627451 0.07450981]  [0.10588235 0.08627451 0.07450981]  [0.10980392 0.09019608 0.07843138]  ...  [0.10196079 0.07058824 0.05490196]  [0.10196079 0.07058824 0.05490196]  [0.         0.         0.        ]] ... [[0.12941177 0.08627451 0.05098039]  [0.12941177 0.08627451 0.05098039]  [0.12941177 0.08627451 0.05098039]  ...  [0.15294118 0.10588235 0.07450981]  [0.15294118 0.10588235 0.07450981]  [0.         0.         0.        ]] [[0.12941177 0.08627451 0.05098039]  [0.12941177 0.08627451 0.05098039]  [0.12941177 0.08627451 0.05098039]  ...  [0.15686275 0.10588235 0.07450981]  [0.15294118 0.10588235 0.07450981]  [0.         0.         0.        ]] [[0.         0.         0.        ]  [0.         0.         0.        ]  [0.         0.         0.        ]  ...  [0.         0.         0.        ]  [0.         0.         0.        ]  [0.         0.         0.        ]]]",2.2911860541789792,54840,/home/amos/media/tv/The X-Files S01-S11 BluRay 10Bit 1080p Dts-HDMa5 1 HEVC-d3g/The X-Files S08 br 10bit dts hevc-d3g/The.X-Files.S08E07.Via.Negativa.1080p.BluRay.10Bit.Dts-HDMa5.1.HEVC-d3g.mkv617,1080,1920,0,504,164,647,504,48620,0.023,"[[[0.12941177 0.10980392 0.09803922]  [0.11764706 0.09803922 0.08627451]  [0.09411765 0.07450981 0.0627451 ]  ...  [0.09803922 0.08235294 0.08235294]  [0.09411765 0.07843138 0.07843138]  [0.10588235 0.09019608 0.09019608]] [[0.1254902  0.10588235 0.09803922]  [0.1254902  0.10588235 0.09411765]  [0.09019608 0.07058824 0.05882353]  ...  [0.10196079 0.08627451 0.08627451]  [0.09411765 0.07843138 0.07843138]  [0.10196079 0.08627451 0.08627451]] [[0.12941177 0.10980392 0.09411765]  [0.11372549 0.09411765 0.07843138]  [0.09019608 0.07058824 0.05490196]  ...  [0.10588235 0.09019608 0.09019608]  [0.09411765 0.07843138 0.07843138]  [0.09803922 0.08235294 0.08235294]] ... [[0.09411765 0.07843138 0.09411765]  [0.10196079 0.08627451 0.10196079]  [0.10196079 0.08627451 0.10196079]  ...  [0.12156863 0.10588235 0.08235294]  [0.11372549 0.09803922 0.07450981]  [0.11372549 0.09803922 0.07450981]] [[0.09803922 0.08235294 0.09803922]  [0.09803922 0.08235294 0.09803922]  [0.10196079 0.08627451 0.10196079]  ...  [0.12156863 0.10588235 0.08235294]  [0.11764706 0.10196079 0.07843138]  [0.11372549 0.09803922 0.07450981]] [[0.09803922 0.08235294 0.09803922]  [0.09803922 0.08235294 0.09803922]  [0.10196079 0.08627451 0.10196079]  ...  [0.1254902  0.10980392 0.08627451]  [0.11764706 0.10196079 0.07843138]  [0.11764706 0.10196079 0.07843138]]]",10.515753012092318,54864,/home/amos/media/tv/The X-Files S01-S11 BluRay 10Bit 1080p Dts-HDMa5 1 HEVC-d3g/The X-Files S08 br 10bit dts hevc-d3g/The.X-Files.S08E07.Via.Negativa.1080p.BluRay.10Bit.Dts-HDMa5.1.HEVC-d3g.mkv618,1080,1920,0,583,163,454,583,54180,0.026,"[[[0.10980392 0.09803922 0.10196079]  [0.07843138 0.06666667 0.07058824]  [0.0627451  0.04705882 0.05098039]  ...  [0.10196079 0.08627451 0.09803922]  [0.10588235 0.09411765 0.10196079]  [0.09411765 0.08235294 0.09019608]] [[0.11372549 0.10196079 0.10588235]  [0.08235294 0.06666667 0.07058824]  [0.06666667 0.05098039 0.05490196]  ...  [0.10980392 0.09411765 0.10588235]  [0.10588235 0.09411765 0.10196079]  [0.10588235 0.09411765 0.09803922]] [[0.12156863 0.10980392 0.11372549]  [0.08235294 0.07058824 0.07450981]  [0.07058824 0.05490196 0.05882353]  ...  [0.10588235 0.09411765 0.10196079]  [0.10980392 0.09803922 0.10588235]  [0.10588235 0.09411765 0.09803922]] ... [[0.14509805 0.13333334 0.14509805]  [0.14509805 0.13333334 0.14509805]  [0.13333334 0.12156863 0.13333334]  ...  [0.19215687 0.18431373 0.22352941]  [0.18039216 0.17254902 0.21176471]  [0.1882353  0.18039216 0.21960784]] [[0.13725491 0.1254902  0.13725491]  [0.1254902  0.11372549 0.1254902 ]  [0.11764706 0.10588235 0.11764706]  ...  [0.18431373 0.1764706  0.21568628]  [0.16470589 0.15686275 0.19607843]  [0.17254902 0.16470589 0.20392157]] [[0.12156863 0.10980392 0.12156863]  [0.11372549 0.10196079 0.11372549]  [0.09411765 0.08235294 0.09411765]  ...  [0.16470589 0.16078432 0.19607843]  [0.15686275 0.14901961 0.1882353 ]  [0.16078432 0.15686275 0.19607843]]]",5.864737171155866,54888,/home/amos/media/tv/The X-Files S01-S11 BluRay 10Bit 1080p Dts-HDMa5 1 HEVC-d3g/The X-Files S08 br 10bit dts hevc-d3g/The.X-Files.S08E07.Via.Negativa.1080p.BluRay.10Bit.Dts-HDMa5.1.HEVC-d3g.mkv619,1080,1920,0,608,139,460,608,69412,0.033,"[[[0.08627451 0.07058824 0.07058824]  [0.08235294 0.05882353 0.05490196]  [0.07058824 0.04313726 0.03921569]  ...  [0.07843138 0.06666667 0.05882353]  [0.08235294 0.07058824 0.0627451 ]  [0.08235294 0.07058824 0.0627451 ]] [[0.09411765 0.07450981 0.07450981]  [0.08235294 0.05882353 0.05490196]  [0.06666667 0.03921569 0.03137255]  ...  [0.07843138 0.06666667 0.05882353]  [0.08235294 0.07058824 0.0627451 ]  [0.08627451 0.07058824 0.0627451 ]] [[0.09019608 0.07058824 0.07058824]  [0.07843138 0.05490196 0.05490196]  [0.06666667 0.03921569 0.03529412]  ...  [0.08235294 0.07058824 0.0627451 ]  [0.08235294 0.07058824 0.0627451 ]  [0.08235294 0.07058824 0.0627451 ]] ... [[0.18431373 0.1254902  0.08235294]  [0.18039216 0.12156863 0.07450981]  [0.18039216 0.12156863 0.07843138]  ...  [0.22352941 0.21960784 0.25882354]  [0.22745098 0.22352941 0.2627451 ]  [0.23137255 0.22745098 0.27058825]] [[0.18431373 0.1254902  0.08235294]  [0.1882353  0.12941177 0.08627451]  [0.18039216 0.12156863 0.07843138]  ...  [0.21960784 0.21568628 0.25490198]  [0.21960784 0.21568628 0.25882354]  [0.22745098 0.22352941 0.26666668]] [[0.1764706  0.12156863 0.07450981]  [0.1882353  0.12941177 0.08627451]  [0.18039216 0.12156863 0.07843138]  ...  [0.20392157 0.2        0.23529412]  [0.21176471 0.20784314 0.24705882]  [0.21960784 0.21568628 0.25490198]]]",6.079388018173631,54912,/home/amos/media/tv/The X-Files S01-S11 BluRay 10Bit 1080p Dts-HDMa5 1 HEVC-d3g/The X-Files S08 br 10bit dts hevc-d3g/The.X-Files.S08E07.Via.Negativa.1080p.BluRay.10Bit.Dts-HDMa5.1.HEVC-d3g.mkv620,1080,1920,0,600,31,316,600,161596,0.078,"[[[0.09803922 0.08627451 0.07450981]  [0.09019608 0.08235294 0.07058824]  [0.08235294 0.07450981 0.0627451 ]  ...  [0.10980392 0.08235294 0.08235294]  [0.13725491 0.10980392 0.10588235]  [0.16862746 0.14117648 0.13725491]] [[0.09803922 0.08235294 0.07058824]  [0.09411765 0.08235294 0.07058824]  [0.09803922 0.08627451 0.07843138]  ...  [0.10980392 0.08235294 0.08627451]  [0.12156863 0.09803922 0.09411765]  [0.14901961 0.12941177 0.12156863]] [[0.09411765 0.08235294 0.07058824]  [0.09411765 0.08235294 0.07058824]  [0.09411765 0.08235294 0.07450981]  ...  [0.08235294 0.05882353 0.0627451 ]  [0.13333334 0.11372549 0.10980392]  [0.12941177 0.10980392 0.09803922]] ... [[0.28235295 0.25882354 0.23529412]  [0.29803923 0.2784314  0.25882354]  [0.2901961  0.27450982 0.2509804 ]  ...  [0.         0.         0.02352941]  [0.00392157 0.         0.01568628]  [0.00392157 0.         0.01176471]] [[0.3019608  0.27450982 0.25490198]  [0.28627452 0.27058825 0.24705882]  [0.28627452 0.27058825 0.24705882]  ...  [0.00392157 0.         0.02745098]  [0.00784314 0.00392157 0.01960784]  [0.00392157 0.         0.01176471]] [[0.2901961  0.26666668 0.24313726]  [0.2901961  0.27058825 0.24705882]  [0.2784314  0.2627451  0.24313726]  ...  [0.00392157 0.         0.02745098]  [0.00784314 0.00392157 0.01960784]  [0.00784314 0.         0.01568628]]]",10.568610038550105,54960,/home/amos/media/tv/The X-Files S01-S11 BluRay 10Bit 1080p Dts-HDMa5 1 HEVC-d3g/The X-Files S08 br 10bit dts hevc-d3g/The.X-Files.S08E07.Via.Negativa.1080p.BluRay.10Bit.Dts-HDMa5.1.HEVC-d3g.mkv621,1080,1920,0,369,68,859,369,147490,0.071,"[[[0.6039216  0.6313726  0.63529414]  [0.6        0.627451   0.63529414]  [0.62352943 0.6509804  0.654902  ]  ...  [0.6117647  0.6392157  0.627451  ]  [0.627451   0.654902   0.6431373 ]  [0.61960787 0.64705884 0.63529414]] [[0.6117647  0.63529414 0.6431373 ]  [0.5921569  0.61960787 0.62352943]  [0.59607846 0.62352943 0.627451  ]  ...  [0.62352943 0.6509804  0.6392157 ]  [0.6313726  0.65882355 0.64705884]  [0.6039216  0.6313726  0.61960787]] [[0.58431375 0.6117647  0.6156863 ]  [0.5647059  0.5921569  0.59607846]  [0.56078434 0.5882353  0.5921569 ]  ...  [0.6117647  0.63529414 0.627451  ]  [0.6392157  0.6627451  0.6627451 ]  [0.6156863  0.6392157  0.6392157 ]] ... [[0.30588236 0.28627452 0.30588236]  [0.30980393 0.29411766 0.3137255 ]  [0.29803923 0.2784314  0.29803923]  ...  [0.29803923 0.2784314  0.29411766]  [0.30980393 0.2901961  0.30588236]  [0.3137255  0.29411766 0.30980393]] [[0.29411766 0.2784314  0.29411766]  [0.3019608  0.28235295 0.3019608 ]  [0.30588236 0.28627452 0.30980393]  ...  [0.31764707 0.29411766 0.30980393]  [0.31764707 0.29411766 0.30980393]  [0.30588236 0.28235295 0.29803923]] [[0.29803923 0.2784314  0.29803923]  [0.3019608  0.28235295 0.3019608 ]  [0.3019608  0.28235295 0.30588236]  ...  [0.34117648 0.3137255  0.32941177]  [0.32156864 0.29803923 0.3137255 ]  [0.30980393 0.28627452 0.3019608 ]]]",8.741592168749776,55224,/home/amos/media/tv/The X-Files S01-S11 BluRay 10Bit 1080p Dts-HDMa5 1 HEVC-d3g/The X-Files S08 br 10bit dts hevc-d3g/The.X-Files.S08E07.Via.Negativa.1080p.BluRay.10Bit.Dts-HDMa5.1.HEVC-d3g.mkv622,1080,1920,0,360,95,855,360,131175,0.063,"[[[0.58431375 0.6117647  0.6117647 ]  [0.57254905 0.6        0.6       ]  [0.57254905 0.59607846 0.5921569 ]  ...  [0.58431375 0.6117647  0.6117647 ]  [0.60784316 0.63529414 0.63529414]  [0.63529414 0.6627451  0.6627451 ]] [[0.5764706  0.6039216  0.6039216 ]  [0.5764706  0.6039216  0.6039216 ]  [0.5803922  0.6039216  0.6       ]  ...  [0.5647059  0.5921569  0.5921569 ]  [0.5764706  0.6039216  0.6039216 ]  [0.5764706  0.6        0.6       ]] [[0.5647059  0.59607846 0.59607846]  [0.58431375 0.6117647  0.6117647 ]  [0.5882353  0.6117647  0.60784316]  ...  [0.5764706  0.6039216  0.6039216 ]  [0.54901963 0.5764706  0.5764706 ]  [0.5529412  0.5803922  0.5803922 ]] ... [[0.3019608  0.2784314  0.28235295]  [0.29803923 0.27450982 0.29411766]  [0.29803923 0.27450982 0.29411766]  ...  [0.30588236 0.27450982 0.3019608 ]  [0.2901961  0.27450982 0.29803923]  [0.30588236 0.28627452 0.3137255 ]] [[0.3019608  0.28235295 0.28627452]  [0.29803923 0.27450982 0.29411766]  [0.29803923 0.27450982 0.29411766]  ...  [0.3019608  0.26666668 0.29411766]  [0.30588236 0.27058825 0.3019608 ]  [0.3019608  0.2784314  0.30588236]] [[0.30588236 0.28235295 0.28627452]  [0.3019608  0.2784314  0.29803923]  [0.29803923 0.27450982 0.29411766]  ...  [0.31764707 0.2784314  0.30588236]  [0.30980393 0.26666668 0.29803923]  [0.30588236 0.27058825 0.3019608 ]]]",11.540862025634851,55248,/home/amos/media/tv/The X-Files S01-S11 BluRay 10Bit 1080p Dts-HDMa5 1 HEVC-d3g/The X-Files S08 br 10bit dts hevc-d3g/The.X-Files.S08E07.Via.Negativa.1080p.BluRay.10Bit.Dts-HDMa5.1.HEVC-d3g.mkv623,1080,1920,0,368,97,879,368,138481,0.067,"[[[0.5882353  0.6156863  0.6039216 ]  [0.58431375 0.6117647  0.59607846]  [0.59607846 0.6117647  0.59607846]  ...  [0.6117647  0.627451   0.6313726 ]  [0.61960787 0.63529414 0.6392157 ]  [0.6156863  0.6313726  0.6313726 ]] [[0.58431375 0.6117647  0.6039216 ]  [0.60784316 0.63529414 0.62352943]  [0.6039216  0.61960787 0.60784316]  ...  [0.6        0.61960787 0.6117647 ]  [0.6        0.62352943 0.6156863 ]  [0.58431375 0.6039216  0.5921569 ]] [[0.5647059  0.5882353  0.5882353 ]  [0.5882353  0.6156863  0.60784316]  [0.5921569  0.60784316 0.59607846]  ...  [0.6156863  0.63529414 0.6313726 ]  [0.62352943 0.6431373  0.6392157 ]  [0.5921569  0.6117647  0.6039216 ]] ... [[0.29411766 0.27058825 0.2901961 ]  [0.30588236 0.28627452 0.3019608 ]  [0.28627452 0.2627451  0.28235295]  ...  [0.2901961  0.27058825 0.2901961 ]  [0.27450982 0.25490198 0.27450982]  [0.2901961  0.27058825 0.2901961 ]] [[0.2901961  0.26666668 0.28627452]  [0.30588236 0.28235295 0.3019608 ]  [0.2784314  0.25490198 0.27450982]  ...  [0.28627452 0.26666668 0.28627452]  [0.28235295 0.2627451  0.28235295]  [0.28235295 0.2627451  0.28235295]] [[0.28235295 0.25882354 0.2784314 ]  [0.2901961  0.26666668 0.28627452]  [0.28235295 0.2627451  0.2784314 ]  ...  [0.29803923 0.28235295 0.29803923]  [0.2901961  0.27058825 0.2901961 ]  [0.27058825 0.2509804  0.27058825]]]",8.63479910971364,55272,/home/amos/media/tv/The X-Files S01-S11 BluRay 10Bit 1080p Dts-HDMa5 1 HEVC-d3g/The X-Files S08 br 10bit dts hevc-d3g/The.X-Files.S08E07.Via.Negativa.1080p.BluRay.10Bit.Dts-HDMa5.1.HEVC-d3g.mkv624,1080,1920,0,385,98,911,385,150962,0.073,"[[[0.58431375 0.62352943 0.6156863 ]  [0.6156863  0.65882355 0.6431373 ]  [0.6156863  0.6666667  0.6431373 ]  ...  [0.6392157  0.6666667  0.654902  ]  [0.6666667  0.6862745  0.6784314 ]  [0.6392157  0.65882355 0.6509804 ]] [[0.5882353  0.627451   0.61960787]  [0.6392157  0.68235296 0.6666667 ]  [0.6        0.6509804  0.627451  ]  ...  [0.627451   0.654902   0.6431373 ]  [0.6313726  0.6509804  0.6431373 ]  [0.654902   0.6745098  0.6666667 ]] [[0.6039216  0.64705884 0.63529414]  [0.63529414 0.6784314  0.6627451 ]  [0.6        0.6509804  0.627451  ]  ...  [0.61960787 0.64705884 0.63529414]  [0.6431373  0.6627451  0.654902  ]  [0.64705884 0.6666667  0.65882355]] ... [[0.28235295 0.25882354 0.27450982]  [0.2901961  0.26666668 0.28235295]  [0.29411766 0.27058825 0.28627452]  ...  [0.29411766 0.27058825 0.28627452]  [0.2901961  0.26666668 0.28235295]  [0.29411766 0.27058825 0.2901961 ]] [[0.3137255  0.28235295 0.29803923]  [0.34117648 0.30980393 0.3254902 ]  [0.31764707 0.28627452 0.3019608 ]  ...  [0.3019608  0.28235295 0.29411766]  [0.28627452 0.2627451  0.2784314 ]  [0.27450982 0.2509804  0.26666668]] [[0.30980393 0.2784314  0.29411766]  [0.31764707 0.28627452 0.3019608 ]  [0.30588236 0.27450982 0.2901961 ]  ...  [0.30588236 0.28235295 0.29803923]  [0.28627452 0.2627451  0.2784314 ]  [0.27450982 0.2509804  0.26666668]]]",9.805906256777234,55296,/home/amos/media/tv/The X-Files S01-S11 BluRay 10Bit 1080p Dts-HDMa5 1 HEVC-d3g/The X-Files S08 br 10bit dts hevc-d3g/The.X-Files.S08E07.Via.Negativa.1080p.BluRay.10Bit.Dts-HDMa5.1.HEVC-d3g.mkv625,1080,1920,0,379,140,975,379,142444,0.069,"[[[0.6117647  0.63529414 0.63529414]  [0.6117647  0.6392157  0.63529414]  [0.59607846 0.62352943 0.6117647 ]  ...  [0.54509807 0.5529412  0.5568628 ]  [0.5529412  0.5529412  0.5647059 ]  [0.5647059  0.5764706  0.5921569 ]] [[0.6        0.62352943 0.627451  ]  [0.61960787 0.6431373  0.6431373 ]  [0.58431375 0.60784316 0.6039216 ]  ...  [0.54901963 0.56078434 0.5647059 ]  [0.54509807 0.5568628  0.56078434]  [0.5921569  0.6039216  0.61960787]] [[0.6        0.627451   0.6313726 ]  [0.60784316 0.6313726  0.6313726 ]  [0.5568628  0.58431375 0.5803922 ]  ...  [0.58431375 0.59607846 0.6       ]  [0.5529412  0.5647059  0.5686275 ]  [0.5411765  0.5568628  0.57254905]] ... [[0.3137255  0.28235295 0.29803923]  [0.30588236 0.27450982 0.2901961 ]  [0.30980393 0.28235295 0.29411766]  ...  [0.1254902  0.10588235 0.1254902 ]  [0.12156863 0.10196079 0.12156863]  [0.11764706 0.09803922 0.11764706]] [[0.3254902  0.29411766 0.30980393]  [0.30980393 0.2784314  0.29411766]  [0.3137255  0.28235295 0.29803923]  ...  [0.1254902  0.10588235 0.1254902 ]  [0.1254902  0.10588235 0.1254902 ]  [0.12156863 0.10196079 0.12156863]] [[0.3254902  0.29411766 0.30980393]  [0.3254902  0.29411766 0.30980393]  [0.31764707 0.28627452 0.3019608 ]  ...  [0.12941177 0.10980392 0.12941177]  [0.12941177 0.10980392 0.12941177]  [0.12156863 0.10196079 0.12156863]]]",7.667717197153252,55320,/home/amos/media/tv/The X-Files S01-S11 BluRay 10Bit 1080p Dts-HDMa5 1 HEVC-d3g/The X-Files S08 br 10bit dts hevc-d3g/The.X-Files.S08E07.Via.Negativa.1080p.BluRay.10Bit.Dts-HDMa5.1.HEVC-d3g.mkv626,1080,1920,0,410,127,758,410,98484,0.047,"[[[0.1764706  0.14509805 0.14901961]  [0.14117648 0.10196079 0.10588235]  [0.11764706 0.07450981 0.07843138]  ...  [0.3529412  0.3529412  0.37254903]  [0.32156864 0.32156864 0.34117648]  [0.28627452 0.2784314  0.29803923]] [[0.18431373 0.15686275 0.16470589]  [0.15294118 0.12156863 0.1254902 ]  [0.12156863 0.08627451 0.09019608]  ...  [0.3372549  0.3372549  0.35686275]  [0.3019608  0.3019608  0.32156864]  [0.2901961  0.28235295 0.3019608 ]] [[0.1882353  0.15686275 0.17254902]  [0.16470589 0.13725491 0.14901961]  [0.13333334 0.10196079 0.11372549]  ...  [0.34117648 0.34117648 0.36078432]  [0.30588236 0.30588236 0.3254902 ]  [0.28235295 0.2784314  0.29411766]] ... [[0.25490198 0.23137255 0.2509804 ]  [0.25882354 0.23529412 0.25490198]  [0.25490198 0.23137255 0.2509804 ]  ...  [0.22352941 0.20784314 0.23137255]  [0.18431373 0.16862746 0.1882353 ]  [0.17254902 0.15686275 0.1764706 ]] [[0.25490198 0.23137255 0.2509804 ]  [0.25490198 0.23137255 0.2509804 ]  [0.2509804  0.22745098 0.24705882]  ...  [0.23529412 0.21960784 0.24313726]  [0.19607843 0.1764706  0.2       ]  [0.17254902 0.15686275 0.1764706 ]] [[0.24705882 0.22352941 0.24313726]  [0.2509804  0.22745098 0.24705882]  [0.25490198 0.23137255 0.2509804 ]  ...  [0.21568628 0.2        0.22352941]  [0.20784314 0.19215687 0.21176471]  [0.16862746 0.15294118 0.17254902]]]",6.5977301226812415,55344,/home/amos/media/tv/The X-Files S01-S11 BluRay 10Bit 1080p Dts-HDMa5 1 HEVC-d3g/The X-Files S08 br 10bit dts hevc-d3g/The.X-Files.S08E07.Via.Negativa.1080p.BluRay.10Bit.Dts-HDMa5.1.HEVC-d3g.mkv627,1080,1920,0,450,112,930,450,162240,0.078,"[[[0.05490196 0.04705882 0.05882353]  [0.05490196 0.04705882 0.05882353]  [0.05490196 0.04705882 0.05882353]  ...  [0.09411765 0.07058824 0.08235294]  [0.08627451 0.06666667 0.07843138]  [0.07843138 0.06666667 0.07450981]] [[0.05882353 0.04705882 0.05882353]  [0.0627451  0.05098039 0.0627451 ]  [0.06666667 0.05490196 0.06666667]  ...  [0.09803922 0.07450981 0.08627451]  [0.09803922 0.07843138 0.09019608]  [0.09411765 0.08235294 0.09019608]] [[0.07058824 0.05882353 0.07058824]  [0.07450981 0.0627451  0.07450981]  [0.07450981 0.0627451  0.07450981]  ...  [0.12156863 0.09803922 0.10980392]  [0.12156863 0.10196079 0.11372549]  [0.11372549 0.10196079 0.10980392]] ... [[0.22745098 0.21568628 0.23921569]  [0.2509804  0.23921569 0.25882354]  [0.2509804  0.23921569 0.2627451 ]  ...  [0.27450982 0.25490198 0.28235295]  [0.28235295 0.2627451  0.2901961 ]  [0.2784314  0.25882354 0.28627452]] [[0.23137255 0.21960784 0.24313726]  [0.24313726 0.23137255 0.25490198]  [0.23529412 0.22352941 0.24705882]  ...  [0.2901961  0.27058825 0.29803923]  [0.28627452 0.26666668 0.29411766]  [0.28235295 0.2627451  0.2901961 ]] [[0.23921569 0.22352941 0.24705882]  [0.23137255 0.22352941 0.23921569]  [0.22352941 0.21176471 0.23137255]  ...  [0.2901961  0.27058825 0.29803923]  [0.28627452 0.26666668 0.29411766]  [0.28235295 0.2627451  0.2901961 ]]]",8.075319139461499,55440,/home/amos/media/tv/The X-Files S01-S11 BluRay 10Bit 1080p Dts-HDMa5 1 HEVC-d3g/The X-Files S08 br 10bit dts hevc-d3g/The.X-Files.S08E07.Via.Negativa.1080p.BluRay.10Bit.Dts-HDMa5.1.HEVC-d3g.mkv628,1080,1920,0,449,105,1033,449,200896,0.097,"[[[0.05490196 0.03921569 0.05490196]  [0.05882353 0.04313726 0.05882353]  [0.0627451  0.04705882 0.0627451 ]  ...  [0.06666667 0.03529412 0.05490196]  [0.09019608 0.05882353 0.07843138]  [0.08235294 0.05098039 0.07058824]] [[0.06666667 0.05098039 0.06666667]  [0.07450981 0.05882353 0.07450981]  [0.07058824 0.05490196 0.07058824]  ...  [0.0627451  0.03137255 0.05098039]  [0.08235294 0.05098039 0.07058824]  [0.08627451 0.05490196 0.07450981]] [[0.07450981 0.05882353 0.07450981]  [0.07058824 0.05490196 0.07450981]  [0.07058824 0.05490196 0.07058824]  ...  [0.08627451 0.05490196 0.07058824]  [0.08235294 0.05490196 0.07058824]  [0.09411765 0.06666667 0.08235294]] ... [[0.25490198 0.23529412 0.25882354]  [0.2627451  0.24313726 0.26666668]  [0.26666668 0.24705882 0.27058825]  ...  [0.30980393 0.28627452 0.30588236]  [0.2901961  0.26666668 0.28627452]  [0.3019608  0.2784314  0.29803923]] [[0.2627451  0.24313726 0.26666668]  [0.26666668 0.24705882 0.27058825]  [0.2627451  0.24313726 0.26666668]  ...  [0.29411766 0.27058825 0.2901961 ]  [0.29411766 0.27058825 0.2901961 ]  [0.29411766 0.27058825 0.29411766]] [[0.26666668 0.24705882 0.27058825]  [0.27058825 0.2509804  0.27450982]  [0.25882354 0.23921569 0.2627451 ]  ...  [0.28627452 0.2627451  0.28235295]  [0.3019608  0.2784314  0.29803923]  [0.2901961  0.26666668 0.28627452]]]",9.658834100875538,55464,/home/amos/media/tv/The X-Files S01-S11 BluRay 10Bit 1080p Dts-HDMa5 1 HEVC-d3g/The X-Files S08 br 10bit dts hevc-d3g/The.X-Files.S08E07.Via.Negativa.1080p.BluRay.10Bit.Dts-HDMa5.1.HEVC-d3g.mkv629,1080,1920,0,449,153,983,449,158064,0.076,"[[[0.12941177 0.11372549 0.13725491]  [0.1254902  0.10980392 0.13333334]  [0.12941177 0.11372549 0.14117648]  ...  [0.1254902  0.10980392 0.12941177]  [0.12156863 0.10588235 0.1254902 ]  [0.1254902  0.10980392 0.12941177]] [[0.15686275 0.14117648 0.16862746]  [0.14901961 0.12941177 0.15686275]  [0.16078432 0.14509805 0.17254902]  ...  [0.14509805 0.12941177 0.14901961]  [0.13725491 0.12156863 0.14117648]  [0.14509805 0.1254902  0.14509805]] [[0.1764706  0.16078432 0.19215687]  [0.16862746 0.15294118 0.18431373]  [0.1764706  0.16078432 0.19215687]  ...  [0.16470589 0.15294118 0.17254902]  [0.16470589 0.14901961 0.16862746]  [0.16078432 0.14901961 0.16862746]] ... [[0.2901961  0.26666668 0.28627452]  [0.27450982 0.2509804  0.27058825]  [0.30980393 0.28627452 0.30588236]  ...  [0.32156864 0.29803923 0.32156864]  [0.32156864 0.29803923 0.32156864]  [0.3372549  0.3137255  0.3372549 ]] [[0.29411766 0.26666668 0.2901961 ]  [0.29803923 0.27450982 0.29411766]  [0.2901961  0.26666668 0.28627452]  ...  [0.33333334 0.30980393 0.32941177]  [0.3372549  0.3137255  0.33333334]  [0.32941177 0.30588236 0.3254902 ]] [[0.29411766 0.27058825 0.2901961 ]  [0.2901961  0.26666668 0.28627452]  [0.30588236 0.28235295 0.3019608 ]  ...  [0.3019608  0.2784314  0.29803923]  [0.30980393 0.28627452 0.30588236]  [0.32941177 0.30588236 0.3254902 ]]]",6.849088973773178,55488,/home/amos/media/tv/The X-Files S01-S11 BluRay 10Bit 1080p Dts-HDMa5 1 HEVC-d3g/The X-Files S08 br 10bit dts hevc-d3g/The.X-Files.S08E07.Via.Negativa.1080p.BluRay.10Bit.Dts-HDMa5.1.HEVC-d3g.mkv630,1080,1920,0,428,148,875,428,125160,0.06,"[[[0.10980392 0.09019608 0.09019608]  [0.11372549 0.09019608 0.09019608]  [0.11372549 0.09411765 0.09411765]  ...  [0.11372549 0.09411765 0.11372549]  [0.12156863 0.10196079 0.11764706]  [0.         0.         0.        ]] [[0.10980392 0.09019608 0.09019608]  [0.10980392 0.09019608 0.09019608]  [0.11764706 0.09803922 0.09803922]  ...  [0.11372549 0.09411765 0.10980392]  [0.11372549 0.09411765 0.10980392]  [0.         0.         0.        ]] [[0.10980392 0.09019608 0.09019608]  [0.10980392 0.09019608 0.09019608]  [0.11372549 0.09411765 0.09411765]  ...  [0.10588235 0.08627451 0.10588235]  [0.10588235 0.08627451 0.10196079]  [0.         0.         0.        ]] ... [[0.15294118 0.1254902  0.13725491]  [0.15686275 0.1254902  0.13725491]  [0.16078432 0.12941177 0.14509805]  ...  [0.16078432 0.13333334 0.1764706 ]  [0.15294118 0.1254902  0.16470589]  [0.         0.         0.        ]] [[0.15686275 0.12941177 0.14509805]  [0.15294118 0.1254902  0.13725491]  [0.15686275 0.12941177 0.14117648]  ...  [0.15686275 0.12941177 0.17254902]  [0.15294118 0.1254902  0.16078432]  [0.         0.         0.        ]] [[0.         0.         0.        ]  [0.         0.         0.        ]  [0.         0.         0.        ]  ...  [0.         0.         0.        ]  [0.         0.         0.        ]  [0.         0.         0.        ]]]",6.285157093894668,55512,/home/amos/media/tv/The X-Files S01-S11 BluRay 10Bit 1080p Dts-HDMa5 1 HEVC-d3g/The X-Files S08 br 10bit dts hevc-d3g/The.X-Files.S08E07.Via.Negativa.1080p.BluRay.10Bit.Dts-HDMa5.1.HEVC-d3g.mkv631,1080,1920,0,403,125,994,403,164298,0.079,"[[[0.09803922 0.07058824 0.08235294]  [0.09411765 0.07058824 0.08235294]  [0.09411765 0.07058824 0.08235294]  ...  [0.11764706 0.09411765 0.10588235]  [0.11764706 0.09411765 0.10588235]  [0.1254902  0.10196079 0.11372549]] [[0.08627451 0.0627451  0.07450981]  [0.09411765 0.07058824 0.08235294]  [0.09411765 0.07058824 0.08235294]  ...  [0.12941177 0.10588235 0.11764706]  [0.1254902  0.10196079 0.11372549]  [0.11764706 0.09411765 0.10588235]] [[0.09411765 0.07058824 0.08235294]  [0.09803922 0.07450981 0.08627451]  [0.09803922 0.07450981 0.08627451]  ...  [0.12156863 0.09803922 0.10980392]  [0.12156863 0.09803922 0.10980392]  [0.11764706 0.09411765 0.10588235]] ... [[0.16078432 0.12941177 0.14509805]  [0.16470589 0.13725491 0.15294118]  [0.16078432 0.1254902  0.14117648]  ...  [0.16078432 0.1254902  0.14117648]  [0.16078432 0.1254902  0.14117648]  [0.16078432 0.1254902  0.14117648]] [[0.15686275 0.1254902  0.14117648]  [0.16470589 0.13333334 0.14901961]  [0.19215687 0.15686275 0.16862746]  ...  [0.16078432 0.1254902  0.14117648]  [0.16078432 0.1254902  0.14117648]  [0.16078432 0.1254902  0.14117648]] [[0.14901961 0.11764706 0.13333334]  [0.17254902 0.14117648 0.15686275]  [0.1764706  0.14117648 0.15686275]  ...  [0.15294118 0.11764706 0.13333334]  [0.16078432 0.12156863 0.14117648]  [0.16470589 0.12941177 0.14509805]]]",12.063632081844844,55656,/home/amos/media/tv/The X-Files S01-S11 BluRay 10Bit 1080p Dts-HDMa5 1 HEVC-d3g/The X-Files S08 br 10bit dts hevc-d3g/The.X-Files.S08E07.Via.Negativa.1080p.BluRay.10Bit.Dts-HDMa5.1.HEVC-d3g.mkv632,1080,1920,0,407,128,809,407,112158,0.054,"[[[0.05490196 0.03137255 0.04705882]  [0.05490196 0.03137255 0.04313726]  [0.05490196 0.03137255 0.04705882]  ...  [0.09803922 0.06666667 0.07843138]  [0.09019608 0.05882353 0.07058824]  [0.10980392 0.07843138 0.09019608]] [[0.05098039 0.02745098 0.04705882]  [0.0627451  0.03921569 0.05490196]  [0.05882353 0.03529412 0.05098039]  ...  [0.10588235 0.07058824 0.08627451]  [0.09019608 0.05882353 0.07450981]  [0.09411765 0.0627451  0.08235294]] [[0.05882353 0.03529412 0.05098039]  [0.0627451  0.03921569 0.05490196]  [0.04705882 0.02352941 0.03921569]  ...  [0.10196079 0.06666667 0.08627451]  [0.10980392 0.07450981 0.09411765]  [0.10196079 0.07450981 0.09411765]] ... [[0.10980392 0.09019608 0.09019608]  [0.11372549 0.09411765 0.09411765]  [0.10588235 0.08627451 0.08627451]  ...  [0.09803922 0.07058824 0.08235294]  [0.10196079 0.07450981 0.08627451]  [0.13333334 0.10588235 0.11764706]] [[0.11372549 0.09411765 0.09411765]  [0.10980392 0.09019608 0.09019608]  [0.10980392 0.09019608 0.09019608]  ...  [0.09019608 0.0627451  0.07450981]  [0.08627451 0.05882353 0.07058824]  [0.09411765 0.06666667 0.07843138]] [[0.10588235 0.08627451 0.08627451]  [0.10980392 0.09019608 0.09019608]  [0.10588235 0.08627451 0.08627451]  ...  [0.09019608 0.0627451  0.07450981]  [0.09019608 0.0627451  0.07450981]  [0.09019608 0.0627451  0.07450981]]]",11.94648901897017,55680,/home/amos/media/tv/The X-Files S01-S11 BluRay 10Bit 1080p Dts-HDMa5 1 HEVC-d3g/The X-Files S08 br 10bit dts hevc-d3g/The.X-Files.S08E07.Via.Negativa.1080p.BluRay.10Bit.Dts-HDMa5.1.HEVC-d3g.mkv633,1080,1920,0,221,129,1002,221,71852,0.035,"[[[0.01960784 0.01176471 0.00784314]  [0.01960784 0.01176471 0.00784314]  [0.01960784 0.01176471 0.00784314]  ...  [0.01568628 0.00392157 0.00392157]  [0.01568628 0.00392157 0.00392157]  [0.01568628 0.00392157 0.00392157]] [[0.01960784 0.01176471 0.00784314]  [0.01960784 0.01176471 0.00784314]  [0.01960784 0.01176471 0.00784314]  ...  [0.01568628 0.00392157 0.00392157]  [0.01568628 0.00392157 0.00392157]  [0.01568628 0.00392157 0.00392157]] [[0.01960784 0.01176471 0.00784314]  [0.01960784 0.01176471 0.00784314]  [0.01960784 0.01176471 0.00784314]  ...  [0.01568628 0.00392157 0.00392157]  [0.01568628 0.00392157 0.00392157]  [0.01568628 0.00392157 0.00392157]] ... [[0.01960784 0.00784314 0.00784314]  [0.01960784 0.00784314 0.00784314]  [0.01960784 0.00784314 0.00784314]  ...  [0.05490196 0.03921569 0.03921569]  [0.05490196 0.03921569 0.03921569]  [0.04705882 0.03137255 0.03137255]] [[0.01960784 0.00784314 0.00784314]  [0.01960784 0.00784314 0.00784314]  [0.01960784 0.00784314 0.00784314]  ...  [0.05490196 0.03921569 0.03921569]  [0.05098039 0.03529412 0.03529412]  [0.05098039 0.03529412 0.03529412]] [[0.01960784 0.00784314 0.01176471]  [0.01960784 0.00784314 0.01176471]  [0.01960784 0.00784314 0.01176471]  ...  [0.05490196 0.03921569 0.03921569]  [0.05490196 0.03921569 0.03921569]  [0.05098039 0.03529412 0.03529412]]]",6.895264079386834,56328,/home/amos/media/tv/The X-Files S01-S11 BluRay 10Bit 1080p Dts-HDMa5 1 HEVC-d3g/The X-Files S08 br 10bit dts hevc-d3g/The.X-Files.S08E07.Via.Negativa.1080p.BluRay.10Bit.Dts-HDMa5.1.HEVC-d3g.mkv634,1080,1920,0,221,139,1051,221,68060,0.033,"[[[0. 0. 0.]  [0. 0. 0.]  [0. 0. 0.]  ...  [0. 0. 0.]  [0. 0. 0.]  [0. 0. 0.]] [[0. 0. 0.]  [0. 0. 0.]  [0. 0. 0.]  ...  [0. 0. 0.]  [0. 0. 0.]  [0. 0. 0.]] [[0. 0. 0.]  [0. 0. 0.]  [0. 0. 0.]  ...  [0. 0. 0.]  [0. 0. 0.]  [0. 0. 0.]] ... [[0. 0. 0.]  [0. 0. 0.]  [0. 0. 0.]  ...  [0. 0. 0.]  [0. 0. 0.]  [0. 0. 0.]] [[0. 0. 0.]  [0. 0. 0.]  [0. 0. 0.]  ...  [0. 0. 0.]  [0. 0. 0.]  [0. 0. 0.]] [[0. 0. 0.]  [0. 0. 0.]  [0. 0. 0.]  ...  [0. 0. 0.]  [0. 0. 0.]  [0. 0. 0.]]]",8.136262071842793,56352,/home/amos/media/tv/The X-Files S01-S11 BluRay 10Bit 1080p Dts-HDMa5 1 HEVC-d3g/The X-Files S08 br 10bit dts hevc-d3g/The.X-Files.S08E07.Via.Negativa.1080p.BluRay.10Bit.Dts-HDMa5.1.HEVC-d3g.mkv635,1080,1920,0,238,99,1108,238,120930,0.058,"[[[0. 0. 0.]  [0. 0. 0.]  [0. 0. 0.]  ...  [0. 0. 0.]  [0. 0. 0.]  [0. 0. 0.]] [[0. 0. 0.]  [0. 0. 0.]  [0. 0. 0.]  ...  [0. 0. 0.]  [0. 0. 0.]  [0. 0. 0.]] [[0. 0. 0.]  [0. 0. 0.]  [0. 0. 0.]  ...  [0. 0. 0.]  [0. 0. 0.]  [0. 0. 0.]] ... [[0. 0. 0.]  [0. 0. 0.]  [0. 0. 0.]  ...  [0. 0. 0.]  [0. 0. 0.]  [0. 0. 0.]] [[0. 0. 0.]  [0. 0. 0.]  [0. 0. 0.]  ...  [0. 0. 0.]  [0. 0. 0.]  [0. 0. 0.]] [[0. 0. 0.]  [0. 0. 0.]  [0. 0. 0.]  ...  [0. 0. 0.]  [0. 0. 0.]  [0. 0. 0.]]]",6.759597129595932,56376,/home/amos/media/tv/The X-Files S01-S11 BluRay 10Bit 1080p Dts-HDMa5 1 HEVC-d3g/The X-Files S08 br 10bit dts hevc-d3g/The.X-Files.S08E07.Via.Negativa.1080p.BluRay.10Bit.Dts-HDMa5.1.HEVC-d3g.mkv636,1080,1920,0,249,93,1061,249,126672,0.061,"[[[0.04313726 0.02352941 0.02352941]  [0.05490196 0.03529412 0.03529412]  [0.0627451  0.03921569 0.03921569]  ...  [0.01960784 0.00784314 0.00784314]  [0.01960784 0.00784314 0.00784314]  [0.02352941 0.01176471 0.01176471]] [[0.04313726 0.02352941 0.02352941]  [0.05098039 0.02745098 0.03137255]  [0.05490196 0.02745098 0.03529412]  ...  [0.02352941 0.01176471 0.01176471]  [0.02352941 0.01176471 0.01176471]  [0.02352941 0.01176471 0.01176471]] [[0.04313726 0.02352941 0.02352941]  [0.04705882 0.02352941 0.02745098]  [0.05098039 0.02745098 0.02745098]  ...  [0.02352941 0.01568628 0.01176471]  [0.02352941 0.01568628 0.01176471]  [0.02352941 0.01568628 0.01176471]] ... [[0.02352941 0.01176471 0.01176471]  [0.02745098 0.01568628 0.01568628]  [0.02745098 0.01568628 0.01568628]  ...  [0.10980392 0.07450981 0.05882353]  [0.10980392 0.07450981 0.0627451 ]  [0.10588235 0.07058824 0.05882353]] [[0.02352941 0.01176471 0.01176471]  [0.02352941 0.01176471 0.01176471]  [0.02352941 0.01176471 0.01176471]  ...  [0.10980392 0.07450981 0.05882353]  [0.11764706 0.08235294 0.06666667]  [0.11764706 0.08235294 0.06666667]] [[0.02352941 0.01176471 0.01176471]  [0.01960784 0.00784314 0.00784314]  [0.01960784 0.00784314 0.00784314]  ...  [0.10588235 0.07058824 0.05490196]  [0.11764706 0.08235294 0.06666667]  [0.1254902  0.09019608 0.07450981]]]",6.3153770309872925,56400,/home/amos/media/tv/The X-Files S01-S11 BluRay 10Bit 1080p Dts-HDMa5 1 HEVC-d3g/The X-Files S08 br 10bit dts hevc-d3g/The.X-Files.S08E07.Via.Negativa.1080p.BluRay.10Bit.Dts-HDMa5.1.HEVC-d3g.mkv637,1080,1920,0,249,92,1048,249,125443,0.06,"[[[0. 0. 0.]  [0. 0. 0.]  [0. 0. 0.]  ...  [0. 0. 0.]  [0. 0. 0.]  [0. 0. 0.]] [[0. 0. 0.]  [0. 0. 0.]  [0. 0. 0.]  ...  [0. 0. 0.]  [0. 0. 0.]  [0. 0. 0.]] [[0. 0. 0.]  [0. 0. 0.]  [0. 0. 0.]  ...  [0. 0. 0.]  [0. 0. 0.]  [0. 0. 0.]] ... [[0. 0. 0.]  [0. 0. 0.]  [0. 0. 0.]  ...  [0. 0. 0.]  [0. 0. 0.]  [0. 0. 0.]] [[0. 0. 0.]  [0. 0. 0.]  [0. 0. 0.]  ...  [0. 0. 0.]  [0. 0. 0.]  [0. 0. 0.]] [[0. 0. 0.]  [0. 0. 0.]  [0. 0. 0.]  ...  [0. 0. 0.]  [0. 0. 0.]  [0. 0. 0.]]]",5.660008087579627,56424,/home/amos/media/tv/The X-Files S01-S11 BluRay 10Bit 1080p Dts-HDMa5 1 HEVC-d3g/The X-Files S08 br 10bit dts hevc-d3g/The.X-Files.S08E07.Via.Negativa.1080p.BluRay.10Bit.Dts-HDMa5.1.HEVC-d3g.mkv638,1080,1920,1,52,413,1288,52,446196,0.215,"[[[0.1764706  0.09411765 0.0627451 ]  [0.1764706  0.09411765 0.0627451 ]  [0.1764706  0.09411765 0.0627451 ]  ...  [0.14117648 0.10588235 0.06666667]  [0.14117648 0.10588235 0.06666667]  [0.14117648 0.10588235 0.06666667]] [[0.1764706  0.09411765 0.0627451 ]  [0.1764706  0.09411765 0.0627451 ]  [0.1764706  0.09411765 0.0627451 ]  ...  [0.14117648 0.10588235 0.06666667]  [0.14117648 0.10588235 0.06666667]  [0.14117648 0.10588235 0.06666667]] [[0.1764706  0.09411765 0.0627451 ]  [0.1764706  0.09411765 0.0627451 ]  [0.1764706  0.09411765 0.0627451 ]  ...  [0.14117648 0.10588235 0.06666667]  [0.14117648 0.10588235 0.06666667]  [0.14117648 0.10588235 0.06666667]] ... [[0.26666668 0.22352941 0.1882353 ]  [0.26666668 0.22352941 0.1882353 ]  [0.26666668 0.22352941 0.1882353 ]  ...  [0.10588235 0.07843138 0.05098039]  [0.10588235 0.07843138 0.05098039]  [0.10588235 0.07843138 0.05098039]] [[0.27058825 0.22745098 0.19215687]  [0.27058825 0.22745098 0.19215687]  [0.27058825 0.22745098 0.19215687]  ...  [0.10588235 0.07843138 0.05098039]  [0.10588235 0.07843138 0.05098039]  [0.10588235 0.07843138 0.05098039]] [[0.27058825 0.22745098 0.19215687]  [0.27058825 0.22745098 0.19215687]  [0.27058825 0.22745098 0.19215687]  ...  [0.10588235 0.07843138 0.05098039]  [0.10588235 0.07843138 0.05098039]  [0.10588235 0.07843138 0.05098039]]]",1.8584310882142745,56424,/home/amos/media/tv/The X-Files S01-S11 BluRay 10Bit 1080p Dts-HDMa5 1 HEVC-d3g/The X-Files S08 br 10bit dts hevc-d3g/The.X-Files.S08E07.Via.Negativa.1080p.BluRay.10Bit.Dts-HDMa5.1.HEVC-d3g.mkv639,1080,1920,0,261,85,1041,261,137280,0.066,"[[[0.02745098 0.01176471 0.01176471]  [0.02352941 0.00784314 0.00784314]  [0.02352941 0.00784314 0.00784314]  ...  [0.02745098 0.01568628 0.01568628]  [0.02352941 0.01176471 0.01176471]  [0.02352941 0.01176471 0.01176471]] [[0.02745098 0.01176471 0.01176471]  [0.01960784 0.00784314 0.00784314]  [0.01960784 0.00784314 0.00784314]  ...  [0.02352941 0.01176471 0.01176471]  [0.02745098 0.01568628 0.01568628]  [0.02352941 0.01176471 0.01176471]] [[0.03137255 0.01176471 0.01176471]  [0.02745098 0.00392157 0.00784314]  [0.02745098 0.00392157 0.00784314]  ...  [0.02352941 0.01176471 0.01176471]  [0.02352941 0.01176471 0.01176471]  [0.02352941 0.01176471 0.01176471]] ... [[0.01568628 0.00392157 0.00392157]  [0.01568628 0.00392157 0.00392157]  [0.01568628 0.00392157 0.00392157]  ...  [0.13333334 0.09411765 0.07843138]  [0.13333334 0.09411765 0.08235294]  [0.11764706 0.07843138 0.0627451 ]] [[0.01960784 0.00784314 0.00784314]  [0.01960784 0.00784314 0.00784314]  [0.01960784 0.00784314 0.00784314]  ...  [0.13725491 0.09803922 0.08235294]  [0.14117648 0.10196079 0.08627451]  [0.12941177 0.09019608 0.07450981]] [[0.01960784 0.00784314 0.00784314]  [0.01960784 0.00784314 0.00784314]  [0.01960784 0.00784314 0.00784314]  ...  [0.13333334 0.09411765 0.07843138]  [0.14117648 0.10196079 0.08627451]  [0.14509805 0.10588235 0.09019608]]]",5.874648112338036,56448,/home/amos/media/tv/The X-Files S01-S11 BluRay 10Bit 1080p Dts-HDMa5 1 HEVC-d3g/The X-Files S08 br 10bit dts hevc-d3g/The.X-Files.S08E07.Via.Negativa.1080p.BluRay.10Bit.Dts-HDMa5.1.HEVC-d3g.mkv640,1080,1920,1,49,414,1288,49,452235,0.218,"[[[0.19215687 0.10196079 0.07058824]  [0.19215687 0.10196079 0.07058824]  [0.19215687 0.10196079 0.07058824]  ...  [0.15294118 0.10588235 0.08235294]  [0.15294118 0.10588235 0.08235294]  [0.15294118 0.10588235 0.08235294]] [[0.19215687 0.10196079 0.07058824]  [0.19215687 0.10196079 0.07058824]  [0.19215687 0.10196079 0.07058824]  ...  [0.15294118 0.10588235 0.08235294]  [0.15294118 0.10588235 0.08235294]  [0.15294118 0.10588235 0.08235294]] [[0.19215687 0.10196079 0.07058824]  [0.19215687 0.10196079 0.07058824]  [0.19215687 0.10196079 0.07058824]  ...  [0.15294118 0.10588235 0.08235294]  [0.15294118 0.10588235 0.08235294]  [0.15294118 0.10588235 0.08235294]] ... [[0.21960784 0.1764706  0.13725491]  [0.21960784 0.1764706  0.13725491]  [0.21960784 0.1764706  0.13725491]  ...  [0.09411765 0.06666667 0.04313726]  [0.09411765 0.06666667 0.04313726]  [0.09411765 0.06666667 0.04313726]] [[0.21960784 0.1764706  0.13725491]  [0.21960784 0.1764706  0.13725491]  [0.21960784 0.1764706  0.13725491]  ...  [0.09411765 0.06666667 0.04313726]  [0.09411765 0.06666667 0.04313726]  [0.09411765 0.06666667 0.04313726]] [[0.21960784 0.1764706  0.13725491]  [0.21960784 0.1764706  0.13725491]  [0.21960784 0.1764706  0.13725491]  ...  [0.09411765 0.06666667 0.04313726]  [0.09411765 0.06666667 0.04313726]  [0.09411765 0.06666667 0.04313726]]]",1.3291440940811299,56448,/home/amos/media/tv/The X-Files S01-S11 BluRay 10Bit 1080p Dts-HDMa5 1 HEVC-d3g/The X-Files S08 br 10bit dts hevc-d3g/The.X-Files.S08E07.Via.Negativa.1080p.BluRay.10Bit.Dts-HDMa5.1.HEVC-d3g.mkv641,1080,1920,0,263,85,1043,263,138840,0.067,"[[[0.02352941 0.01176471 0.00784314]  [0.02352941 0.01176471 0.00784314]  [0.02352941 0.01176471 0.00784314]  ...  [0.02352941 0.01176471 0.01176471]  [0.01960784 0.00784314 0.00784314]  [0.01960784 0.00784314 0.00784314]] [[0.02352941 0.01176471 0.00784314]  [0.02352941 0.01176471 0.00784314]  [0.02352941 0.01176471 0.00784314]  ...  [0.02352941 0.01176471 0.01176471]  [0.01960784 0.00784314 0.00784314]  [0.01960784 0.00784314 0.00784314]] [[0.02352941 0.01176471 0.00784314]  [0.02352941 0.01176471 0.00784314]  [0.02352941 0.01176471 0.00784314]  ...  [0.02352941 0.01176471 0.01176471]  [0.01960784 0.00784314 0.00784314]  [0.01960784 0.00784314 0.00784314]] ... [[0.02352941 0.01176471 0.01176471]  [0.02352941 0.01176471 0.01176471]  [0.02352941 0.01176471 0.01176471]  ...  [0.10196079 0.07058824 0.0627451 ]  [0.06666667 0.03921569 0.03137255]  [0.03529412 0.00784314 0.00392157]] [[0.01960784 0.00784314 0.00784314]  [0.01960784 0.00784314 0.00784314]  [0.02352941 0.01176471 0.01176471]  ...  [0.11764706 0.09019608 0.07450981]  [0.08627451 0.05882353 0.05098039]  [0.05490196 0.02745098 0.01960784]] [[0.01960784 0.00784314 0.00784314]  [0.01568628 0.00392157 0.00392157]  [0.01960784 0.00784314 0.00784314]  ...  [0.12941177 0.10196079 0.08235294]  [0.10588235 0.07843138 0.06666667]  [0.07058824 0.04313726 0.03529412]]]",6.874618181202095,56472,/home/amos/media/tv/The X-Files S01-S11 BluRay 10Bit 1080p Dts-HDMa5 1 HEVC-d3g/The X-Files S08 br 10bit dts hevc-d3g/The.X-Files.S08E07.Via.Negativa.1080p.BluRay.10Bit.Dts-HDMa5.1.HEVC-d3g.mkv642,1080,1920,0,554,38,420,554,69144,0.033,"[[[0.03921569 0.01960784 0.02352941]  [0.05490196 0.02745098 0.03137255]  [0.0627451  0.03529412 0.03921569]  ...  [0.07058824 0.05098039 0.04705882]  [0.0627451  0.04313726 0.03921569]  [0.         0.         0.        ]] [[0.03921569 0.01960784 0.02352941]  [0.05098039 0.02352941 0.03137255]  [0.05882353 0.03137255 0.03921569]  ...  [0.06666667 0.04705882 0.04313726]  [0.06666667 0.04705882 0.04313726]  [0.         0.         0.        ]] [[0.03529412 0.01568628 0.01960784]  [0.05098039 0.02352941 0.03137255]  [0.05882353 0.03137255 0.03529412]  ...  [0.08235294 0.0627451  0.05882353]  [0.07058824 0.04705882 0.04705882]  [0.         0.         0.        ]] ... [[0.07843138 0.0627451  0.05490196]  [0.08627451 0.07058824 0.0627451 ]  [0.08235294 0.06666667 0.05882353]  ...  [0.07843138 0.05882353 0.05490196]  [0.08235294 0.0627451  0.05882353]  [0.         0.         0.        ]] [[0.08235294 0.06666667 0.05882353]  [0.08627451 0.07058824 0.0627451 ]  [0.08627451 0.07058824 0.0627451 ]  ...  [0.07450981 0.05490196 0.05098039]  [0.07843138 0.05882353 0.05490196]  [0.         0.         0.        ]] [[0.         0.         0.        ]  [0.         0.         0.        ]  [0.         0.         0.        ]  ...  [0.         0.         0.        ]  [0.         0.         0.        ]  [0.         0.         0.        ]]]",8.401831050345208,56496,/home/amos/media/tv/The X-Files S01-S11 BluRay 10Bit 1080p Dts-HDMa5 1 HEVC-d3g/The X-Files S08 br 10bit dts hevc-d3g/The.X-Files.S08E07.Via.Negativa.1080p.BluRay.10Bit.Dts-HDMa5.1.HEVC-d3g.mkv643,1080,1920,0,544,36,433,544,56388,0.027,"[[[0.0627451  0.01960784 0.01960784]  [0.10980392 0.06666667 0.0627451 ]  [0.10980392 0.06666667 0.0627451 ]  ...  [0.07058824 0.05490196 0.05098039]  [0.06666667 0.05098039 0.04705882]  [0.0627451  0.04705882 0.04313726]] [[0.07450981 0.03137255 0.03137255]  [0.08627451 0.04313726 0.03921569]  [0.09803922 0.05490196 0.05098039]  ...  [0.07058824 0.05490196 0.05098039]  [0.06666667 0.05098039 0.04705882]  [0.05882353 0.04313726 0.03921569]] [[0.08235294 0.03921569 0.03529412]  [0.09803922 0.05098039 0.04705882]  [0.09411765 0.05098039 0.04705882]  ...  [0.07058824 0.05490196 0.05490196]  [0.05490196 0.03921569 0.03529412]  [0.06666667 0.05098039 0.04705882]] ... [[0.09019608 0.07058824 0.0627451 ]  [0.09019608 0.07058824 0.0627451 ]  [0.09411765 0.07450981 0.06666667]  ...  [0.08235294 0.0627451  0.05490196]  [0.07058824 0.05098039 0.04313726]  [0.08235294 0.0627451  0.05490196]] [[0.09019608 0.07058824 0.0627451 ]  [0.09019608 0.07058824 0.0627451 ]  [0.09803922 0.07843138 0.07058824]  ...  [0.07843138 0.05882353 0.05098039]  [0.08235294 0.0627451  0.05490196]  [0.06666667 0.04705882 0.03921569]] [[0.09019608 0.07450981 0.06666667]  [0.08627451 0.06666667 0.05882353]  [0.09019608 0.07058824 0.0627451 ]  ...  [0.08235294 0.0627451  0.05490196]  [0.08235294 0.0627451  0.05490196]  [0.08235294 0.0627451  0.05490196]]]",5.949787068355363,56520,/home/amos/media/tv/The X-Files S01-S11 BluRay 10Bit 1080p Dts-HDMa5 1 HEVC-d3g/The X-Files S08 br 10bit dts hevc-d3g/The.X-Files.S08E07.Via.Negativa.1080p.BluRay.10Bit.Dts-HDMa5.1.HEVC-d3g.mkv644,1080,1920,0,542,45,440,542,50694,0.024,"[[[0.07450981 0.04313726 0.02745098]  [0.07450981 0.04313726 0.03137255]  [0.09019608 0.05882353 0.04705882]  ...  [0.07058824 0.05098039 0.05098039]  [0.06666667 0.04705882 0.04705882]  [0.07843138 0.05882353 0.05882353]] [[0.07843138 0.04705882 0.03529412]  [0.07058824 0.03921569 0.02745098]  [0.08627451 0.05098039 0.03921569]  ...  [0.07058824 0.05098039 0.05098039]  [0.07058824 0.05098039 0.05098039]  [0.08235294 0.06666667 0.06666667]] [[0.07843138 0.04705882 0.03529412]  [0.07843138 0.04705882 0.03529412]  [0.09019608 0.05490196 0.04313726]  ...  [0.07843138 0.05882353 0.05882353]  [0.07058824 0.05098039 0.05098039]  [0.06666667 0.04705882 0.04705882]] ... [[0.09019608 0.07450981 0.06666667]  [0.09019608 0.07450981 0.06666667]  [0.08627451 0.07058824 0.0627451 ]  ...  [0.07450981 0.05490196 0.04705882]  [0.07843138 0.05882353 0.05098039]  [0.07450981 0.05490196 0.04705882]] [[0.08627451 0.07058824 0.0627451 ]  [0.08235294 0.06666667 0.05882353]  [0.07843138 0.0627451  0.05490196]  ...  [0.08235294 0.0627451  0.05490196]  [0.06666667 0.04705882 0.03921569]  [0.07843138 0.05882353 0.05098039]] [[0.08627451 0.07058824 0.0627451 ]  [0.08627451 0.07058824 0.0627451 ]  [0.08235294 0.06666667 0.05882353]  ...  [0.07450981 0.05490196 0.04313726]  [0.07843138 0.05882353 0.05098039]  [0.07058824 0.05098039 0.04313726]]]",7.683480059844442,56544,/home/amos/media/tv/The X-Files S01-S11 BluRay 10Bit 1080p Dts-HDMa5 1 HEVC-d3g/The X-Files S08 br 10bit dts hevc-d3g/The.X-Files.S08E07.Via.Negativa.1080p.BluRay.10Bit.Dts-HDMa5.1.HEVC-d3g.mkv645,1080,1920,0,538,40,435,538,51294,0.025,"[[[0.09019608 0.03921569 0.03921569]  [0.11372549 0.0627451  0.0627451 ]  [0.10980392 0.05882353 0.05882353]  ...  [0.07450981 0.05490196 0.05098039]  [0.0627451  0.04313726 0.03921569]  [0.07450981 0.05490196 0.05098039]] [[0.10196079 0.05098039 0.05098039]  [0.10980392 0.05882353 0.05882353]  [0.10980392 0.05882353 0.05882353]  ...  [0.07058824 0.05098039 0.04705882]  [0.0627451  0.04313726 0.03921569]  [0.0627451  0.04313726 0.03921569]] [[0.09803922 0.05098039 0.05098039]  [0.10196079 0.05098039 0.05490196]  [0.10196079 0.05098039 0.05098039]  ...  [0.07450981 0.05490196 0.05098039]  [0.07450981 0.05490196 0.05098039]  [0.06666667 0.04705882 0.04313726]] ... [[0.09019608 0.07450981 0.06666667]  [0.07843138 0.0627451  0.05490196]  [0.07843138 0.0627451  0.05490196]  ...  [0.07058824 0.05098039 0.04705882]  [0.07450981 0.05490196 0.05098039]  [0.08235294 0.0627451  0.05882353]] [[0.09019608 0.07450981 0.06666667]  [0.07843138 0.0627451  0.05490196]  [0.08627451 0.07058824 0.0627451 ]  ...  [0.07843138 0.05882353 0.05490196]  [0.08235294 0.0627451  0.05882353]  [0.07843138 0.05882353 0.05490196]] [[0.08235294 0.06666667 0.05882353]  [0.08235294 0.06666667 0.05882353]  [0.09019608 0.07450981 0.06666667]  ...  [0.07058824 0.05098039 0.04705882]  [0.09019608 0.07058824 0.06666667]  [0.07058824 0.05098039 0.04705882]]]",7.488046103331726,56568,/home/amos/media/tv/The X-Files S01-S11 BluRay 10Bit 1080p Dts-HDMa5 1 HEVC-d3g/The X-Files S08 br 10bit dts hevc-d3g/The.X-Files.S08E07.Via.Negativa.1080p.BluRay.10Bit.Dts-HDMa5.1.HEVC-d3g.mkv646,1080,1920,0,557,57,421,557,68000,0.033,"[[[0.01960784 0.         0.01176471]  [0.05882353 0.01960784 0.03529412]  [0.06666667 0.02745098 0.03529412]  ...  [0.05882353 0.03921569 0.03529412]  [0.07450981 0.05490196 0.05098039]  [0.07450981 0.05490196 0.05098039]] [[0.02745098 0.00392157 0.01960784]  [0.04705882 0.00784314 0.02352941]  [0.05490196 0.01568628 0.02352941]  ...  [0.07058824 0.05098039 0.04705882]  [0.07058824 0.05098039 0.04705882]  [0.07843138 0.05882353 0.05490196]] [[0.02745098 0.00392157 0.01960784]  [0.05490196 0.01568628 0.03137255]  [0.05882353 0.01960784 0.03137255]  ...  [0.06666667 0.04705882 0.04705882]  [0.07450981 0.05490196 0.05490196]  [0.07058824 0.04705882 0.04705882]] ... [[0.09019608 0.07058824 0.0627451 ]  [0.09803922 0.07843138 0.07058824]  [0.10196079 0.08235294 0.07450981]  ...  [0.07450981 0.05490196 0.04705882]  [0.07843138 0.0627451  0.05098039]  [0.08627451 0.06666667 0.05490196]] [[0.08627451 0.06666667 0.05882353]  [0.09803922 0.07843138 0.07058824]  [0.09019608 0.07058824 0.0627451 ]  ...  [0.07450981 0.05490196 0.04705882]  [0.08235294 0.0627451  0.05490196]  [0.08235294 0.0627451  0.05490196]] [[0.09019608 0.07058824 0.0627451 ]  [0.10196079 0.08235294 0.07450981]  [0.09019608 0.07058824 0.0627451 ]  ...  [0.07450981 0.05490196 0.04705882]  [0.08235294 0.0627451  0.05490196]  [0.08235294 0.0627451  0.05490196]]]",7.357829047017731,56592,/home/amos/media/tv/The X-Files S01-S11 BluRay 10Bit 1080p Dts-HDMa5 1 HEVC-d3g/The X-Files S08 br 10bit dts hevc-d3g/The.X-Files.S08E07.Via.Negativa.1080p.BluRay.10Bit.Dts-HDMa5.1.HEVC-d3g.mkv647,1080,1920,1,296,568,631,296,91120,0.044,"[[[0.11764706 0.05882353 0.05098039]  [0.12156863 0.0627451  0.05490196]  [0.12156863 0.05882353 0.05490196]  ...  [0.07450981 0.05490196 0.04705882]  [0.07450981 0.05490196 0.04705882]  [0.07450981 0.05490196 0.04705882]] [[0.1254902  0.0627451  0.05882353]  [0.1254902  0.0627451  0.05882353]  [0.11764706 0.05490196 0.05098039]  ...  [0.07843138 0.05882353 0.05098039]  [0.07450981 0.05490196 0.04705882]  [0.07450981 0.05490196 0.04705882]] [[0.11764706 0.05490196 0.05098039]  [0.11764706 0.05490196 0.05098039]  [0.10980392 0.04705882 0.04313726]  ...  [0.07843138 0.05882353 0.05098039]  [0.07843138 0.05882353 0.05098039]  [0.07450981 0.05490196 0.04705882]] ... [[0.01176471 0.         0.01960784]  [0.01176471 0.         0.01960784]  [0.01176471 0.         0.01960784]  ...  [0.07843138 0.0627451  0.08235294]  [0.07058824 0.05490196 0.07843138]  [0.07058824 0.05490196 0.07450981]] [[0.01176471 0.00392157 0.01960784]  [0.01176471 0.00392157 0.01960784]  [0.01176471 0.         0.01960784]  ...  [0.07843138 0.0627451  0.08235294]  [0.07843138 0.0627451  0.08235294]  [0.07843138 0.0627451  0.08235294]] [[0.01568628 0.00392157 0.02352941]  [0.01568628 0.00392157 0.02352941]  [0.01176471 0.         0.01960784]  ...  [0.08235294 0.06666667 0.08235294]  [0.08235294 0.06666667 0.08627451]  [0.08235294 0.06666667 0.08235294]]]",2.4227560592698865,56592,/home/amos/media/tv/The X-Files S01-S11 BluRay 10Bit 1080p Dts-HDMa5 1 HEVC-d3g/The X-Files S08 br 10bit dts hevc-d3g/The.X-Files.S08E07.Via.Negativa.1080p.BluRay.10Bit.Dts-HDMa5.1.HEVC-d3g.mkv648,1080,1920,0,621,116,836,621,108575,0.052,"[[[0.05098039 0.01568628 0.01960784]  [0.1254902  0.09019608 0.08235294]  [0.08627451 0.05098039 0.03529412]  ...  [0.00784314 0.         0.00784314]  [0.00784314 0.         0.00784314]  [0.00784314 0.         0.00784314]] [[0.06666667 0.03529412 0.03137255]  [0.10196079 0.06666667 0.05882353]  [0.10196079 0.06666667 0.05098039]  ...  [0.00784314 0.         0.00784314]  [0.00784314 0.         0.00784314]  [0.00784314 0.         0.00784314]] [[0.0627451  0.03137255 0.03137255]  [0.06666667 0.03137255 0.02352941]  [0.05490196 0.02352941 0.01176471]  ...  [0.00392157 0.         0.00392157]  [0.00392157 0.         0.00392157]  [0.00392157 0.         0.00392157]] ... [[0.00392157 0.         0.00392157]  [0.00392157 0.         0.00392157]  [0.00392157 0.         0.00392157]  ...  [0.00392157 0.         0.00392157]  [0.00392157 0.         0.00784314]  [0.00392157 0.         0.00784314]] [[0.00392157 0.         0.00392157]  [0.00392157 0.         0.00392157]  [0.00392157 0.         0.00392157]  ...  [0.00392157 0.         0.00784314]  [0.00392157 0.         0.01176471]  [0.00392157 0.         0.01176471]] [[0.00392157 0.         0.00392157]  [0.00392157 0.         0.00392157]  [0.00392157 0.         0.00392157]  ...  [0.         0.         0.        ]  [0.00392157 0.         0.01176471]  [0.00392157 0.         0.01176471]]]",5.559319137770217,56616,/home/amos/media/tv/The X-Files S01-S11 BluRay 10Bit 1080p Dts-HDMa5 1 HEVC-d3g/The X-Files S08 br 10bit dts hevc-d3g/The.X-Files.S08E07.Via.Negativa.1080p.BluRay.10Bit.Dts-HDMa5.1.HEVC-d3g.mkv649,1080,1920,1,120,938,1408,120,1053584,0.508,"[[[0.10588235 0.05490196 0.03529412]  [0.10588235 0.05490196 0.03529412]  [0.10588235 0.05490196 0.03529412]  ...  [0.10196079 0.08627451 0.05882353]  [0.10588235 0.09019608 0.0627451 ]  [0.10588235 0.09019608 0.0627451 ]] [[0.10588235 0.05490196 0.03529412]  [0.10588235 0.05490196 0.03529412]  [0.10588235 0.05490196 0.03529412]  ...  [0.10196079 0.08627451 0.05882353]  [0.10588235 0.09019608 0.0627451 ]  [0.10588235 0.09019608 0.0627451 ]] [[0.10588235 0.05490196 0.03529412]  [0.10588235 0.05490196 0.03529412]  [0.10980392 0.05490196 0.03921569]  ...  [0.10588235 0.09019608 0.0627451 ]  [0.10588235 0.09019608 0.0627451 ]  [0.10588235 0.09019608 0.0627451 ]] ... [[0.22352941 0.20392157 0.1764706 ]  [0.22352941 0.20784314 0.18039216]  [0.22352941 0.20784314 0.18039216]  ...  [0.02745098 0.01960784 0.01176471]  [0.02352941 0.01568628 0.00784314]  [0.02352941 0.01568628 0.00784314]] [[0.23137255 0.21568628 0.18431373]  [0.23137255 0.21568628 0.18431373]  [0.23137255 0.21568628 0.18431373]  ...  [0.02745098 0.01568628 0.01176471]  [0.02745098 0.01568628 0.01176471]  [0.02745098 0.01568628 0.01176471]] [[0.23529412 0.21960784 0.1882353 ]  [0.23529412 0.21960784 0.1882353 ]  [0.23529412 0.21960784 0.1882353 ]  ...  [0.02745098 0.01568628 0.01176471]  [0.02745098 0.01568628 0.01176471]  [0.02745098 0.01568628 0.01176471]]]",2.5592909966944717,56616,/home/amos/media/tv/The X-Files S01-S11 BluRay 10Bit 1080p Dts-HDMa5 1 HEVC-d3g/The X-Files S08 br 10bit dts hevc-d3g/The.X-Files.S08E07.Via.Negativa.1080p.BluRay.10Bit.Dts-HDMa5.1.HEVC-d3g.mkv650,1080,1920,0,624,110,834,624,107940,0.052,"[[[0. 0. 0.]  [0. 0. 0.]  [0. 0. 0.]  ...  [0. 0. 0.]  [0. 0. 0.]  [0. 0. 0.]] [[0. 0. 0.]  [0. 0. 0.]  [0. 0. 0.]  ...  [0. 0. 0.]  [0. 0. 0.]  [0. 0. 0.]] [[0. 0. 0.]  [0. 0. 0.]  [0. 0. 0.]  ...  [0. 0. 0.]  [0. 0. 0.]  [0. 0. 0.]] ... [[0. 0. 0.]  [0. 0. 0.]  [0. 0. 0.]  ...  [0. 0. 0.]  [0. 0. 0.]  [0. 0. 0.]] [[0. 0. 0.]  [0. 0. 0.]  [0. 0. 0.]  ...  [0. 0. 0.]  [0. 0. 0.]  [0. 0. 0.]] [[0. 0. 0.]  [0. 0. 0.]  [0. 0. 0.]  ...  [0. 0. 0.]  [0. 0. 0.]  [0. 0. 0.]]]",6.737151115608867,56640,/home/amos/media/tv/The X-Files S01-S11 BluRay 10Bit 1080p Dts-HDMa5 1 HEVC-d3g/The X-Files S08 br 10bit dts hevc-d3g/The.X-Files.S08E07.Via.Negativa.1080p.BluRay.10Bit.Dts-HDMa5.1.HEVC-d3g.mkv651,1080,1920,1,122,928,1406,122,1034904,0.499,"[[[0.10588235 0.05490196 0.03137255]  [0.10588235 0.05490196 0.03137255]  [0.10588235 0.05490196 0.03137255]  ...  [0.08235294 0.07450981 0.05098039]  [0.08235294 0.07450981 0.05098039]  [0.08235294 0.07450981 0.05098039]] [[0.10588235 0.05490196 0.03137255]  [0.10588235 0.05490196 0.03137255]  [0.10588235 0.05490196 0.03137255]  ...  [0.08235294 0.07450981 0.05098039]  [0.08235294 0.07450981 0.05098039]  [0.08235294 0.07450981 0.05098039]] [[0.10588235 0.05490196 0.03137255]  [0.10588235 0.05490196 0.03137255]  [0.10980392 0.05882353 0.03529412]  ...  [0.08627451 0.07843138 0.05490196]  [0.08627451 0.07843138 0.05490196]  [0.08627451 0.07843138 0.05490196]] ... [[0.12941177 0.12941177 0.09803922]  [0.13725491 0.13725491 0.10588235]  [0.15294118 0.15294118 0.12156863]  ...  [0.02745098 0.01568628 0.01176471]  [0.02745098 0.01568628 0.01176471]  [0.02745098 0.01568628 0.01176471]] [[0.14901961 0.14901961 0.11764706]  [0.15686275 0.15686275 0.12941177]  [0.1764706  0.1764706  0.14509805]  ...  [0.02745098 0.01568628 0.01176471]  [0.02745098 0.01568628 0.01176471]  [0.02745098 0.01568628 0.01176471]] [[0.16078432 0.16078432 0.12941177]  [0.16862746 0.16862746 0.13725491]  [0.1882353  0.1882353  0.15686275]  ...  [0.02745098 0.01568628 0.01176471]  [0.02745098 0.01568628 0.01176471]  [0.02745098 0.01568628 0.01176471]]]",4.366873079387005,56640,/home/amos/media/tv/The X-Files S01-S11 BluRay 10Bit 1080p Dts-HDMa5 1 HEVC-d3g/The X-Files S08 br 10bit dts hevc-d3g/The.X-Files.S08E07.Via.Negativa.1080p.BluRay.10Bit.Dts-HDMa5.1.HEVC-d3g.mkv652,1080,1920,0,608,112,845,608,117552,0.057,"[[[0.08627451 0.05098039 0.04705882]  [0.10980392 0.07058824 0.06666667]  [0.08627451 0.04705882 0.04705882]  ...  [0.00784314 0.         0.00784314]  [0.00784314 0.         0.00784314]  [0.00784314 0.         0.00784314]] [[0.09411765 0.05882353 0.04705882]  [0.09019608 0.05098039 0.04705882]  [0.06666667 0.02745098 0.02745098]  ...  [0.00784314 0.         0.00784314]  [0.00784314 0.         0.00784314]  [0.00784314 0.         0.00784314]] [[0.07450981 0.03921569 0.02745098]  [0.05098039 0.01176471 0.00784314]  [0.07450981 0.03529412 0.03137255]  ...  [0.00784314 0.         0.00784314]  [0.00784314 0.         0.00784314]  [0.00784314 0.         0.00784314]] ... [[0.00392157 0.         0.00392157]  [0.00392157 0.         0.00392157]  [0.00392157 0.         0.00392157]  ...  [0.00392157 0.         0.        ]  [0.00392157 0.         0.00392157]  [0.00392157 0.         0.00392157]] [[0.00392157 0.         0.00392157]  [0.00392157 0.         0.00392157]  [0.00392157 0.         0.00392157]  ...  [0.01176471 0.         0.00392157]  [0.00392157 0.         0.00392157]  [0.00392157 0.         0.00392157]] [[0.00392157 0.         0.00392157]  [0.00392157 0.         0.00392157]  [0.00392157 0.         0.00392157]  ...  [0.02745098 0.00784314 0.01960784]  [0.00392157 0.         0.00392157]  [0.00392157 0.         0.00392157]]]",4.223328047024552,56664,/home/amos/media/tv/The X-Files S01-S11 BluRay 10Bit 1080p Dts-HDMa5 1 HEVC-d3g/The X-Files S08 br 10bit dts hevc-d3g/The.X-Files.S08E07.Via.Negativa.1080p.BluRay.10Bit.Dts-HDMa5.1.HEVC-d3g.mkv653,1080,1920,1,123,923,1411,123,1030400,0.497,"[[[0.09411765 0.04313726 0.03137255]  [0.09411765 0.04313726 0.03137255]  [0.09411765 0.04313726 0.03137255]  ...  [0.08235294 0.07450981 0.04705882]  [0.08235294 0.07450981 0.04705882]  [0.08235294 0.07450981 0.04705882]] [[0.09411765 0.04313726 0.03137255]  [0.09411765 0.04313726 0.03137255]  [0.09411765 0.04313726 0.03137255]  ...  [0.08235294 0.07450981 0.04705882]  [0.08235294 0.07450981 0.04705882]  [0.08235294 0.07450981 0.04705882]] [[0.09803922 0.04705882 0.03529412]  [0.09803922 0.04705882 0.03529412]  [0.10196079 0.04705882 0.03921569]  ...  [0.08235294 0.07450981 0.04705882]  [0.08235294 0.07450981 0.04705882]  [0.08235294 0.07450981 0.04705882]] ... [[0.12156863 0.11372549 0.07450981]  [0.11372549 0.10196079 0.06666667]  [0.10196079 0.09019608 0.05490196]  ...  [0.02745098 0.01176471 0.01176471]  [0.02745098 0.01176471 0.01176471]  [0.02745098 0.01176471 0.01176471]] [[0.11764706 0.10588235 0.07058824]  [0.11372549 0.10196079 0.06666667]  [0.10588235 0.09411765 0.05882353]  ...  [0.03137255 0.01176471 0.01176471]  [0.03137255 0.01176471 0.01176471]  [0.03137255 0.01176471 0.01176471]] [[0.11372549 0.10196079 0.06666667]  [0.10980392 0.09803922 0.0627451 ]  [0.10588235 0.09411765 0.05882353]  ...  [0.03137255 0.01568628 0.01568628]  [0.03137255 0.01568628 0.01568628]  [0.03137255 0.01568628 0.01568628]]]",3.5662700337707065,56664,/home/amos/media/tv/The X-Files S01-S11 BluRay 10Bit 1080p Dts-HDMa5 1 HEVC-d3g/The X-Files S08 br 10bit dts hevc-d3g/The.X-Files.S08E07.Via.Negativa.1080p.BluRay.10Bit.Dts-HDMa5.1.HEVC-d3g.mkv654,1080,1920,0,619,106,841,619,113886,0.055,"[[[0.04313726 0.01176471 0.00784314]  [0.07058824 0.03137255 0.03137255]  [0.13333334 0.09803922 0.09019608]  ...  [0.00784314 0.         0.00784314]  [0.00784314 0.         0.00784314]  [0.00784314 0.         0.00784314]] [[0.0627451  0.02352941 0.02352941]  [0.10588235 0.06666667 0.06666667]  [0.10980392 0.07058824 0.06666667]  ...  [0.00784314 0.         0.00784314]  [0.00784314 0.         0.00784314]  [0.00784314 0.         0.00784314]] [[0.06666667 0.02745098 0.02745098]  [0.10196079 0.06666667 0.06666667]  [0.08627451 0.04705882 0.04313726]  ...  [0.00392157 0.         0.00392157]  [0.00784314 0.         0.00784314]  [0.00784314 0.         0.00784314]] ... [[0.00392157 0.         0.00392157]  [0.00392157 0.         0.00392157]  [0.00392157 0.         0.00392157]  ...  [0.00392157 0.         0.00392157]  [0.00392157 0.         0.00392157]  [0.00392157 0.         0.00392157]] [[0.00392157 0.         0.00392157]  [0.00392157 0.         0.00392157]  [0.00392157 0.         0.00392157]  ...  [0.00392157 0.         0.        ]  [0.00392157 0.         0.        ]  [0.00392157 0.         0.00392157]] [[0.00392157 0.         0.00392157]  [0.00392157 0.         0.00392157]  [0.00392157 0.         0.00392157]  ...  [0.01176471 0.         0.        ]  [0.00392157 0.         0.        ]  [0.00392157 0.         0.00392157]]]",3.889832114917226,56688,/home/amos/media/tv/The X-Files S01-S11 BluRay 10Bit 1080p Dts-HDMa5 1 HEVC-d3g/The X-Files S08 br 10bit dts hevc-d3g/The.X-Files.S08E07.Via.Negativa.1080p.BluRay.10Bit.Dts-HDMa5.1.HEVC-d3g.mkv655,1080,1920,1,125,921,1412,125,1024452,0.494,"[[[0.09019608 0.04313726 0.02745098]  [0.09019608 0.04313726 0.02745098]  [0.09411765 0.04705882 0.03137255]  ...  [0.09803922 0.08627451 0.05882353]  [0.09803922 0.08627451 0.05882353]  [0.09803922 0.08627451 0.05882353]] [[0.09019608 0.04313726 0.02745098]  [0.09019608 0.04313726 0.02745098]  [0.09411765 0.04705882 0.03137255]  ...  [0.09803922 0.08627451 0.05490196]  [0.09803922 0.08627451 0.05490196]  [0.09803922 0.08627451 0.05490196]] [[0.09019608 0.04313726 0.02745098]  [0.09019608 0.04313726 0.02745098]  [0.09411765 0.04705882 0.03137255]  ...  [0.09411765 0.08235294 0.05490196]  [0.09411765 0.08235294 0.05490196]  [0.09411765 0.08235294 0.05490196]] ... [[0.22745098 0.20784314 0.1764706 ]  [0.22745098 0.21176471 0.18039216]  [0.22745098 0.21176471 0.18039216]  ...  [0.02745098 0.01568628 0.01176471]  [0.02745098 0.01568628 0.01568628]  [0.02745098 0.01568628 0.01568628]] [[0.23529412 0.21960784 0.1882353 ]  [0.23529412 0.21960784 0.1882353 ]  [0.23921569 0.21960784 0.1882353 ]  ...  [0.03137255 0.01960784 0.01568628]  [0.03137255 0.01960784 0.01568628]  [0.03137255 0.01960784 0.01568628]] [[0.24313726 0.22745098 0.19607843]  [0.24313726 0.22745098 0.19607843]  [0.24313726 0.22745098 0.19607843]  ...  [0.03137255 0.01960784 0.01568628]  [0.03137255 0.01960784 0.01568628]  [0.03137255 0.01960784 0.01568628]]]",4.568562040978577,56688,/home/amos/media/tv/The X-Files S01-S11 BluRay 10Bit 1080p Dts-HDMa5 1 HEVC-d3g/The X-Files S08 br 10bit dts hevc-d3g/The.X-Files.S08E07.Via.Negativa.1080p.BluRay.10Bit.Dts-HDMa5.1.HEVC-d3g.mkv656,1080,1920,0,620,102,839,620,113442,0.055,"[[[0. 0. 0.]  [0. 0. 0.]  [0. 0. 0.]  ...  [0. 0. 0.]  [0. 0. 0.]  [0. 0. 0.]] [[0. 0. 0.]  [0. 0. 0.]  [0. 0. 0.]  ...  [0. 0. 0.]  [0. 0. 0.]  [0. 0. 0.]] [[0. 0. 0.]  [0. 0. 0.]  [0. 0. 0.]  ...  [0. 0. 0.]  [0. 0. 0.]  [0. 0. 0.]] ... [[0. 0. 0.]  [0. 0. 0.]  [0. 0. 0.]  ...  [0. 0. 0.]  [0. 0. 0.]  [0. 0. 0.]] [[0. 0. 0.]  [0. 0. 0.]  [0. 0. 0.]  ...  [0. 0. 0.]  [0. 0. 0.]  [0. 0. 0.]] [[0. 0. 0.]  [0. 0. 0.]  [0. 0. 0.]  ...  [0. 0. 0.]  [0. 0. 0.]  [0. 0. 0.]]]",3.8536730488413014,56712,/home/amos/media/tv/The X-Files S01-S11 BluRay 10Bit 1080p Dts-HDMa5 1 HEVC-d3g/The X-Files S08 br 10bit dts hevc-d3g/The.X-Files.S08E07.Via.Negativa.1080p.BluRay.10Bit.Dts-HDMa5.1.HEVC-d3g.mkv657,1080,1920,1,127,912,1409,127,1006370,0.485,"[[[0.09411765 0.04705882 0.02745098]  [0.09411765 0.04705882 0.02352941]  [0.09019608 0.04313726 0.02352941]  ...  [0.08627451 0.07450981 0.03921569]  [0.08627451 0.07450981 0.03921569]  [0.08627451 0.07450981 0.03921569]] [[0.09411765 0.04705882 0.02745098]  [0.09411765 0.04705882 0.02352941]  [0.09019608 0.04313726 0.02352941]  ...  [0.08627451 0.07450981 0.03921569]  [0.08627451 0.07450981 0.03921569]  [0.08627451 0.07450981 0.03921569]] [[0.09411765 0.04705882 0.02745098]  [0.09019608 0.04313726 0.02352941]  [0.09019608 0.04313726 0.01960784]  ...  [0.08627451 0.07450981 0.03921569]  [0.08627451 0.07450981 0.03921569]  [0.08627451 0.07450981 0.03921569]] ... [[0.09411765 0.09019608 0.0627451 ]  [0.09803922 0.09411765 0.07058824]  [0.10588235 0.10196079 0.07843138]  ...  [0.03137255 0.02352941 0.01568628]  [0.03137255 0.02352941 0.01568628]  [0.03137255 0.02352941 0.01568628]] [[0.10196079 0.10196079 0.07058824]  [0.11372549 0.10588235 0.08235294]  [0.1254902  0.12156863 0.09411765]  ...  [0.03137255 0.02352941 0.01568628]  [0.03137255 0.02352941 0.01568628]  [0.03137255 0.02352941 0.01568628]] [[0.10980392 0.10588235 0.07843138]  [0.11764706 0.11372549 0.08627451]  [0.13333334 0.12941177 0.10196079]  ...  [0.03137255 0.02352941 0.01568628]  [0.03137255 0.02352941 0.01568628]  [0.03137255 0.02352941 0.01568628]]]",3.0457130701979622,56712,/home/amos/media/tv/The X-Files S01-S11 BluRay 10Bit 1080p Dts-HDMa5 1 HEVC-d3g/The X-Files S08 br 10bit dts hevc-d3g/The.X-Files.S08E07.Via.Negativa.1080p.BluRay.10Bit.Dts-HDMa5.1.HEVC-d3g.mkv658,1080,1920,0,573,122,874,573,135751,0.065,"[[[0.09411765 0.05098039 0.03529412]  [0.12156863 0.08235294 0.05882353]  [0.06666667 0.02745098 0.00392157]  ...  [0.00392157 0.         0.00392157]  [0.00392157 0.         0.00392157]  [0.00392157 0.         0.00392157]] [[0.14509805 0.10196079 0.09019608]  [0.08235294 0.04705882 0.01960784]  [0.05882353 0.01960784 0.        ]  ...  [0.00392157 0.         0.00392157]  [0.00392157 0.         0.00392157]  [0.00392157 0.         0.00392157]] [[0.11372549 0.07843138 0.06666667]  [0.05882353 0.02745098 0.00392157]  [0.05098039 0.01568628 0.        ]  ...  [0.00392157 0.         0.00392157]  [0.00392157 0.         0.00392157]  [0.00392157 0.         0.00392157]] ... [[0.00392157 0.         0.00392157]  [0.00392157 0.         0.00392157]  [0.00392157 0.         0.00392157]  ...  [0.00392157 0.         0.00392157]  [0.00392157 0.         0.00392157]  [0.00392157 0.         0.00392157]] [[0.00392157 0.         0.00392157]  [0.00392157 0.         0.00392157]  [0.00392157 0.         0.00392157]  ...  [0.00392157 0.         0.00392157]  [0.00392157 0.         0.00392157]  [0.00392157 0.         0.00392157]] [[0.00392157 0.         0.00392157]  [0.00392157 0.         0.00392157]  [0.00392157 0.         0.00392157]  ...  [0.00392157 0.         0.00392157]  [0.00392157 0.         0.00392157]  [0.00392157 0.         0.00392157]]]",2.5752590700867586,56736,/home/amos/media/tv/The X-Files S01-S11 BluRay 10Bit 1080p Dts-HDMa5 1 HEVC-d3g/The X-Files S08 br 10bit dts hevc-d3g/The.X-Files.S08E07.Via.Negativa.1080p.BluRay.10Bit.Dts-HDMa5.1.HEVC-d3g.mkv659,1080,1920,1,226,398,1036,226,139320,0.067,"[[[0.32156864 0.16862746 0.15294118]  [0.32156864 0.16862746 0.15294118]  [0.31764707 0.16470589 0.14901961]  ...  [0.10196079 0.04313726 0.03137255]  [0.10196079 0.04313726 0.03137255]  [0.10196079 0.04313726 0.03137255]] [[0.32156864 0.17254902 0.14901961]  [0.32156864 0.17254902 0.14901961]  [0.31764707 0.16862746 0.14901961]  ...  [0.10196079 0.04313726 0.03137255]  [0.10196079 0.04313726 0.03137255]  [0.10196079 0.04313726 0.03137255]] [[0.31764707 0.16470589 0.14509805]  [0.31764707 0.16470589 0.14509805]  [0.3137255  0.16470589 0.14117648]  ...  [0.10196079 0.04313726 0.03137255]  [0.10196079 0.04313726 0.03137255]  [0.09803922 0.03921569 0.02745098]] ... [[0.45882353 0.34509805 0.32156864]  [0.45882353 0.34509805 0.32156864]  [0.44705883 0.33333334 0.30980393]  ...  [0.10588235 0.04705882 0.02745098]  [0.10588235 0.04705882 0.02745098]  [0.10588235 0.04705882 0.02745098]] [[0.45882353 0.34509805 0.32156864]  [0.45490196 0.34117648 0.31764707]  [0.43137255 0.31764707 0.29411766]  ...  [0.10588235 0.04705882 0.03137255]  [0.10588235 0.04705882 0.03137255]  [0.10588235 0.04705882 0.03137255]] [[0.42745098 0.3137255  0.2901961 ]  [0.42745098 0.3137255  0.2901961 ]  [0.40392157 0.2901961  0.26666668]  ...  [0.10980392 0.05098039 0.03529412]  [0.10980392 0.05098039 0.03529412]  [0.10980392 0.05098039 0.03529412]]]",3.0278949956409633,56736,/home/amos/media/tv/The X-Files S01-S11 BluRay 10Bit 1080p Dts-HDMa5 1 HEVC-d3g/The X-Files S08 br 10bit dts hevc-d3g/The.X-Files.S08E07.Via.Negativa.1080p.BluRay.10Bit.Dts-HDMa5.1.HEVC-d3g.mkv660,1080,1920,2,125,913,1414,125,1015732,0.49,"[[[0.10196079 0.05098039 0.02745098]  [0.09803922 0.05098039 0.02352941]  [0.09803922 0.04705882 0.02352941]  ...  [0.08627451 0.07450981 0.04705882]  [0.08627451 0.07450981 0.04705882]  [0.08627451 0.07450981 0.04705882]] [[0.10196079 0.05098039 0.02745098]  [0.10196079 0.05098039 0.02745098]  [0.09803922 0.04705882 0.02352941]  ...  [0.08627451 0.07450981 0.04313726]  [0.08627451 0.07450981 0.04705882]  [0.08627451 0.07450981 0.04705882]] [[0.10196079 0.05098039 0.02745098]  [0.10196079 0.05098039 0.02745098]  [0.10196079 0.05098039 0.02745098]  ...  [0.08235294 0.07058824 0.04313726]  [0.08627451 0.07058824 0.04705882]  [0.08627451 0.07450981 0.04705882]] ... [[0.1254902  0.10980392 0.08235294]  [0.12941177 0.11372549 0.08627451]  [0.14117648 0.1254902  0.09803922]  ...  [0.02745098 0.01568628 0.01568628]  [0.02745098 0.01960784 0.01568628]  [0.02745098 0.01960784 0.01568628]] [[0.14509805 0.12941177 0.10196079]  [0.15294118 0.13725491 0.10980392]  [0.16470589 0.14901961 0.12156863]  ...  [0.03137255 0.01960784 0.01960784]  [0.03137255 0.01960784 0.01960784]  [0.03137255 0.01960784 0.01960784]] [[0.15686275 0.14117648 0.11372549]  [0.16470589 0.14901961 0.12156863]  [0.1764706  0.16078432 0.13333334]  ...  [0.03137255 0.01960784 0.01960784]  [0.03137255 0.02352941 0.01960784]  [0.03137255 0.02352941 0.01960784]]]",3.258126034750603,56736,/home/amos/media/tv/The X-Files S01-S11 BluRay 10Bit 1080p Dts-HDMa5 1 HEVC-d3g/The X-Files S08 br 10bit dts hevc-d3g/The.X-Files.S08E07.Via.Negativa.1080p.BluRay.10Bit.Dts-HDMa5.1.HEVC-d3g.mkv661,1080,1920,0,647,88,416,647,129129,0.062,"[[[0.01568628 0.         0.01176471]  [0.01568628 0.         0.01568628]  [0.01176471 0.         0.01176471]  ...  [0.06666667 0.04705882 0.04705882]  [0.0627451  0.04313726 0.04313726]  [0.05490196 0.03529412 0.03529412]] [[0.01960784 0.         0.01960784]  [0.01960784 0.         0.01960784]  [0.02352941 0.00392157 0.02352941]  ...  [0.05490196 0.03529412 0.03529412]  [0.05882353 0.03921569 0.03921569]  [0.05490196 0.03137255 0.03137255]] [[0.02352941 0.00392157 0.02352941]  [0.01568628 0.         0.01568628]  [0.01960784 0.         0.01960784]  ...  [0.0627451  0.03921569 0.04313726]  [0.05098039 0.03137255 0.03137255]  [0.05098039 0.03137255 0.03137255]] ... [[0.08235294 0.06666667 0.05882353]  [0.07843138 0.0627451  0.05490196]  [0.07450981 0.05882353 0.05098039]  ...  [0.05098039 0.03137255 0.03137255]  [0.05098039 0.03137255 0.03137255]  [0.04705882 0.02745098 0.02745098]] [[0.07843138 0.0627451  0.05490196]  [0.08235294 0.06666667 0.05882353]  [0.08235294 0.06666667 0.05882353]  ...  [0.04705882 0.02745098 0.02745098]  [0.04313726 0.02352941 0.02352941]  [0.04705882 0.02745098 0.02745098]] [[0.07058824 0.05490196 0.04705882]  [0.08235294 0.0627451  0.05882353]  [0.08627451 0.07058824 0.0627451 ]  ...  [0.05098039 0.03137255 0.03137255]  [0.03921569 0.01960784 0.01960784]  [0.05490196 0.03529412 0.03529412]]]",7.269001097592991,56760,/home/amos/media/tv/The X-Files S01-S11 BluRay 10Bit 1080p Dts-HDMa5 1 HEVC-d3g/The X-Files S08 br 10bit dts hevc-d3g/The.X-Files.S08E07.Via.Negativa.1080p.BluRay.10Bit.Dts-HDMa5.1.HEVC-d3g.mkv662,1080,1920,1,308,627,673,308,116435,0.056,"[[[0.12941177 0.05490196 0.05098039]  [0.1254902  0.05098039 0.04705882]  [0.12156863 0.04705882 0.04313726]  ...  [0.07058824 0.05098039 0.04705882]  [0.07450981 0.05490196 0.05098039]  [0.07450981 0.05490196 0.05098039]] [[0.13725491 0.06666667 0.0627451 ]  [0.12941177 0.05490196 0.05098039]  [0.1254902  0.05098039 0.04705882]  ...  [0.0627451  0.04313726 0.03921569]  [0.06666667 0.04705882 0.04313726]  [0.06666667 0.04705882 0.04313726]] [[0.14117648 0.07058824 0.06666667]  [0.13333334 0.05882353 0.05490196]  [0.1254902  0.05098039 0.04705882]  ...  [0.05882353 0.03921569 0.03529412]  [0.05882353 0.03921569 0.03529412]  [0.0627451  0.04313726 0.03921569]] ... [[0.08627451 0.08235294 0.12156863]  [0.05098039 0.04705882 0.08235294]  [0.01960784 0.01960784 0.03921569]  ...  [0.07058824 0.05490196 0.07058824]  [0.0627451  0.04705882 0.05882353]  [0.05490196 0.03921569 0.05098039]] [[0.05098039 0.04705882 0.08235294]  [0.01176471 0.00784314 0.03137255]  [0.00392157 0.00392157 0.02352941]  ...  [0.05882353 0.04313726 0.05882353]  [0.05490196 0.03921569 0.05098039]  [0.05490196 0.03921569 0.05098039]] [[0.01960784 0.01568628 0.04705882]  [0.         0.         0.01960784]  [0.         0.         0.01960784]  ...  [0.05882353 0.04313726 0.05882353]  [0.05490196 0.03921569 0.05098039]  [0.05490196 0.03921569 0.05098039]]]",3.1594389037345536,56760,/home/amos/media/tv/The X-Files S01-S11 BluRay 10Bit 1080p Dts-HDMa5 1 HEVC-d3g/The X-Files S08 br 10bit dts hevc-d3g/The.X-Files.S08E07.Via.Negativa.1080p.BluRay.10Bit.Dts-HDMa5.1.HEVC-d3g.mkv663,1080,1920,0,636,93,419,636,117831,0.057,"[[[0.02352941 0.00392157 0.02745098]  [0.01568628 0.         0.01960784]  [0.01568628 0.         0.01960784]  ...  [0.05882353 0.03921569 0.03921569]  [0.05490196 0.03529412 0.03529412]  [0.         0.         0.        ]] [[0.01568628 0.         0.01960784]  [0.01568628 0.         0.01960784]  [0.01568628 0.         0.01960784]  ...  [0.05098039 0.03137255 0.03137255]  [0.0627451  0.04313726 0.04313726]  [0.         0.         0.        ]] [[0.01568628 0.         0.01568628]  [0.01568628 0.         0.01568628]  [0.01568628 0.         0.01568628]  ...  [0.0627451  0.03921569 0.03921569]  [0.05098039 0.03137255 0.03137255]  [0.         0.         0.        ]] ... [[0.07450981 0.05490196 0.04705882]  [0.07450981 0.05490196 0.04705882]  [0.08627451 0.06666667 0.05882353]  ...  [0.03921569 0.01960784 0.01960784]  [0.05490196 0.03529412 0.03529412]  [0.         0.         0.        ]] [[0.09019608 0.07058824 0.0627451 ]  [0.08235294 0.0627451  0.05490196]  [0.08627451 0.0627451  0.05882353]  ...  [0.05098039 0.03137255 0.03137255]  [0.05098039 0.03137255 0.03137255]  [0.         0.         0.        ]] [[0.         0.         0.        ]  [0.         0.         0.        ]  [0.         0.         0.        ]  ...  [0.         0.         0.        ]  [0.         0.         0.        ]  [0.         0.         0.        ]]]",8.51128804119071,56784,/home/amos/media/tv/The X-Files S01-S11 BluRay 10Bit 1080p Dts-HDMa5 1 HEVC-d3g/The X-Files S08 br 10bit dts hevc-d3g/The.X-Files.S08E07.Via.Negativa.1080p.BluRay.10Bit.Dts-HDMa5.1.HEVC-d3g.mkv664,1080,1920,1,323,628,656,323,101565,0.049,"[[[0.14509805 0.08627451 0.08235294]  [0.13333334 0.07450981 0.07058824]  [0.13333334 0.07058824 0.06666667]  ...  [0.0627451  0.04313726 0.03921569]  [0.06666667 0.04705882 0.03921569]  [0.06666667 0.04705882 0.03529412]] [[0.15294118 0.09019608 0.09019608]  [0.15294118 0.09019608 0.08627451]  [0.14509805 0.08235294 0.07843138]  ...  [0.06666667 0.04705882 0.04313726]  [0.06666667 0.04705882 0.03921569]  [0.06666667 0.04705882 0.03529412]] [[0.16078432 0.10196079 0.09411765]  [0.16078432 0.09803922 0.09411765]  [0.14901961 0.09019608 0.08627451]  ...  [0.07058824 0.05098039 0.04705882]  [0.06666667 0.04705882 0.03921569]  [0.0627451  0.04313726 0.03137255]] ... [[0.03529412 0.03137255 0.07058824]  [0.01960784 0.01176471 0.05098039]  [0.00784314 0.         0.03921569]  ...  [0.07450981 0.05882353 0.07058824]  [0.07450981 0.05882353 0.07058824]  [0.07450981 0.05882353 0.07058824]] [[0.03137255 0.02352941 0.06666667]  [0.01176471 0.00392157 0.04313726]  [0.00784314 0.         0.03529412]  ...  [0.07450981 0.05882353 0.07058824]  [0.07450981 0.05882353 0.07058824]  [0.07058824 0.05490196 0.06666667]] [[0.01960784 0.01568628 0.05490196]  [0.00784314 0.         0.03529412]  [0.00784314 0.         0.03137255]  ...  [0.07058824 0.05490196 0.06666667]  [0.07058824 0.05490196 0.06666667]  [0.0627451  0.04705882 0.05882353]]]",2.541703119815793,56784,/home/amos/media/tv/The X-Files S01-S11 BluRay 10Bit 1080p Dts-HDMa5 1 HEVC-d3g/The X-Files S08 br 10bit dts hevc-d3g/The.X-Files.S08E07.Via.Negativa.1080p.BluRay.10Bit.Dts-HDMa5.1.HEVC-d3g.mkv665,1080,1920,0,622,105,852,622,118910,0.057,"[[[0.0627451  0.02352941 0.01960784]  [0.08627451 0.04705882 0.04705882]  [0.11764706 0.08627451 0.08235294]  ...  [0.00784314 0.         0.00784314]  [0.01176471 0.         0.00784314]  [0.01568628 0.00392157 0.01176471]] [[0.06666667 0.02745098 0.02745098]  [0.09411765 0.05490196 0.05490196]  [0.09803922 0.05882353 0.05490196]  ...  [0.00784314 0.         0.00784314]  [0.00784314 0.         0.00784314]  [0.01568628 0.00392157 0.01176471]] [[0.09411765 0.05098039 0.05098039]  [0.09411765 0.05490196 0.05490196]  [0.06666667 0.02745098 0.02745098]  ...  [0.00784314 0.         0.00784314]  [0.00784314 0.         0.00784314]  [0.01568628 0.00392157 0.01176471]] ... [[0.00784314 0.         0.00784314]  [0.00784314 0.         0.00784314]  [0.00784314 0.         0.00784314]  ...  [0.01176471 0.00392157 0.00784314]  [0.01176471 0.         0.00784314]  [0.00784314 0.00392157 0.00784314]] [[0.00784314 0.         0.00784314]  [0.00784314 0.         0.00784314]  [0.00784314 0.         0.00784314]  ...  [0.01176471 0.00392157 0.00392157]  [0.00784314 0.         0.00392157]  [0.01176471 0.00392157 0.01176471]] [[0.00784314 0.         0.00784314]  [0.00784314 0.         0.00784314]  [0.00784314 0.         0.00784314]  ...  [0.01960784 0.01176471 0.01176471]  [0.00784314 0.         0.00392157]  [0.01176471 0.00392157 0.01176471]]]",5.986292173329275,56808,/home/amos/media/tv/The X-Files S01-S11 BluRay 10Bit 1080p Dts-HDMa5 1 HEVC-d3g/The X-Files S08 br 10bit dts hevc-d3g/The.X-Files.S08E07.Via.Negativa.1080p.BluRay.10Bit.Dts-HDMa5.1.HEVC-d3g.mkv666,1080,1920,1,122,905,1422,122,1017900,0.491,"[[[0.12156863 0.0627451  0.05098039]  [0.11764706 0.0627451  0.05098039]  [0.11764706 0.05882353 0.04705882]  ...  [0.10588235 0.09411765 0.06666667]  [0.10588235 0.09411765 0.06666667]  [0.10588235 0.09411765 0.06666667]] [[0.12156863 0.0627451  0.05098039]  [0.11764706 0.05882353 0.05098039]  [0.11764706 0.05882353 0.04705882]  ...  [0.10588235 0.09411765 0.06666667]  [0.10588235 0.09411765 0.06666667]  [0.10588235 0.09411765 0.06666667]] [[0.12156863 0.0627451  0.05098039]  [0.11764706 0.0627451  0.05098039]  [0.11764706 0.05882353 0.04705882]  ...  [0.10196079 0.09019608 0.0627451 ]  [0.10196079 0.09411765 0.06666667]  [0.10588235 0.09411765 0.06666667]] ... [[0.12941177 0.11764706 0.09411765]  [0.12941177 0.11764706 0.09411765]  [0.12941177 0.12156863 0.09803922]  ...  [0.03921569 0.02745098 0.02352941]  [0.03529412 0.02352941 0.01960784]  [0.03529412 0.02352941 0.01960784]] [[0.13333334 0.1254902  0.10196079]  [0.13725491 0.12941177 0.10588235]  [0.14117648 0.13333334 0.10980392]  ...  [0.03921569 0.02745098 0.01960784]  [0.03529412 0.02352941 0.01568628]  [0.03529412 0.02352941 0.01568628]] [[0.13725491 0.12941177 0.10588235]  [0.14117648 0.13333334 0.10980392]  [0.14901961 0.13725491 0.11372549]  ...  [0.03921569 0.02745098 0.01960784]  [0.03529412 0.02352941 0.01568628]  [0.03529412 0.02352941 0.01568628]]]",4.4198171374737285,56808,/home/amos/media/tv/The X-Files S01-S11 BluRay 10Bit 1080p Dts-HDMa5 1 HEVC-d3g/The X-Files S08 br 10bit dts hevc-d3g/The.X-Files.S08E07.Via.Negativa.1080p.BluRay.10Bit.Dts-HDMa5.1.HEVC-d3g.mkv667,1080,1920,0,669,83,840,669,100206,0.048,"[[[0.01176471 0.         0.00784314]  [0.05490196 0.03921569 0.05098039]  [0.03137255 0.01176471 0.01568628]  ...  [0.00784314 0.         0.00784314]  [0.00784314 0.         0.00784314]  [0.00784314 0.         0.00784314]] [[0.03529412 0.01960784 0.03137255]  [0.03137255 0.01176471 0.02352941]  [0.03529412 0.01568628 0.01960784]  ...  [0.00784314 0.         0.00784314]  [0.00784314 0.         0.00784314]  [0.00784314 0.         0.00784314]] [[0.02745098 0.00392157 0.01568628]  [0.03137255 0.         0.01568628]  [0.03529412 0.00784314 0.01568628]  ...  [0.00784314 0.         0.00784314]  [0.00784314 0.         0.00784314]  [0.00784314 0.         0.00784314]] ... [[0.00784314 0.         0.00784314]  [0.00784314 0.         0.00784314]  [0.00784314 0.         0.00784314]  ...  [0.00784314 0.         0.00784314]  [0.00784314 0.         0.00784314]  [0.00784314 0.         0.00784314]] [[0.00784314 0.         0.00784314]  [0.00784314 0.         0.00784314]  [0.00784314 0.         0.00784314]  ...  [0.00784314 0.         0.00784314]  [0.00784314 0.         0.00784314]  [0.00784314 0.         0.00784314]] [[0.00784314 0.         0.00784314]  [0.00784314 0.         0.00784314]  [0.00784314 0.         0.00784314]  ...  [0.00784314 0.         0.00784314]  [0.00784314 0.         0.00784314]  [0.00784314 0.         0.00784314]]]",3.8075920124538243,56832,/home/amos/media/tv/The X-Files S01-S11 BluRay 10Bit 1080p Dts-HDMa5 1 HEVC-d3g/The X-Files S08 br 10bit dts hevc-d3g/The.X-Files.S08E07.Via.Negativa.1080p.BluRay.10Bit.Dts-HDMa5.1.HEVC-d3g.mkv668,1080,1920,1,120,905,1429,120,1027565,0.496,"[[[0.11764706 0.06666667 0.04313726]  [0.11764706 0.06666667 0.03921569]  [0.11372549 0.0627451  0.03921569]  ...  [0.10588235 0.09803922 0.07450981]  [0.10588235 0.09803922 0.07450981]  [0.10588235 0.09803922 0.07450981]] [[0.11764706 0.06666667 0.04313726]  [0.11764706 0.06666667 0.04313726]  [0.11372549 0.0627451  0.03921569]  ...  [0.10588235 0.09803922 0.07450981]  [0.10588235 0.09803922 0.07450981]  [0.10588235 0.09803922 0.07058824]] [[0.11764706 0.06666667 0.04313726]  [0.11764706 0.06666667 0.04313726]  [0.11764706 0.06666667 0.04313726]  ...  [0.10588235 0.09803922 0.07450981]  [0.10588235 0.09803922 0.07058824]  [0.10588235 0.09803922 0.07058824]] ... [[0.12941177 0.1254902  0.08627451]  [0.13725491 0.13333334 0.09411765]  [0.15294118 0.14901961 0.11372549]  ...  [0.03529412 0.02745098 0.02352941]  [0.03529412 0.02745098 0.02352941]  [0.03529412 0.02745098 0.02352941]] [[0.14117648 0.13725491 0.10196079]  [0.14901961 0.14509805 0.10980392]  [0.16470589 0.16078432 0.1254902 ]  ...  [0.03529412 0.02745098 0.02352941]  [0.03529412 0.02745098 0.02352941]  [0.03529412 0.03137255 0.02745098]] [[0.14901961 0.14509805 0.10980392]  [0.15686275 0.15294118 0.11764706]  [0.17254902 0.16862746 0.13333334]  ...  [0.03529412 0.02745098 0.02352941]  [0.03529412 0.03137255 0.02745098]  [0.03921569 0.03137255 0.02745098]]]",2.9590590325533412,56832,/home/amos/media/tv/The X-Files S01-S11 BluRay 10Bit 1080p Dts-HDMa5 1 HEVC-d3g/The X-Files S08 br 10bit dts hevc-d3g/The.X-Files.S08E07.Via.Negativa.1080p.BluRay.10Bit.Dts-HDMa5.1.HEVC-d3g.mkv669,1080,1920,0,740,46,386,740,245676,0.118,"[[[0.03137255 0.01568628 0.00784314]  [0.03137255 0.01568628 0.00784314]  [0.03137255 0.01568628 0.00784314]  ...  [0.10196079 0.05490196 0.02352941]  [0.12156863 0.07450981 0.04313726]  [0.14509805 0.09803922 0.06666667]] [[0.03137255 0.01568628 0.00784314]  [0.03137255 0.01568628 0.00784314]  [0.03529412 0.01960784 0.01176471]  ...  [0.10980392 0.0627451  0.03137255]  [0.1254902  0.07843138 0.04705882]  [0.14117648 0.09411765 0.0627451 ]] [[0.03137255 0.01568628 0.00784314]  [0.03137255 0.01568628 0.00784314]  [0.03529412 0.01960784 0.01176471]  ...  [0.12156863 0.07450981 0.04313726]  [0.12941177 0.08235294 0.05098039]  [0.13333334 0.08627451 0.05490196]] ... [[0.24313726 0.18431373 0.14901961]  [0.2509804  0.19215687 0.16078432]  [0.24705882 0.1882353  0.15686275]  ...  [0.31764707 0.12941177 0.11764706]  [0.34901962 0.16078432 0.14901961]  [0.33333334 0.15294118 0.14901961]] [[0.24313726 0.18431373 0.14901961]  [0.23921569 0.18039216 0.14901961]  [0.24705882 0.1882353  0.15686275]  ...  [0.3019608  0.11372549 0.10196079]  [0.34117648 0.15294118 0.14117648]  [0.35686275 0.18039216 0.1764706 ]] [[0.2509804  0.19215687 0.16078432]  [0.25490198 0.19607843 0.16470589]  [0.2627451  0.20392157 0.17254902]  ...  [0.30588236 0.11764706 0.10588235]  [0.32941177 0.14117648 0.1254902 ]  [0.34509805 0.16470589 0.15294118]]]",2.228989058814477,57264,/home/amos/media/tv/The X-Files S01-S11 BluRay 10Bit 1080p Dts-HDMa5 1 HEVC-d3g/The X-Files S08 br 10bit dts hevc-d3g/The.X-Files.S08E07.Via.Negativa.1080p.BluRay.10Bit.Dts-HDMa5.1.HEVC-d3g.mkv670,1080,1920,0,781,47,427,781,259836,0.125,"[[[0.2        0.14901961 0.11372549]  [0.18431373 0.14117648 0.10196079]  [0.18039216 0.14509805 0.10588235]  ...  [0.14509805 0.09803922 0.07450981]  [0.09019608 0.04705882 0.01960784]  [0.10588235 0.0627451  0.03921569]] [[0.19607843 0.14901961 0.10980392]  [0.1882353  0.14509805 0.10588235]  [0.18039216 0.14509805 0.10588235]  ...  [0.11764706 0.07450981 0.04313726]  [0.10196079 0.05882353 0.02745098]  [0.11764706 0.07450981 0.04313726]] [[0.20784314 0.16078432 0.12156863]  [0.2        0.15294118 0.11372549]  [0.19215687 0.15686275 0.11764706]  ...  [0.09803922 0.05490196 0.02352941]  [0.16470589 0.12156863 0.09019608]  [0.12156863 0.07843138 0.04705882]] ... [[0.2509804  0.1882353  0.16862746]  [0.24313726 0.18431373 0.16470589]  [0.23529412 0.18431373 0.16078432]  ...  [0.29803923 0.12941177 0.11372549]  [0.3137255  0.13725491 0.12941177]  [0.28627452 0.10980392 0.10196079]] [[0.23137255 0.16862746 0.14901961]  [0.2627451  0.20392157 0.18431373]  [0.23529412 0.18431373 0.16078432]  ...  [0.29411766 0.12156863 0.10980392]  [0.27450982 0.09803922 0.09019608]  [0.2784314  0.10196079 0.09411765]] [[0.24705882 0.18431373 0.16078432]  [0.23529412 0.1764706  0.15686275]  [0.24313726 0.19215687 0.16862746]  ...  [0.29411766 0.1254902  0.11372549]  [0.27450982 0.10196079 0.09019608]  [0.27450982 0.10196079 0.09019608]]]",2.3444020746974275,57312,/home/amos/media/tv/The X-Files S01-S11 BluRay 10Bit 1080p Dts-HDMa5 1 HEVC-d3g/The X-Files S08 br 10bit dts hevc-d3g/The.X-Files.S08E07.Via.Negativa.1080p.BluRay.10Bit.Dts-HDMa5.1.HEVC-d3g.mkv671,1080,1920,0,58,224,1158,58,182600,0.088,"[[[0.30980393 0.1764706  0.14901961]  [0.30980393 0.1764706  0.14901961]  [0.30980393 0.1764706  0.14901961]  ...  [0.30980393 0.18431373 0.16470589]  [0.30980393 0.18431373 0.16470589]  [0.30980393 0.18431373 0.16470589]] [[0.30980393 0.1764706  0.14901961]  [0.30980393 0.1764706  0.14901961]  [0.30980393 0.1764706  0.14901961]  ...  [0.30980393 0.18431373 0.16470589]  [0.30980393 0.18431373 0.16470589]  [0.30980393 0.18431373 0.16470589]] [[0.30980393 0.1764706  0.14901961]  [0.30980393 0.1764706  0.14901961]  [0.30980393 0.1764706  0.14901961]  ...  [0.30980393 0.18431373 0.16470589]  [0.30980393 0.18431373 0.16470589]  [0.30980393 0.18431373 0.16470589]] ... [[0.25490198 0.10196079 0.09019608]  [0.25490198 0.10196079 0.09019608]  [0.25490198 0.10196079 0.09019608]  ...  [0.3647059  0.21568628 0.19607843]  [0.3647059  0.21568628 0.19607843]  [0.3647059  0.21568628 0.19607843]] [[0.25882354 0.10588235 0.09411765]  [0.25882354 0.10588235 0.09411765]  [0.25882354 0.10588235 0.09411765]  ...  [0.36862746 0.21960784 0.2       ]  [0.36862746 0.21960784 0.2       ]  [0.36862746 0.21960784 0.2       ]] [[0.25882354 0.10588235 0.09411765]  [0.25882354 0.10588235 0.09411765]  [0.25882354 0.10588235 0.09411765]  ...  [0.36862746 0.21960784 0.2       ]  [0.36862746 0.21960784 0.2       ]  [0.36862746 0.21960784 0.2       ]]]",3.8657350167050026,57336,/home/amos/media/tv/The X-Files S01-S11 BluRay 10Bit 1080p Dts-HDMa5 1 HEVC-d3g/The X-Files S08 br 10bit dts hevc-d3g/The.X-Files.S08E07.Via.Negativa.1080p.BluRay.10Bit.Dts-HDMa5.1.HEVC-d3g.mkv672,1080,1920,0,256,465,570,256,65626,0.032,"[[[0.04313726 0.10196079 0.31764707]  [0.04313726 0.10196079 0.31764707]  [0.04313726 0.10196079 0.31764707]  ...  [0.00784314 0.01568628 0.10980392]  [0.00392157 0.01960784 0.10980392]  [0.01176471 0.03137255 0.12156863]] [[0.04313726 0.09803922 0.30980393]  [0.04313726 0.09803922 0.30980393]  [0.04705882 0.10196079 0.3137255 ]  ...  [0.00392157 0.01176471 0.10588235]  [0.00392157 0.01176471 0.10980392]  [0.00784314 0.01960784 0.11372549]] [[0.03921569 0.09803922 0.30588236]  [0.03921569 0.09803922 0.30588236]  [0.04705882 0.10196079 0.3137255 ]  ...  [0.00392157 0.01176471 0.10980392]  [0.         0.01176471 0.10980392]  [0.00784314 0.01960784 0.11764706]] ... [[0.03921569 0.09803922 0.3019608 ]  [0.04313726 0.10196079 0.30588236]  [0.04705882 0.10588235 0.30980393]  ...  [0.07843138 0.1254902  0.40392157]  [0.07450981 0.11764706 0.40392157]  [0.07058824 0.11372549 0.4       ]] [[0.03921569 0.09803922 0.3019608 ]  [0.04705882 0.10588235 0.30980393]  [0.04705882 0.10588235 0.30980393]  ...  [0.08235294 0.12941177 0.40392157]  [0.07843138 0.1254902  0.40392157]  [0.07058824 0.11764706 0.39607844]] [[0.03921569 0.09803922 0.3019608 ]  [0.04313726 0.10196079 0.30588236]  [0.05098039 0.10588235 0.30980393]  ...  [0.07843138 0.1254902  0.3882353 ]  [0.07450981 0.12156863 0.39607844]  [0.07058824 0.11764706 0.39215687]]]",1.4858250243705697,59784,/home/amos/media/tv/The X-Files S01-S11 BluRay 10Bit 1080p Dts-HDMa5 1 HEVC-d3g/The X-Files S08 br 10bit dts hevc-d3g/The.X-Files.S08E07.Via.Negativa.1080p.BluRay.10Bit.Dts-HDMa5.1.HEVC-d3g.mkv673,1080,1920,0,870,84,685,870,145410,0.07,"[[[0.00784314 0.         0.00392157]  [0.         0.         0.        ]  [0.         0.         0.        ]  ...  [0.04705882 0.03137255 0.01176471]  [0.04313726 0.02745098 0.00784314]  [0.03137255 0.01568628 0.        ]] [[0.00784314 0.         0.00392157]  [0.00392157 0.         0.00392157]  [0.00392157 0.         0.00392157]  ...  [0.03921569 0.01960784 0.00784314]  [0.03137255 0.01176471 0.        ]  [0.03921569 0.01960784 0.00784314]] [[0.00784314 0.         0.00392157]  [0.00392157 0.         0.00392157]  [0.         0.         0.        ]  ...  [0.03921569 0.02352941 0.01176471]  [0.02352941 0.00392157 0.        ]  [0.02745098 0.00784314 0.        ]] ... [[0.00784314 0.         0.00784314]  [0.00392157 0.         0.00392157]  [0.00392157 0.         0.00392157]  ...  [0.02352941 0.00392157 0.00784314]  [0.02352941 0.00392157 0.00784314]  [0.01960784 0.         0.        ]] [[0.00392157 0.         0.00392157]  [0.00392157 0.         0.00392157]  [0.00392157 0.         0.00392157]  ...  [0.01960784 0.         0.        ]  [0.02352941 0.00392157 0.00392157]  [0.02745098 0.00784314 0.00784314]] [[0.         0.         0.        ]  [0.00392157 0.         0.00392157]  [0.00784314 0.         0.00784314]  ...  [0.02352941 0.00392157 0.00392157]  [0.03137255 0.01176471 0.01176471]  [0.03529412 0.00784314 0.01176471]]]",6.192823976452928,60120,/home/amos/media/tv/The X-Files S01-S11 BluRay 10Bit 1080p Dts-HDMa5 1 HEVC-d3g/The X-Files S08 br 10bit dts hevc-d3g/The.X-Files.S08E07.Via.Negativa.1080p.BluRay.10Bit.Dts-HDMa5.1.HEVC-d3g.mkv674,1080,1920,0,871,82,686,871,145965,0.07,"[[[0.00392157 0.         0.00392157]  [0.00392157 0.         0.00392157]  [0.00392157 0.         0.00392157]  ...  [0.03529412 0.01568628 0.01176471]  [0.03529412 0.01568628 0.01176471]  [0.02352941 0.00392157 0.        ]] [[0.00392157 0.         0.00392157]  [0.00392157 0.         0.00392157]  [0.         0.         0.        ]  ...  [0.03529412 0.01176471 0.01176471]  [0.03921569 0.01960784 0.01568628]  [0.03529412 0.01960784 0.01176471]] [[0.         0.         0.        ]  [0.00392157 0.         0.00392157]  [0.         0.         0.        ]  ...  [0.02745098 0.00784314 0.00392157]  [0.03921569 0.01960784 0.01568628]  [0.04313726 0.02352941 0.01960784]] ... [[0.00392157 0.         0.00392157]  [0.00392157 0.         0.00392157]  [0.00392157 0.         0.00392157]  ...  [0.03529412 0.00784314 0.01176471]  [0.02745098 0.00392157 0.00392157]  [0.01568628 0.         0.        ]] [[0.00392157 0.         0.00392157]  [0.00392157 0.         0.00392157]  [0.00392157 0.         0.00392157]  ...  [0.02352941 0.00392157 0.00392157]  [0.01568628 0.         0.        ]  [0.00392157 0.         0.        ]] [[0.00392157 0.         0.00392157]  [0.00392157 0.         0.00392157]  [0.00392157 0.         0.00392157]  ...  [0.01960784 0.00392157 0.00392157]  [0.01176471 0.00392157 0.        ]  [0.01960784 0.00392157 0.00392157]]]",7.324528133205604,60144,/home/amos/media/tv/The X-Files S01-S11 BluRay 10Bit 1080p Dts-HDMa5 1 HEVC-d3g/The X-Files S08 br 10bit dts hevc-d3g/The.X-Files.S08E07.Via.Negativa.1080p.BluRay.10Bit.Dts-HDMa5.1.HEVC-d3g.mkv675,1080,1920,0,169,106,1170,169,63063,0.03,"[[[0.11764706 0.00784314 0.01176471]  [0.11764706 0.00784314 0.01176471]  [0.10980392 0.00784314 0.01176471]  ...  [0.01960784 0.00784314 0.01568628]  [0.01960784 0.00392157 0.01176471]  [0.01568628 0.00392157 0.01176471]] [[0.12156863 0.01568628 0.01960784]  [0.12156863 0.01568628 0.01960784]  [0.11764706 0.01568628 0.01960784]  ...  [0.01960784 0.00784314 0.01568628]  [0.01960784 0.00784314 0.01568628]  [0.01568628 0.00784314 0.01568628]] [[0.12941177 0.02352941 0.02745098]  [0.1254902  0.01960784 0.02352941]  [0.12156863 0.01960784 0.02352941]  ...  [0.01960784 0.00784314 0.01568628]  [0.01960784 0.00784314 0.01568628]  [0.01960784 0.00784314 0.01568628]] ... [[0.19215687 0.14117648 0.11764706]  [0.1882353  0.13725491 0.10980392]  [0.18039216 0.1254902  0.10196079]  ...  [0.04705882 0.00784314 0.01176471]  [0.04705882 0.01176471 0.01568628]  [0.04705882 0.01176471 0.01568628]] [[0.19607843 0.14117648 0.12156863]  [0.19215687 0.14117648 0.11764706]  [0.18431373 0.13333334 0.10588235]  ...  [0.04705882 0.00784314 0.01176471]  [0.04705882 0.00784314 0.01176471]  [0.04705882 0.00784314 0.01568628]] [[0.2        0.14901961 0.1254902 ]  [0.19607843 0.14509805 0.12156863]  [0.19607843 0.14117648 0.11764706]  ...  [0.04705882 0.00784314 0.01176471]  [0.04705882 0.00784314 0.01176471]  [0.04705882 0.00784314 0.01176471]]]",5.276812134485226,60168,/home/amos/media/tv/The X-Files S01-S11 BluRay 10Bit 1080p Dts-HDMa5 1 HEVC-d3g/The X-Files S08 br 10bit dts hevc-d3g/The.X-Files.S08E07.Via.Negativa.1080p.BluRay.10Bit.Dts-HDMa5.1.HEVC-d3g.mkv676,1080,1920,0,180,104,1172,180,75392,0.036,"[[[0.21960784 0.08235294 0.06666667]  [0.18431373 0.04705882 0.03137255]  [0.15294118 0.03137255 0.01960784]  ...  [0.02352941 0.00784314 0.01176471]  [0.02352941 0.00784314 0.01176471]  [0.02352941 0.00784314 0.01176471]] [[0.18431373 0.05490196 0.03921569]  [0.16078432 0.03137255 0.01568628]  [0.13725491 0.02352941 0.00784314]  ...  [0.02352941 0.00784314 0.01176471]  [0.02352941 0.00784314 0.01176471]  [0.02352941 0.00784314 0.01176471]] [[0.16078432 0.03529412 0.01960784]  [0.14117648 0.01960784 0.00784314]  [0.12156863 0.01176471 0.        ]  ...  [0.02352941 0.00784314 0.01176471]  [0.02352941 0.00784314 0.01176471]  [0.02352941 0.00784314 0.01176471]] ... [[0.19215687 0.14117648 0.1254902 ]  [0.19215687 0.14117648 0.1254902 ]  [0.19607843 0.14509805 0.12941177]  ...  [0.05098039 0.01176471 0.01568628]  [0.05098039 0.01176471 0.01568628]  [0.05098039 0.01176471 0.01568628]] [[0.19607843 0.14509805 0.12941177]  [0.19607843 0.14117648 0.12941177]  [0.19215687 0.14117648 0.1254902 ]  ...  [0.05490196 0.01568628 0.01960784]  [0.05882353 0.01960784 0.01960784]  [0.0627451  0.02352941 0.02352941]] [[0.2        0.14901961 0.13333334]  [0.19607843 0.14509805 0.12941177]  [0.19607843 0.14509805 0.12941177]  ...  [0.05490196 0.01568628 0.01960784]  [0.0627451  0.02352941 0.02352941]  [0.06666667 0.02745098 0.03137255]]]",6.510251118044835,60192,/home/amos/media/tv/The X-Files S01-S11 BluRay 10Bit 1080p Dts-HDMa5 1 HEVC-d3g/The X-Files S08 br 10bit dts hevc-d3g/The.X-Files.S08E07.Via.Negativa.1080p.BluRay.10Bit.Dts-HDMa5.1.HEVC-d3g.mkv677,1080,1920,0,194,103,1172,194,88998,0.043,"[[[0.25490198 0.09411765 0.05490196]  [0.2627451  0.10196079 0.0627451 ]  [0.2784314  0.10588235 0.0627451 ]  ...  [0.02745098 0.00784314 0.00784314]  [0.02745098 0.00784314 0.00784314]  [0.         0.         0.        ]] [[0.25490198 0.08235294 0.04313726]  [0.2627451  0.09019608 0.05098039]  [0.2784314  0.10196079 0.05882353]  ...  [0.02745098 0.00784314 0.00784314]  [0.02745098 0.00784314 0.00784314]  [0.         0.         0.        ]] [[0.25882354 0.07843138 0.03921569]  [0.27058825 0.09019608 0.05098039]  [0.29411766 0.10980392 0.07058824]  ...  [0.02745098 0.00784314 0.01176471]  [0.02745098 0.00784314 0.01176471]  [0.         0.         0.        ]] ... [[0.1764706  0.1254902  0.10196079]  [0.17254902 0.12156863 0.09803922]  [0.1764706  0.1254902  0.10196079]  ...  [0.03921569 0.02352941 0.02352941]  [0.03529412 0.01960784 0.02352941]  [0.         0.         0.        ]] [[0.1764706  0.1254902  0.10196079]  [0.17254902 0.12156863 0.09803922]  [0.18039216 0.12941177 0.10588235]  ...  [0.02745098 0.01960784 0.01960784]  [0.01176471 0.00392157 0.00392157]  [0.         0.         0.        ]] [[0.         0.         0.        ]  [0.         0.         0.        ]  [0.         0.         0.        ]  ...  [0.         0.         0.        ]  [0.         0.         0.        ]  [0.         0.         0.        ]]]",4.880139027314726,60216,/home/amos/media/tv/The X-Files S01-S11 BluRay 10Bit 1080p Dts-HDMa5 1 HEVC-d3g/The X-Files S08 br 10bit dts hevc-d3g/The.X-Files.S08E07.Via.Negativa.1080p.BluRay.10Bit.Dts-HDMa5.1.HEVC-d3g.mkv678,1080,1920,0,173,113,1197,173,61440,0.03,"[[[0.09411765 0.         0.        ]  [0.08235294 0.00392157 0.00392157]  [0.07843138 0.00784314 0.00392157]  ...  [0.01960784 0.00392157 0.01568628]  [0.01960784 0.00392157 0.01568628]  [0.01960784 0.00392157 0.01568628]] [[0.09803922 0.00784314 0.00392157]  [0.08627451 0.00784314 0.00784314]  [0.07843138 0.00784314 0.00784314]  ...  [0.01960784 0.00392157 0.01568628]  [0.01960784 0.00392157 0.01568628]  [0.01568628 0.         0.01176471]] [[0.10196079 0.01568628 0.01176471]  [0.09019608 0.01568628 0.01568628]  [0.08235294 0.01176471 0.01176471]  ...  [0.01960784 0.00392157 0.01568628]  [0.01960784 0.00392157 0.01568628]  [0.01568628 0.         0.01176471]] ... [[0.20784314 0.13333334 0.11764706]  [0.20784314 0.1254902  0.11372549]  [0.20392157 0.11764706 0.10980392]  ...  [0.03137255 0.00392157 0.01176471]  [0.03137255 0.00392157 0.01176471]  [0.02745098 0.         0.00784314]] [[0.20784314 0.13333334 0.11764706]  [0.20784314 0.12941177 0.11372549]  [0.20392157 0.12156863 0.10980392]  ...  [0.03137255 0.00392157 0.01176471]  [0.03137255 0.00392157 0.01176471]  [0.02745098 0.         0.00784314]] [[0.20784314 0.13725491 0.12156863]  [0.20784314 0.12941177 0.11764706]  [0.20392157 0.12156863 0.10980392]  ...  [0.03137255 0.00392157 0.01176471]  [0.03137255 0.00392157 0.01176471]  [0.03137255 0.00392157 0.01176471]]]",7.8555891226860695,60240,/home/amos/media/tv/The X-Files S01-S11 BluRay 10Bit 1080p Dts-HDMa5 1 HEVC-d3g/The X-Files S08 br 10bit dts hevc-d3g/The.X-Files.S08E07.Via.Negativa.1080p.BluRay.10Bit.Dts-HDMa5.1.HEVC-d3g.mkv679,1080,1920,0,169,118,1199,169,52530,0.025,"[[[0.10588235 0.         0.        ]  [0.10588235 0.00392157 0.00784314]  [0.10980392 0.00784314 0.01176471]  ...  [0.01176471 0.00784314 0.01176471]  [0.01176471 0.00784314 0.01176471]  [0.01176471 0.00784314 0.01176471]] [[0.10588235 0.         0.        ]  [0.10588235 0.00392157 0.00784314]  [0.10980392 0.00784314 0.01176471]  ...  [0.01176471 0.00784314 0.01176471]  [0.01176471 0.00784314 0.01176471]  [0.01176471 0.00784314 0.01176471]] [[0.10588235 0.         0.        ]  [0.10980392 0.00392157 0.00784314]  [0.10980392 0.00392157 0.01176471]  ...  [0.01176471 0.00784314 0.01176471]  [0.01176471 0.00784314 0.01176471]  [0.01176471 0.00784314 0.01176471]] ... [[0.18431373 0.12156863 0.10196079]  [0.1882353  0.13333334 0.10588235]  [0.19215687 0.13725491 0.10980392]  ...  [0.04705882 0.00784314 0.01568628]  [0.04705882 0.00784314 0.01568628]  [0.04313726 0.00392157 0.01176471]] [[0.18431373 0.1254902  0.10588235]  [0.1882353  0.13333334 0.10980392]  [0.19215687 0.13725491 0.10980392]  ...  [0.04705882 0.00784314 0.01568628]  [0.04705882 0.00784314 0.01568628]  [0.04705882 0.00784314 0.01568628]] [[0.1882353  0.12941177 0.10980392]  [0.1882353  0.13333334 0.10980392]  [0.1882353  0.13333334 0.10588235]  ...  [0.05098039 0.01176471 0.01960784]  [0.05098039 0.01176471 0.01960784]  [0.05098039 0.01176471 0.01960784]]]",6.805892938515171,60264,/home/amos/media/tv/The X-Files S01-S11 BluRay 10Bit 1080p Dts-HDMa5 1 HEVC-d3g/The X-Files S08 br 10bit dts hevc-d3g/The.X-Files.S08E07.Via.Negativa.1080p.BluRay.10Bit.Dts-HDMa5.1.HEVC-d3g.mkv680,1080,1920,0,380,90,1021,380,185890,0.09,"[[[0.10196079 0.04313726 0.03921569]  [0.09019608 0.03137255 0.03137255]  [0.10588235 0.04313726 0.04705882]  ...  [0.01176471 0.00392157 0.01960784]  [0.01176471 0.00392157 0.01960784]  [0.         0.         0.        ]] [[0.10980392 0.05098039 0.05098039]  [0.10588235 0.04705882 0.04705882]  [0.10196079 0.03921569 0.04313726]  ...  [0.01176471 0.00392157 0.01960784]  [0.01176471 0.00392157 0.01960784]  [0.         0.         0.        ]] [[0.07058824 0.01176471 0.00784314]  [0.07450981 0.01568628 0.01176471]  [0.07450981 0.01176471 0.01568628]  ...  [0.00784314 0.         0.01568628]  [0.00784314 0.         0.01568628]  [0.         0.         0.        ]] ... [[0.09019608 0.03137255 0.02745098]  [0.09411765 0.03137255 0.02352941]  [0.09803922 0.03529412 0.02352941]  ...  [0.03921569 0.00784314 0.01176471]  [0.04313726 0.01176471 0.01960784]  [0.         0.         0.        ]] [[0.09019608 0.03529412 0.03529412]  [0.08235294 0.01960784 0.01960784]  [0.10196079 0.03921569 0.02745098]  ...  [0.04313726 0.01176471 0.01568628]  [0.03921569 0.01176471 0.01568628]  [0.         0.         0.        ]] [[0.         0.         0.        ]  [0.         0.         0.        ]  [0.         0.         0.        ]  ...  [0.         0.         0.        ]  [0.         0.         0.        ]  [0.         0.         0.        ]]]",5.684476118942257,60384,/home/amos/media/tv/The X-Files S01-S11 BluRay 10Bit 1080p Dts-HDMa5 1 HEVC-d3g/The X-Files S08 br 10bit dts hevc-d3g/The.X-Files.S08E07.Via.Negativa.1080p.BluRay.10Bit.Dts-HDMa5.1.HEVC-d3g.mkv681,1080,1920,0,83,277,801,83,139292,0.067,"[[[0.23137255 0.10196079 0.05098039]  [0.23137255 0.10196079 0.05098039]  [0.22745098 0.10196079 0.05098039]  ...  [0.39215687 0.27450982 0.22352941]  [0.39215687 0.27450982 0.22352941]  [0.         0.         0.        ]] [[0.23137255 0.10196079 0.05098039]  [0.23137255 0.10196079 0.05098039]  [0.22352941 0.10196079 0.05098039]  ...  [0.39215687 0.27450982 0.22352941]  [0.39215687 0.27450982 0.22352941]  [0.         0.         0.        ]] [[0.22745098 0.10196079 0.04705882]  [0.22745098 0.10196079 0.04705882]  [0.22352941 0.10196079 0.04705882]  ...  [0.39607844 0.2784314  0.22745098]  [0.39607844 0.2784314  0.22745098]  [0.         0.         0.        ]] ... [[0.49803922 0.30980393 0.28235295]  [0.49411765 0.30588236 0.2784314 ]  [0.47843137 0.29803923 0.26666668]  ...  [0.48235294 0.30980393 0.27058825]  [0.48235294 0.30980393 0.27058825]  [0.         0.         0.        ]] [[0.49803922 0.30980393 0.28235295]  [0.49411765 0.30588236 0.2784314 ]  [0.48235294 0.29803923 0.27058825]  ...  [0.48235294 0.30980393 0.27058825]  [0.48235294 0.30980393 0.27058825]  [0.         0.         0.        ]] [[0.         0.         0.        ]  [0.         0.         0.        ]  [0.         0.         0.        ]  ...  [0.         0.         0.        ]  [0.         0.         0.        ]  [0.         0.         0.        ]]]",4.168639115465339,60456,/home/amos/media/tv/The X-Files S01-S11 BluRay 10Bit 1080p Dts-HDMa5 1 HEVC-d3g/The X-Files S08 br 10bit dts hevc-d3g/The.X-Files.S08E07.Via.Negativa.1080p.BluRay.10Bit.Dts-HDMa5.1.HEVC-d3g.mkv682,1080,1920,0,82,268,806,82,134664,0.065,"[[[0.18431373 0.07450981 0.03921569]  [0.18431373 0.07450981 0.03921569]  [0.18431373 0.07058824 0.03921569]  ...  [0.5058824  0.34901962 0.29803923]  [0.5137255  0.36078432 0.30980393]  [0.5176471  0.36078432 0.30980393]] [[0.18431373 0.07450981 0.03921569]  [0.18431373 0.07450981 0.03921569]  [0.18431373 0.07058824 0.03921569]  ...  [0.5058824  0.34901962 0.29803923]  [0.5137255  0.35686275 0.30980393]  [0.5176471  0.36078432 0.30980393]] [[0.18431373 0.07450981 0.04313726]  [0.18431373 0.07450981 0.04313726]  [0.18431373 0.07450981 0.03921569]  ...  [0.5058824  0.34901962 0.29803923]  [0.5137255  0.35686275 0.30588236]  [0.5137255  0.35686275 0.30588236]] ... [[0.43529412 0.28235295 0.23921569]  [0.43529412 0.28235295 0.23529412]  [0.42352942 0.27058825 0.22745098]  ...  [0.48235294 0.29411766 0.24313726]  [0.4862745  0.29411766 0.24313726]  [0.4862745  0.29411766 0.24313726]] [[0.45490196 0.29803923 0.2509804 ]  [0.45490196 0.29411766 0.2509804 ]  [0.44705883 0.28627452 0.24313726]  ...  [0.48235294 0.29411766 0.24313726]  [0.4862745  0.29803923 0.24705882]  [0.4862745  0.29803923 0.24705882]] [[0.45882353 0.29803923 0.25490198]  [0.45490196 0.29411766 0.25490198]  [0.44705883 0.28627452 0.24313726]  ...  [0.48235294 0.29411766 0.24313726]  [0.4862745  0.29803923 0.24705882]  [0.4862745  0.29803923 0.24705882]]]",3.70172317273682,60480,/home/amos/media/tv/The X-Files S01-S11 BluRay 10Bit 1080p Dts-HDMa5 1 HEVC-d3g/The X-Files S08 br 10bit dts hevc-d3g/The.X-Files.S08E07.Via.Negativa.1080p.BluRay.10Bit.Dts-HDMa5.1.HEVC-d3g.mkv683,1080,1920,0,78,282,849,78,157284,0.076,"[[[0.1882353  0.07450981 0.05098039]  [0.1882353  0.07450981 0.05098039]  [0.1882353  0.07843138 0.05490196]  ...  [0.5019608  0.32156864 0.28235295]  [0.49803922 0.3137255  0.2784314 ]  [0.49803922 0.3137255  0.2784314 ]] [[0.1882353  0.07450981 0.05098039]  [0.1882353  0.07450981 0.05098039]  [0.1882353  0.07843138 0.05490196]  ...  [0.5019608  0.32156864 0.28235295]  [0.49803922 0.3137255  0.2784314 ]  [0.49803922 0.3137255  0.2784314 ]] [[0.1882353  0.07450981 0.05098039]  [0.1882353  0.07450981 0.05098039]  [0.1882353  0.07843138 0.05490196]  ...  [0.49803922 0.31764707 0.2784314 ]  [0.49411765 0.3137255  0.27450982]  [0.49411765 0.3137255  0.27450982]] ... [[0.34901962 0.20392157 0.1764706 ]  [0.34901962 0.2        0.1764706 ]  [0.32941177 0.1882353  0.16078432]  ...  [0.46666667 0.27450982 0.23921569]  [0.45490196 0.26666668 0.22745098]  [0.45490196 0.2627451  0.22352941]] [[0.3764706  0.22745098 0.20392157]  [0.3764706  0.22745098 0.2       ]  [0.35686275 0.21176471 0.18431373]  ...  [0.45882353 0.27058825 0.23137255]  [0.4509804  0.25882354 0.21960784]  [0.4509804  0.25882354 0.21960784]] [[0.38039216 0.23137255 0.20392157]  [0.3764706  0.23137255 0.20392157]  [0.36078432 0.21568628 0.1882353 ]  ...  [0.4627451  0.27058825 0.23137255]  [0.4509804  0.25882354 0.21960784]  [0.4509804  0.25882354 0.21960784]]]",3.6614371477044187,60504,/home/amos/media/tv/The X-Files S01-S11 BluRay 10Bit 1080p Dts-HDMa5 1 HEVC-d3g/The X-Files S08 br 10bit dts hevc-d3g/The.X-Files.S08E07.Via.Negativa.1080p.BluRay.10Bit.Dts-HDMa5.1.HEVC-d3g.mkv684,1080,1920,0,383,113,987,383,163080,0.079,"[[[0.0627451  0.01176471 0.01176471]  [0.05490196 0.00784314 0.00784314]  [0.0627451  0.01176471 0.01568628]  ...  [0.00784314 0.         0.01568628]  [0.01176471 0.00392157 0.01960784]  [0.00784314 0.         0.01568628]] [[0.05098039 0.00392157 0.00392157]  [0.04705882 0.         0.        ]  [0.0627451  0.00784314 0.01176471]  ...  [0.00784314 0.         0.01568628]  [0.00784314 0.         0.01568628]  [0.00784314 0.         0.01568628]] [[0.05882353 0.01176471 0.01176471]  [0.05490196 0.00784314 0.00784314]  [0.0627451  0.01176471 0.01568628]  ...  [0.00784314 0.00392157 0.01568628]  [0.00392157 0.         0.01176471]  [0.00784314 0.         0.01568628]] ... [[0.13725491 0.10980392 0.10196079]  [0.12941177 0.10196079 0.09411765]  [0.14509805 0.11764706 0.10980392]  ...  [0.03529412 0.01568628 0.01568628]  [0.03921569 0.02352941 0.02352941]  [0.04313726 0.02352941 0.02352941]] [[0.14117648 0.11372549 0.10588235]  [0.12941177 0.10196079 0.09411765]  [0.13725491 0.10980392 0.10588235]  ...  [0.03137255 0.00784314 0.01176471]  [0.04313726 0.02352941 0.02352941]  [0.04705882 0.02745098 0.02745098]] [[0.14509805 0.11764706 0.10980392]  [0.13725491 0.10980392 0.10196079]  [0.14509805 0.11764706 0.10980392]  ...  [0.04313726 0.01568628 0.02352941]  [0.05098039 0.02352941 0.02745098]  [0.04705882 0.02745098 0.03529412]]]",9.39354604651453,60552,/home/amos/media/tv/The X-Files S01-S11 BluRay 10Bit 1080p Dts-HDMa5 1 HEVC-d3g/The X-Files S08 br 10bit dts hevc-d3g/The.X-Files.S08E07.Via.Negativa.1080p.BluRay.10Bit.Dts-HDMa5.1.HEVC-d3g.mkv685,1080,1920,0,429,77,1029,429,211200,0.102,"[[[0.10196079 0.02352941 0.00784314]  [0.10196079 0.02352941 0.01568628]  [0.09019608 0.01176471 0.01176471]  ...  [0.01176471 0.00392157 0.01960784]  [0.01176471 0.00392157 0.01960784]  [0.00784314 0.         0.01568628]] [[0.09019608 0.02352941 0.00784314]  [0.08627451 0.01960784 0.01960784]  [0.07843138 0.01176471 0.01960784]  ...  [0.01176471 0.00392157 0.01568628]  [0.01568628 0.00784314 0.02352941]  [0.00784314 0.         0.01568628]] [[0.07843138 0.01176471 0.00784314]  [0.07058824 0.01176471 0.01176471]  [0.05882353 0.00392157 0.00784314]  ...  [0.00784314 0.00392157 0.01176471]  [0.01176471 0.00392157 0.01568628]  [0.00784314 0.         0.01568628]] ... [[0.09411765 0.03921569 0.02745098]  [0.11764706 0.05882353 0.04313726]  [0.1254902  0.0627451  0.04705882]  ...  [0.03529412 0.01568628 0.03137255]  [0.02352941 0.01176471 0.02352941]  [0.01176471 0.00392157 0.01568628]] [[0.10588235 0.05098039 0.03529412]  [0.10980392 0.05098039 0.03529412]  [0.11764706 0.05490196 0.04313726]  ...  [0.03137255 0.01176471 0.03137255]  [0.03921569 0.02352941 0.03921569]  [0.01960784 0.00784314 0.01960784]] [[0.09803922 0.04705882 0.03529412]  [0.08627451 0.03137255 0.02352941]  [0.10588235 0.04313726 0.03137255]  ...  [0.02745098 0.01176471 0.01568628]  [0.03529412 0.01568628 0.02745098]  [0.01960784 0.00784314 0.01568628]]]",5.723550116585102,60576,/home/amos/media/tv/The X-Files S01-S11 BluRay 10Bit 1080p Dts-HDMa5 1 HEVC-d3g/The X-Files S08 br 10bit dts hevc-d3g/The.X-Files.S08E07.Via.Negativa.1080p.BluRay.10Bit.Dts-HDMa5.1.HEVC-d3g.mkv686,1080,1920,0,422,67,1038,422,218680,0.105,"[[[0.04705882 0.00392157 0.00784314]  [0.04313726 0.00392157 0.00784314]  [0.03921569 0.00784314 0.01176471]  ...  [0.01176471 0.00392157 0.01960784]  [0.01176471 0.00392157 0.01960784]  [0.01176471 0.00392157 0.01960784]] [[0.05098039 0.         0.00784314]  [0.04313726 0.00392157 0.00784314]  [0.04313726 0.01176471 0.01568628]  ...  [0.01176471 0.00392157 0.01960784]  [0.01176471 0.00392157 0.01960784]  [0.01176471 0.00392157 0.01960784]] [[0.04705882 0.00392157 0.00784314]  [0.05098039 0.00784314 0.01176471]  [0.03921569 0.00392157 0.00784314]  ...  [0.01568628 0.00784314 0.02352941]  [0.01568628 0.00784314 0.02352941]  [0.01568628 0.00784314 0.02352941]] ... [[0.15294118 0.05098039 0.02745098]  [0.1882353  0.07843138 0.05490196]  [0.19215687 0.08235294 0.05098039]  ...  [0.00784314 0.         0.01960784]  [0.00784314 0.         0.01568628]  [0.00784314 0.         0.01568628]] [[0.17254902 0.07058824 0.04313726]  [0.19215687 0.07843138 0.05098039]  [0.21568628 0.10980392 0.07450981]  ...  [0.00784314 0.         0.01960784]  [0.01176471 0.         0.01960784]  [0.01176471 0.         0.01176471]] [[0.16078432 0.05882353 0.03529412]  [0.18039216 0.07843138 0.04705882]  [0.20784314 0.10588235 0.07450981]  ...  [0.01176471 0.00392157 0.02352941]  [0.01176471 0.00392157 0.02352941]  [0.01176471 0.         0.01960784]]]",6.528287083317991,60600,/home/amos/media/tv/The X-Files S01-S11 BluRay 10Bit 1080p Dts-HDMa5 1 HEVC-d3g/The X-Files S08 br 10bit dts hevc-d3g/The.X-Files.S08E07.Via.Negativa.1080p.BluRay.10Bit.Dts-HDMa5.1.HEVC-d3g.mkv687,1080,1920,0,459,58,1032,459,229773,0.111,"[[[0.16862746 0.05882353 0.05490196]  [0.12156863 0.02352941 0.01960784]  [0.10196079 0.01960784 0.01176471]  ...  [0.01568628 0.00392157 0.01960784]  [0.01568628 0.00392157 0.01568628]  [0.01568628 0.00392157 0.01568628]] [[0.13333334 0.03921569 0.03921569]  [0.11372549 0.03137255 0.03137255]  [0.09411765 0.03137255 0.02352941]  ...  [0.00784314 0.         0.01176471]  [0.01568628 0.00392157 0.01568628]  [0.01960784 0.00392157 0.01960784]] [[0.11764706 0.03529412 0.03529412]  [0.09803922 0.02745098 0.02745098]  [0.07058824 0.01176471 0.00784314]  ...  [0.01176471 0.00392157 0.01568628]  [0.01568628 0.00392157 0.01568628]  [0.01568628 0.00392157 0.01568628]] ... [[0.11372549 0.04313726 0.03529412]  [0.11764706 0.04705882 0.03921569]  [0.11372549 0.04313726 0.03529412]  ...  [0.07450981 0.05098039 0.04313726]  [0.05490196 0.02745098 0.01960784]  [0.07058824 0.04313726 0.03529412]] [[0.10588235 0.03529412 0.02745098]  [0.09411765 0.02745098 0.01568628]  [0.10588235 0.03529412 0.02745098]  ...  [0.07058824 0.05098039 0.03921569]  [0.06666667 0.04705882 0.03529412]  [0.06666667 0.03921569 0.03137255]] [[0.09803922 0.03137255 0.02352941]  [0.08235294 0.01568628 0.00784314]  [0.10980392 0.04313726 0.03529412]  ...  [0.07058824 0.05098039 0.03921569]  [0.07058824 0.04705882 0.03921569]  [0.05882353 0.03137255 0.02352941]]]",7.213773113151547,60624,/home/amos/media/tv/The X-Files S01-S11 BluRay 10Bit 1080p Dts-HDMa5 1 HEVC-d3g/The X-Files S08 br 10bit dts hevc-d3g/The.X-Files.S08E07.Via.Negativa.1080p.BluRay.10Bit.Dts-HDMa5.1.HEVC-d3g.mkv688,1080,1920,0,448,77,1013,448,209615,0.101,"[[[0.23921569 0.09803922 0.0627451 ]  [0.18039216 0.05098039 0.02745098]  [0.14509805 0.02745098 0.01176471]  ...  [0.01176471 0.00392157 0.01960784]  [0.01176471 0.00392157 0.01960784]  [0.00784314 0.         0.01568628]] [[0.19215687 0.05098039 0.02745098]  [0.14901961 0.02745098 0.01176471]  [0.13333334 0.03137255 0.01960784]  ...  [0.01176471 0.00392157 0.01960784]  [0.01176471 0.00392157 0.01960784]  [0.01176471 0.00392157 0.01960784]] [[0.14901961 0.01960784 0.00392157]  [0.14509805 0.03921569 0.02352941]  [0.10588235 0.01960784 0.00784314]  ...  [0.01176471 0.00392157 0.01960784]  [0.00784314 0.         0.01568628]  [0.01176471 0.00392157 0.01960784]] ... [[0.09803922 0.03529412 0.02745098]  [0.11372549 0.04705882 0.03921569]  [0.10980392 0.03921569 0.02745098]  ...  [0.02352941 0.01176471 0.01960784]  [0.03921569 0.02352941 0.02745098]  [0.10980392 0.09411765 0.09411765]] [[0.09411765 0.03137255 0.02352941]  [0.10980392 0.04313726 0.03529412]  [0.10588235 0.03529412 0.02745098]  ...  [0.01568628 0.00784314 0.01176471]  [0.03137255 0.01960784 0.02352941]  [0.07058824 0.05490196 0.05490196]] [[0.09803922 0.03529412 0.02745098]  [0.11372549 0.04705882 0.03921569]  [0.10980392 0.03921569 0.02745098]  ...  [0.01568628 0.00392157 0.01176471]  [0.02352941 0.01176471 0.01568628]  [0.04313726 0.02745098 0.02745098]]]",5.503005080332514,60648,/home/amos/media/tv/The X-Files S01-S11 BluRay 10Bit 1080p Dts-HDMa5 1 HEVC-d3g/The X-Files S08 br 10bit dts hevc-d3g/The.X-Files.S08E07.Via.Negativa.1080p.BluRay.10Bit.Dts-HDMa5.1.HEVC-d3g.mkv689,1080,1920,0,455,64,997,455,211922,0.102,"[[[0.25882354 0.1254902  0.09411765]  [0.3019608  0.17254902 0.14117648]  [0.23137255 0.10588235 0.07058824]  ...  [0.02745098 0.00784314 0.01960784]  [0.03137255 0.00392157 0.02745098]  [0.03529412 0.01176471 0.03137255]] [[0.29803923 0.16078432 0.12941177]  [0.23529412 0.10980392 0.07843138]  [0.1764706  0.05490196 0.01960784]  ...  [0.02745098 0.00784314 0.02352941]  [0.02352941 0.         0.01960784]  [0.03137255 0.00784314 0.02745098]] [[0.26666668 0.12941177 0.09411765]  [0.18039216 0.05098039 0.01960784]  [0.16862746 0.04705882 0.01176471]  ...  [0.02745098 0.00784314 0.02352941]  [0.03137255 0.00784314 0.02745098]  [0.03137255 0.01176471 0.02745098]] ... [[0.14117648 0.05098039 0.02745098]  [0.14901961 0.05490196 0.03137255]  [0.14901961 0.05098039 0.02745098]  ...  [0.03529412 0.01176471 0.01568628]  [0.02745098 0.00784314 0.01568628]  [0.03137255 0.01176471 0.02352941]] [[0.15294118 0.0627451  0.03921569]  [0.14509805 0.05098039 0.03137255]  [0.16470589 0.06666667 0.04313726]  ...  [0.03529412 0.00784314 0.01176471]  [0.03529412 0.01568628 0.01960784]  [0.03921569 0.01960784 0.02352941]] [[0.16078432 0.07058824 0.04705882]  [0.15686275 0.05882353 0.03529412]  [0.16862746 0.06666667 0.04313726]  ...  [0.03529412 0.00784314 0.01176471]  [0.03529412 0.00784314 0.01176471]  [0.03529412 0.01568628 0.01568628]]]",7.697672079724725,60816,/home/amos/media/tv/The X-Files S01-S11 BluRay 10Bit 1080p Dts-HDMa5 1 HEVC-d3g/The X-Files S08 br 10bit dts hevc-d3g/The.X-Files.S08E07.Via.Negativa.1080p.BluRay.10Bit.Dts-HDMa5.1.HEVC-d3g.mkv690,1080,1920,0,441,105,982,441,181776,0.088,"[[[0.12156863 0.03921569 0.01960784]  [0.09411765 0.02352941 0.01568628]  [0.08235294 0.01176471 0.00784314]  ...  [0.00392157 0.00392157 0.01568628]  [0.00392157 0.00392157 0.01568628]  [0.00392157 0.         0.01568628]] [[0.1254902  0.03529412 0.02352941]  [0.10980392 0.03137255 0.02745098]  [0.10196079 0.02745098 0.02352941]  ...  [0.00392157 0.00392157 0.01568628]  [0.00392157 0.00392157 0.01568628]  [0.00392157 0.         0.01568628]] [[0.11764706 0.02745098 0.01176471]  [0.10980392 0.03137255 0.03137255]  [0.09019608 0.01568628 0.01176471]  ...  [0.00392157 0.00392157 0.01568628]  [0.00392157 0.00392157 0.01568628]  [0.00392157 0.         0.01568628]] ... [[0.10980392 0.03921569 0.03529412]  [0.11372549 0.03921569 0.02352941]  [0.09411765 0.01960784 0.00784314]  ...  [0.03137255 0.00784314 0.02352941]  [0.01960784 0.         0.01568628]  [0.03137255 0.00784314 0.02352941]] [[0.09803922 0.03921569 0.03137255]  [0.10980392 0.03921569 0.02352941]  [0.10196079 0.03137255 0.01568628]  ...  [0.03529412 0.00784314 0.02745098]  [0.04313726 0.01176471 0.03137255]  [0.05098039 0.02352941 0.03921569]] [[0.08627451 0.03137255 0.01960784]  [0.09803922 0.03137255 0.01568628]  [0.10196079 0.03529412 0.01960784]  ...  [0.03921569 0.00784314 0.02745098]  [0.05098039 0.01960784 0.03529412]  [0.06666667 0.03529412 0.05098039]]]",6.074407102714758,60840,/home/amos/media/tv/The X-Files S01-S11 BluRay 10Bit 1080p Dts-HDMa5 1 HEVC-d3g/The X-Files S08 br 10bit dts hevc-d3g/The.X-Files.S08E07.Via.Negativa.1080p.BluRay.10Bit.Dts-HDMa5.1.HEVC-d3g.mkv691,1080,1920,0,66,401,884,66,274030,0.132,"[[[0.47058824 0.30588236 0.2784314 ]  [0.47058824 0.30588236 0.2784314 ]  [0.47058824 0.30588236 0.2784314 ]  ...  [0.10588235 0.0627451  0.02745098]  [0.10588235 0.0627451  0.02745098]  [0.10588235 0.0627451  0.02745098]] [[0.47058824 0.30588236 0.2784314 ]  [0.47058824 0.30588236 0.2784314 ]  [0.47058824 0.30588236 0.2784314 ]  ...  [0.10588235 0.0627451  0.02745098]  [0.10588235 0.0627451  0.02745098]  [0.10588235 0.0627451  0.02745098]] [[0.47058824 0.30588236 0.2784314 ]  [0.47058824 0.30588236 0.2784314 ]  [0.4745098  0.30588236 0.28235295]  ...  [0.10588235 0.0627451  0.02745098]  [0.10588235 0.0627451  0.02745098]  [0.10588235 0.0627451  0.02745098]] ... [[0.3647059  0.15686275 0.1254902 ]  [0.3647059  0.15686275 0.1254902 ]  [0.3647059  0.15686275 0.1254902 ]  ...  [0.10980392 0.04705882 0.        ]  [0.10980392 0.04705882 0.        ]  [0.10980392 0.04705882 0.        ]] [[0.36862746 0.16078432 0.12941177]  [0.36862746 0.16078432 0.12941177]  [0.36862746 0.16078432 0.12941177]  ...  [0.10980392 0.04705882 0.        ]  [0.10980392 0.04705882 0.        ]  [0.10980392 0.04705882 0.        ]] [[0.36862746 0.16078432 0.12941177]  [0.36862746 0.16078432 0.12941177]  [0.36862746 0.16078432 0.12941177]  ...  [0.10980392 0.04705882 0.        ]  [0.10980392 0.04705882 0.        ]  [0.10980392 0.04705882 0.        ]]]",0.12062606163090095,60864,/home/amos/media/tv/The X-Files S01-S11 BluRay 10Bit 1080p Dts-HDMa5 1 HEVC-d3g/The X-Files S08 br 10bit dts hevc-d3g/The.X-Files.S08E07.Via.Negativa.1080p.BluRay.10Bit.Dts-HDMa5.1.HEVC-d3g.mkv692,1080,1920,0,80,305,807,80,163575,0.079,"[[[0.38039216 0.21960784 0.1764706 ]  [0.38039216 0.21960784 0.1764706 ]  [0.38039216 0.21568628 0.17254902]  ...  [0.4509804  0.29803923 0.26666668]  [0.4392157  0.28627452 0.25490198]  [0.4392157  0.28627452 0.25490198]] [[0.38039216 0.21960784 0.1764706 ]  [0.38039216 0.21960784 0.1764706 ]  [0.3764706  0.21568628 0.17254902]  ...  [0.4509804  0.29803923 0.26666668]  [0.4392157  0.28627452 0.25490198]  [0.4392157  0.28627452 0.25490198]] [[0.37254903 0.21568628 0.16862746]  [0.37254903 0.21568628 0.16862746]  [0.36862746 0.21176471 0.16470589]  ...  [0.45882353 0.3019608  0.27450982]  [0.4509804  0.29411766 0.2627451 ]  [0.4509804  0.29411766 0.2627451 ]] ... [[0.32156864 0.16862746 0.15686275]  [0.32156864 0.16862746 0.15686275]  [0.31764707 0.16078432 0.14901961]  ...  [0.45490196 0.2784314  0.23529412]  [0.4627451  0.28627452 0.24313726]  [0.4627451  0.28627452 0.24313726]] [[0.35686275 0.19607843 0.18431373]  [0.35686275 0.19607843 0.18431373]  [0.3529412  0.19215687 0.18039216]  ...  [0.45490196 0.2784314  0.23529412]  [0.46666667 0.2901961  0.24705882]  [0.46666667 0.2901961  0.24705882]] [[0.36078432 0.2        0.1882353 ]  [0.36078432 0.2        0.1882353 ]  [0.35686275 0.19607843 0.18039216]  ...  [0.45490196 0.28235295 0.23529412]  [0.46666667 0.2901961  0.24705882]  [0.46666667 0.2901961  0.24705882]]]",1.261401112366002,60888,/home/amos/media/tv/The X-Files S01-S11 BluRay 10Bit 1080p Dts-HDMa5 1 HEVC-d3g/The X-Files S08 br 10bit dts hevc-d3g/The.X-Files.S08E07.Via.Negativa.1080p.BluRay.10Bit.Dts-HDMa5.1.HEVC-d3g.mkv693,1080,1920,1,83,398,855,83,243180,0.117,"[[[0.34117648 0.19215687 0.14509805]  [0.34117648 0.19215687 0.14509805]  [0.34117648 0.19215687 0.14509805]  ...  [0.10980392 0.0627451  0.03921569]  [0.10980392 0.0627451  0.03921569]  [0.         0.         0.        ]] [[0.34117648 0.19215687 0.14509805]  [0.34117648 0.19215687 0.14509805]  [0.34117648 0.19607843 0.14901961]  ...  [0.10980392 0.0627451  0.03921569]  [0.10980392 0.0627451  0.03921569]  [0.         0.         0.        ]] [[0.34901962 0.2        0.15294118]  [0.34901962 0.2        0.15294118]  [0.34901962 0.2        0.15294118]  ...  [0.11372549 0.06666667 0.03921569]  [0.11372549 0.06666667 0.03921569]  [0.         0.         0.        ]] ... [[0.34117648 0.18431373 0.15686275]  [0.34117648 0.18039216 0.15686275]  [0.34117648 0.1764706  0.15294118]  ...  [0.14509805 0.04705882 0.01568628]  [0.14509805 0.04313726 0.01176471]  [0.         0.         0.        ]] [[0.34509805 0.18431373 0.16078432]  [0.34509805 0.18431373 0.16078432]  [0.34117648 0.18039216 0.15294118]  ...  [0.14901961 0.04705882 0.01568628]  [0.14509805 0.04313726 0.01176471]  [0.         0.         0.        ]] [[0.         0.         0.        ]  [0.         0.         0.        ]  [0.         0.         0.        ]  ...  [0.         0.         0.        ]  [0.         0.         0.        ]  [0.         0.         0.        ]]]",0.8679750733426772,60888,/home/amos/media/tv/The X-Files S01-S11 BluRay 10Bit 1080p Dts-HDMa5 1 HEVC-d3g/The X-Files S08 br 10bit dts hevc-d3g/The.X-Files.S08E07.Via.Negativa.1080p.BluRay.10Bit.Dts-HDMa5.1.HEVC-d3g.mkv694,1080,1920,2,158,497,811,158,221367,0.107,"[[[0.3882353  0.23137255 0.1764706 ]  [0.3882353  0.22745098 0.1764706 ]  [0.3882353  0.22745098 0.1764706 ]  ...  [0.12156863 0.07843138 0.03529412]  [0.12156863 0.07450981 0.03529412]  [0.11764706 0.07450981 0.03137255]] [[0.3764706  0.22352941 0.17254902]  [0.38039216 0.22745098 0.17254902]  [0.38431373 0.22745098 0.1764706 ]  ...  [0.12156863 0.07843138 0.03529412]  [0.11764706 0.07450981 0.03137255]  [0.11372549 0.07058824 0.02745098]] [[0.36862746 0.21960784 0.16862746]  [0.37254903 0.22352941 0.17254902]  [0.38039216 0.22745098 0.17254902]  ...  [0.12156863 0.07843138 0.03529412]  [0.11764706 0.07450981 0.03137255]  [0.11372549 0.07058824 0.02745098]] ... [[0.08235294 0.01960784 0.01568628]  [0.07843138 0.01960784 0.01568628]  [0.07843138 0.01568628 0.01176471]  ...  [0.37254903 0.34117648 0.34117648]  [0.38431373 0.3529412  0.3529412 ]  [0.4        0.37254903 0.36862746]] [[0.07843138 0.01960784 0.01176471]  [0.07843138 0.01568628 0.01176471]  [0.07843138 0.01568628 0.01176471]  ...  [0.36862746 0.3372549  0.3372549 ]  [0.3764706  0.34509805 0.34117648]  [0.3882353  0.35686275 0.3529412 ]] [[0.07843138 0.01568628 0.01176471]  [0.07843138 0.01568628 0.01176471]  [0.07843138 0.01568628 0.01176471]  ...  [0.3647059  0.33333334 0.33333334]  [0.36862746 0.3372549  0.3372549 ]  [0.3764706  0.34509805 0.34117648]]]",1.6852820764179341,60888,/home/amos/media/tv/The X-Files S01-S11 BluRay 10Bit 1080p Dts-HDMa5 1 HEVC-d3g/The X-Files S08 br 10bit dts hevc-d3g/The.X-Files.S08E07.Via.Negativa.1080p.BluRay.10Bit.Dts-HDMa5.1.HEVC-d3g.mkv695,1080,1920,0,79,336,786,79,181699,0.088,"[[[0.24313726 0.1254902  0.08627451]  [0.24313726 0.1254902  0.08627451]  [0.23921569 0.12156863 0.08235294]  ...  [0.5176471  0.32941177 0.30588236]  [0.52156866 0.33333334 0.30980393]  [0.52156866 0.33333334 0.30980393]] [[0.24313726 0.1254902  0.08627451]  [0.24313726 0.1254902  0.08627451]  [0.23921569 0.12156863 0.08235294]  ...  [0.5176471  0.32941177 0.30588236]  [0.52156866 0.33333334 0.30980393]  [0.52156866 0.33333334 0.30980393]] [[0.23921569 0.1254902  0.08235294]  [0.23921569 0.12156863 0.08235294]  [0.23529412 0.11764706 0.07843138]  ...  [0.5176471  0.32941177 0.30588236]  [0.52156866 0.32941177 0.30980393]  [0.52156866 0.33333334 0.30980393]] ... [[0.09019608 0.01568628 0.01568628]  [0.09019608 0.01568628 0.01568628]  [0.08627451 0.01176471 0.01176471]  ...  [0.38039216 0.21568628 0.1764706 ]  [0.38431373 0.21960784 0.1764706 ]  [0.38431373 0.21960784 0.1764706 ]] [[0.09019608 0.01568628 0.01568628]  [0.09019608 0.01568628 0.01568628]  [0.08627451 0.01568628 0.01568628]  ...  [0.38039216 0.21960784 0.18039216]  [0.38431373 0.21960784 0.18039216]  [0.38431373 0.21960784 0.18039216]] [[0.09019608 0.01568628 0.01568628]  [0.09019608 0.01568628 0.01568628]  [0.09019608 0.01176471 0.01176471]  ...  [0.38039216 0.21960784 0.18039216]  [0.38431373 0.21960784 0.18039216]  [0.38431373 0.21960784 0.18039216]]]",2.2636481217923574,60912,/home/amos/media/tv/The X-Files S01-S11 BluRay 10Bit 1080p Dts-HDMa5 1 HEVC-d3g/The X-Files S08 br 10bit dts hevc-d3g/The.X-Files.S08E07.Via.Negativa.1080p.BluRay.10Bit.Dts-HDMa5.1.HEVC-d3g.mkv696,1080,1920,0,436,111,1064,436,204100,0.098,"[[[0.14117648 0.03921569 0.01568628]  [0.12941177 0.02745098 0.00784314]  [0.10588235 0.01176471 0.        ]  ...  [0.01568628 0.00392157 0.01176471]  [0.01960784 0.00392157 0.01568628]  [0.01960784 0.00392157 0.01568628]] [[0.12156863 0.01960784 0.        ]  [0.12156863 0.01960784 0.00784314]  [0.13333334 0.03529412 0.02352941]  ...  [0.01568628 0.00392157 0.01568628]  [0.01176471 0.00392157 0.01568628]  [0.01176471 0.00392157 0.01568628]] [[0.12941177 0.02745098 0.00784314]  [0.12156863 0.02352941 0.00784314]  [0.12941177 0.03137255 0.02352941]  ...  [0.01176471 0.00392157 0.01960784]  [0.00784314 0.         0.01568628]  [0.01176471 0.00392157 0.01960784]] ... [[0.14509805 0.1254902  0.1254902 ]  [0.14509805 0.1254902  0.1254902 ]  [0.14509805 0.1254902  0.1254902 ]  ...  [0.01568628 0.00784314 0.01960784]  [0.01568628 0.00392157 0.01568628]  [0.01176471 0.         0.01176471]] [[0.16078432 0.14117648 0.14117648]  [0.15294118 0.13333334 0.13333334]  [0.15686275 0.13725491 0.13725491]  ...  [0.00392157 0.         0.00784314]  [0.00784314 0.         0.00784314]  [0.00784314 0.         0.00784314]] [[0.14901961 0.12941177 0.12941177]  [0.14901961 0.12941177 0.12941177]  [0.15294118 0.13333334 0.13333334]  ...  [0.01176471 0.00392157 0.01568628]  [0.01176471 0.         0.01176471]  [0.00784314 0.         0.00784314]]]",7.157288994407281,60936,/home/amos/media/tv/The X-Files S01-S11 BluRay 10Bit 1080p Dts-HDMa5 1 HEVC-d3g/The X-Files S08 br 10bit dts hevc-d3g/The.X-Files.S08E07.Via.Negativa.1080p.BluRay.10Bit.Dts-HDMa5.1.HEVC-d3g.mkv697,1080,1920,0,432,120,956,432,163488,0.079,"[[[0.14117648 0.02745098 0.01568628]  [0.11764706 0.01960784 0.01176471]  [0.09411765 0.01176471 0.00784314]  ...  [0.01176471 0.         0.01568628]  [0.01176471 0.         0.01568628]  [0.01568628 0.00392157 0.01960784]] [[0.12156863 0.01568628 0.00392157]  [0.10980392 0.02352941 0.01176471]  [0.08627451 0.00784314 0.00392157]  ...  [0.01176471 0.         0.01568628]  [0.01176471 0.         0.01568628]  [0.01176471 0.         0.01568628]] [[0.11372549 0.02352941 0.01568628]  [0.10196079 0.02352941 0.01176471]  [0.09411765 0.02352941 0.01176471]  ...  [0.01176471 0.         0.01568628]  [0.01176471 0.         0.01568628]  [0.01176471 0.         0.01568628]] ... [[0.08627451 0.05098039 0.03921569]  [0.07843138 0.03921569 0.02352941]  [0.09019608 0.04313726 0.02745098]  ...  [0.01176471 0.00392157 0.01568628]  [0.01176471 0.00392157 0.01568628]  [0.00784314 0.         0.01176471]] [[0.10196079 0.06666667 0.05490196]  [0.09019608 0.05490196 0.03921569]  [0.09411765 0.04705882 0.03137255]  ...  [0.00784314 0.         0.01176471]  [0.00784314 0.         0.01176471]  [0.00784314 0.         0.01176471]] [[0.10588235 0.07450981 0.0627451 ]  [0.07843138 0.04313726 0.03137255]  [0.09019608 0.04705882 0.03137255]  ...  [0.00784314 0.         0.01176471]  [0.00784314 0.         0.01176471]  [0.00784314 0.         0.01176471]]]",7.5112860914669,60960,/home/amos/media/tv/The X-Files S01-S11 BluRay 10Bit 1080p Dts-HDMa5 1 HEVC-d3g/The X-Files S08 br 10bit dts hevc-d3g/The.X-Files.S08E07.Via.Negativa.1080p.BluRay.10Bit.Dts-HDMa5.1.HEVC-d3g.mkv698,1080,1920,0,417,126,995,417,168198,0.081,"[[[0.10980392 0.03921569 0.03529412]  [0.10980392 0.03921569 0.03529412]  [0.10980392 0.03921569 0.03921569]  ...  [0.00784314 0.         0.01568628]  [0.00392157 0.         0.01568628]  [0.00392157 0.         0.01568628]] [[0.09803922 0.02745098 0.02352941]  [0.09411765 0.02352941 0.02352941]  [0.09411765 0.02352941 0.02745098]  ...  [0.00784314 0.         0.01568628]  [0.00392157 0.         0.01176471]  [0.00392157 0.         0.01176471]] [[0.08627451 0.01568628 0.01568628]  [0.09019608 0.01960784 0.01960784]  [0.08235294 0.01176471 0.01176471]  ...  [0.00784314 0.         0.01568628]  [0.00784314 0.         0.01568628]  [0.00784314 0.         0.01568628]] ... [[0.07450981 0.03921569 0.02352941]  [0.07058824 0.03529412 0.01960784]  [0.08627451 0.05098039 0.03529412]  ...  [0.03529412 0.01176471 0.02745098]  [0.01176471 0.         0.01176471]  [0.01176471 0.         0.01568628]] [[0.07843138 0.04313726 0.02745098]  [0.07450981 0.03921569 0.02352941]  [0.07843138 0.04313726 0.02745098]  ...  [0.02745098 0.00392157 0.01960784]  [0.01568628 0.         0.01568628]  [0.01568628 0.         0.01960784]] [[0.09411765 0.05490196 0.04313726]  [0.07843138 0.04313726 0.03137255]  [0.07450981 0.03921569 0.02352941]  ...  [0.03529412 0.01176471 0.02745098]  [0.02745098 0.00784314 0.02745098]  [0.02745098 0.01176471 0.03137255]]]",8.0767411221168,61008,/home/amos/media/tv/The X-Files S01-S11 BluRay 10Bit 1080p Dts-HDMa5 1 HEVC-d3g/The X-Files S08 br 10bit dts hevc-d3g/The.X-Files.S08E07.Via.Negativa.1080p.BluRay.10Bit.Dts-HDMa5.1.HEVC-d3g.mkv699,1080,1920,0,404,112,961,404,162644,0.078,"[[[0.06666667 0.00392157 0.01176471]  [0.07450981 0.01176471 0.02352941]  [0.07450981 0.01176471 0.02352941]  ...  [0.00784314 0.         0.01568628]  [0.00392157 0.         0.01176471]  [0.00392157 0.         0.01176471]] [[0.06666667 0.         0.01176471]  [0.07058824 0.00784314 0.01960784]  [0.06666667 0.00392157 0.01568628]  ...  [0.00784314 0.         0.01568628]  [0.00784314 0.         0.01568628]  [0.00392157 0.         0.01176471]] [[0.08627451 0.01568628 0.02745098]  [0.08627451 0.02352941 0.03529412]  [0.08235294 0.01960784 0.03137255]  ...  [0.00784314 0.         0.01568628]  [0.00784314 0.         0.01568628]  [0.00392157 0.         0.01176471]] ... [[0.14117648 0.11764706 0.1254902 ]  [0.14509805 0.11372549 0.12156863]  [0.14117648 0.10980392 0.11372549]  ...  [0.05098039 0.01960784 0.02745098]  [0.03529412 0.00392157 0.01568628]  [0.03921569 0.00784314 0.01960784]] [[0.15294118 0.1254902  0.13725491]  [0.14117648 0.11372549 0.12156863]  [0.12156863 0.09019608 0.09411765]  ...  [0.04705882 0.01568628 0.02745098]  [0.03529412 0.00392157 0.01568628]  [0.03529412 0.00392157 0.01568628]] [[0.15294118 0.12941177 0.13725491]  [0.15294118 0.12156863 0.12941177]  [0.13333334 0.10196079 0.10588235]  ...  [0.04313726 0.01176471 0.02352941]  [0.03921569 0.00784314 0.01568628]  [0.04313726 0.01176471 0.01568628]]]",5.19692704064073,61032,/home/amos/media/tv/The X-Files S01-S11 BluRay 10Bit 1080p Dts-HDMa5 1 HEVC-d3g/The X-Files S08 br 10bit dts hevc-d3g/The.X-Files.S08E07.Via.Negativa.1080p.BluRay.10Bit.Dts-HDMa5.1.HEVC-d3g.mkv700,1080,1920,0,402,145,986,402,150088,0.072,"[[[0.06666667 0.01176471 0.02352941]  [0.05882353 0.00392157 0.01568628]  [0.05882353 0.00784314 0.01960784]  ...  [0.00784314 0.         0.01176471]  [0.00784314 0.         0.01176471]  [0.00784314 0.         0.01176471]] [[0.0627451  0.00784314 0.01960784]  [0.05882353 0.00392157 0.01568628]  [0.05490196 0.00392157 0.01568628]  ...  [0.00784314 0.         0.01176471]  [0.00784314 0.         0.01176471]  [0.00784314 0.         0.01176471]] [[0.0627451  0.00784314 0.01960784]  [0.05490196 0.         0.01176471]  [0.04705882 0.         0.00784314]  ...  [0.00784314 0.         0.01176471]  [0.00784314 0.         0.01176471]  [0.00784314 0.         0.01176471]] ... [[0.14117648 0.12156863 0.12156863]  [0.13333334 0.11372549 0.11372549]  [0.13333334 0.11764706 0.12156863]  ...  [0.05098039 0.01960784 0.02352941]  [0.05098039 0.01960784 0.02352941]  [0.04313726 0.01176471 0.01568628]] [[0.13333334 0.11372549 0.11372549]  [0.14117648 0.12156863 0.12156863]  [0.14509805 0.1254902  0.1254902 ]  ...  [0.04313726 0.01176471 0.01568628]  [0.04313726 0.01176471 0.01568628]  [0.03921569 0.00784314 0.01176471]] [[0.13725491 0.11764706 0.11764706]  [0.14117648 0.12156863 0.12156863]  [0.13725491 0.11764706 0.11764706]  ...  [0.03921569 0.01176471 0.01176471]  [0.04313726 0.01176471 0.01568628]  [0.04313726 0.01176471 0.01568628]]]",5.325582004443277,61056,/home/amos/media/tv/The X-Files S01-S11 BluRay 10Bit 1080p Dts-HDMa5 1 HEVC-d3g/The X-Files S08 br 10bit dts hevc-d3g/The.X-Files.S08E07.Via.Negativa.1080p.BluRay.10Bit.Dts-HDMa5.1.HEVC-d3g.mkv701,1080,1920,0,83,754,1326,83,834053,0.402,"[[[0.33333334 0.3137255  0.30588236]  [0.33333334 0.3137255  0.30588236]  [0.32941177 0.30980393 0.3019608 ]  ...  [0.08627451 0.03529412 0.01960784]  [0.08627451 0.03529412 0.01960784]  [0.         0.         0.        ]] [[0.33333334 0.3137255  0.30588236]  [0.33333334 0.3137255  0.30588236]  [0.32941177 0.30980393 0.3019608 ]  ...  [0.08627451 0.03529412 0.01960784]  [0.08627451 0.03529412 0.01960784]  [0.         0.         0.        ]] [[0.33333334 0.3137255  0.30588236]  [0.33333334 0.3137255  0.30588236]  [0.32941177 0.30980393 0.3019608 ]  ...  [0.08235294 0.03137255 0.01568628]  [0.08235294 0.03137255 0.01568628]  [0.         0.         0.        ]] ... [[0.30588236 0.2901961  0.27450982]  [0.30588236 0.2901961  0.27450982]  [0.29803923 0.28235295 0.26666668]  ...  [0.23137255 0.21568628 0.19215687]  [0.23137255 0.21568628 0.19215687]  [0.         0.         0.        ]] [[0.30588236 0.2901961  0.27450982]  [0.30588236 0.2901961  0.27450982]  [0.3019608  0.28627452 0.27058825]  ...  [0.23137255 0.21568628 0.19215687]  [0.23137255 0.21568628 0.19215687]  [0.         0.         0.        ]] [[0.         0.         0.        ]  [0.         0.         0.        ]  [0.         0.         0.        ]  ...  [0.         0.         0.        ]  [0.         0.         0.        ]  [0.         0.         0.        ]]]",0.325418081949465,61104,/home/amos/media/tv/The X-Files S01-S11 BluRay 10Bit 1080p Dts-HDMa5 1 HEVC-d3g/The X-Files S08 br 10bit dts hevc-d3g/The.X-Files.S08E07.Via.Negativa.1080p.BluRay.10Bit.Dts-HDMa5.1.HEVC-d3g.mkv702,1080,1920,0,168,422,687,168,131826,0.064,"[[[0.47058824 0.2784314  0.24705882]  [0.4745098  0.2901961  0.2627451 ]  [0.4745098  0.29803923 0.27450982]  ...  [0.09019608 0.05490196 0.02745098]  [0.09019608 0.05490196 0.02745098]  [0.09411765 0.05882353 0.03137255]] [[0.49411765 0.30588236 0.27450982]  [0.50980395 0.32941177 0.3019608 ]  [0.5137255  0.3372549  0.3137255 ]  ...  [0.08627451 0.05098039 0.02352941]  [0.08627451 0.05098039 0.02352941]  [0.08627451 0.05098039 0.02352941]] [[0.52156866 0.33333334 0.30588236]  [0.5372549  0.3529412  0.32941177]  [0.5372549  0.36078432 0.3372549 ]  ...  [0.08627451 0.05098039 0.02352941]  [0.08235294 0.04705882 0.01960784]  [0.08235294 0.04705882 0.01960784]] ... [[0.09803922 0.02352941 0.01960784]  [0.09411765 0.01960784 0.01568628]  [0.09411765 0.01960784 0.01568628]  ...  [0.05882353 0.03137255 0.02745098]  [0.06666667 0.03921569 0.03137255]  [0.07058824 0.04313726 0.03529412]] [[0.09803922 0.02352941 0.01960784]  [0.09803922 0.02352941 0.01960784]  [0.09411765 0.01960784 0.01568628]  ...  [0.05882353 0.03137255 0.02745098]  [0.07058824 0.04313726 0.03529412]  [0.07843138 0.05490196 0.04313726]] [[0.10196079 0.02745098 0.02352941]  [0.09803922 0.02352941 0.01960784]  [0.09803922 0.02352941 0.01960784]  ...  [0.0627451  0.03137255 0.02745098]  [0.07843138 0.04705882 0.03921569]  [0.09019608 0.0627451  0.04705882]]]",1.922170102072414,61200,/home/amos/media/tv/The X-Files S01-S11 BluRay 10Bit 1080p Dts-HDMa5 1 HEVC-d3g/The X-Files S08 br 10bit dts hevc-d3g/The.X-Files.S08E07.Via.Negativa.1080p.BluRay.10Bit.Dts-HDMa5.1.HEVC-d3g.mkv703,1080,1920,0,155,434,666,155,142569,0.069,"[[[0.41568628 0.27058825 0.24313726]  [0.38039216 0.23529412 0.20784314]  [0.3372549  0.19215687 0.16470589]  ...  [0.4117647  0.23529412 0.1882353 ]  [0.4117647  0.23137255 0.1882353 ]  [0.41568628 0.22745098 0.19215687]] [[0.41568628 0.27058825 0.23921569]  [0.38039216 0.23921569 0.20784314]  [0.34509805 0.2        0.17254902]  ...  [0.41568628 0.23921569 0.19215687]  [0.41568628 0.23529412 0.19215687]  [0.41960785 0.23529412 0.19607843]] [[0.40784314 0.2627451  0.23137255]  [0.38039216 0.23529412 0.20392157]  [0.34901962 0.20392157 0.17254902]  ...  [0.41960785 0.24313726 0.19607843]  [0.42352942 0.24705882 0.20392157]  [0.43137255 0.24705882 0.20784314]] ... [[0.10196079 0.02745098 0.01960784]  [0.10196079 0.02352941 0.01960784]  [0.09803922 0.02352941 0.01568628]  ...  [0.30588236 0.25882354 0.24313726]  [0.32941177 0.28235295 0.26666668]  [0.33333334 0.28627452 0.27058825]] [[0.09803922 0.02352941 0.01568628]  [0.09803922 0.02352941 0.01568628]  [0.09411765 0.01960784 0.01176471]  ...  [0.2784314  0.23137255 0.21568628]  [0.29803923 0.2509804  0.23529412]  [0.30980393 0.2627451  0.24705882]] [[0.09411765 0.01960784 0.01176471]  [0.09411765 0.01960784 0.01176471]  [0.09411765 0.01960784 0.01176471]  ...  [0.2509804  0.20392157 0.1882353 ]  [0.27058825 0.22352941 0.20784314]  [0.28627452 0.23921569 0.22352941]]]",2.52536714397138,61224,/home/amos/media/tv/The X-Files S01-S11 BluRay 10Bit 1080p Dts-HDMa5 1 HEVC-d3g/The X-Files S08 br 10bit dts hevc-d3g/The.X-Files.S08E07.Via.Negativa.1080p.BluRay.10Bit.Dts-HDMa5.1.HEVC-d3g.mkv704,1080,1920,0,168,415,692,168,129428,0.062,"[[[0.08627451 0.         0.        ]  [0.09019608 0.         0.        ]  [0.09803922 0.         0.        ]  ...  [0.09411765 0.05490196 0.03529412]  [0.09019608 0.05098039 0.03137255]  [0.09411765 0.05490196 0.03529412]] [[0.09019608 0.         0.        ]  [0.09411765 0.         0.        ]  [0.10196079 0.00392157 0.        ]  ...  [0.09411765 0.05490196 0.03529412]  [0.09411765 0.05490196 0.03137255]  [0.09803922 0.05882353 0.03921569]] [[0.09019608 0.         0.        ]  [0.09803922 0.         0.        ]  [0.10980392 0.00392157 0.        ]  ...  [0.09411765 0.05490196 0.03529412]  [0.09019608 0.05098039 0.03137255]  [0.09411765 0.05490196 0.03529412]] ... [[0.10196079 0.02745098 0.02352941]  [0.10196079 0.02745098 0.02352941]  [0.10196079 0.02352941 0.02352941]  ...  [0.05490196 0.03137255 0.01568628]  [0.04313726 0.01960784 0.00784314]  [0.03137255 0.00784314 0.        ]] [[0.10196079 0.02745098 0.02352941]  [0.10196079 0.02745098 0.02352941]  [0.09803922 0.02352941 0.01960784]  ...  [0.05490196 0.03137255 0.01568628]  [0.04313726 0.01960784 0.00784314]  [0.03529412 0.01176471 0.        ]] [[0.10196079 0.02745098 0.02352941]  [0.09803922 0.02352941 0.01960784]  [0.09803922 0.01960784 0.01960784]  ...  [0.05098039 0.02745098 0.01176471]  [0.04705882 0.02352941 0.00784314]  [0.03921569 0.01568628 0.        ]]]",3.061461975914426,61248,/home/amos/media/tv/The X-Files S01-S11 BluRay 10Bit 1080p Dts-HDMa5 1 HEVC-d3g/The X-Files S08 br 10bit dts hevc-d3g/The.X-Files.S08E07.Via.Negativa.1080p.BluRay.10Bit.Dts-HDMa5.1.HEVC-d3g.mkv705,1080,1920,0,417,129,960,417,156384,0.075,"[[[0.07450981 0.00392157 0.01176471]  [0.08235294 0.01568628 0.01960784]  [0.07843138 0.01568628 0.02745098]  ...  [0.00784314 0.         0.01568628]  [0.00784314 0.         0.01960784]  [0.00784314 0.         0.01960784]] [[0.08627451 0.01568628 0.02352941]  [0.08235294 0.01568628 0.01960784]  [0.07058824 0.00784314 0.01568628]  ...  [0.00784314 0.         0.01568628]  [0.00784314 0.         0.01960784]  [0.00784314 0.         0.02352941]] [[0.08235294 0.01568628 0.01568628]  [0.07450981 0.00784314 0.01176471]  [0.06666667 0.00392157 0.00784314]  ...  [0.00784314 0.         0.01568628]  [0.00784314 0.         0.01960784]  [0.00784314 0.         0.02352941]] ... [[0.14117648 0.11372549 0.11764706]  [0.13725491 0.10588235 0.10588235]  [0.1254902  0.08627451 0.08235294]  ...  [0.03137255 0.01176471 0.01960784]  [0.03137255 0.01176471 0.01960784]  [0.03529412 0.01568628 0.02352941]] [[0.14509805 0.12156863 0.12156863]  [0.14509805 0.11372549 0.11372549]  [0.12941177 0.09411765 0.09411765]  ...  [0.03529412 0.01568628 0.02352941]  [0.03137255 0.01176471 0.01960784]  [0.02745098 0.00784314 0.01568628]] [[0.14509805 0.11764706 0.12156863]  [0.14901961 0.11764706 0.12156863]  [0.14117648 0.10980392 0.10588235]  ...  [0.03529412 0.01568628 0.02352941]  [0.03137255 0.01176471 0.01960784]  [0.02352941 0.00392157 0.01176471]]]",7.836484014755115,61272,/home/amos/media/tv/The X-Files S01-S11 BluRay 10Bit 1080p Dts-HDMa5 1 HEVC-d3g/The X-Files S08 br 10bit dts hevc-d3g/The.X-Files.S08E07.Via.Negativa.1080p.BluRay.10Bit.Dts-HDMa5.1.HEVC-d3g.mkv706,1080,1920,0,168,412,695,168,128588,0.062,"[[[0.22352941 0.09411765 0.09019608]  [0.18039216 0.05882353 0.04705882]  [0.15294118 0.03529412 0.01568628]  ...  [0.09803922 0.0627451  0.03529412]  [0.09411765 0.05882353 0.03137255]  [0.09019608 0.05490196 0.02745098]] [[0.26666668 0.1254902  0.11764706]  [0.22352941 0.09019608 0.07450981]  [0.19215687 0.06666667 0.04313726]  ...  [0.09803922 0.0627451  0.03529412]  [0.09411765 0.05882353 0.03137255]  [0.08627451 0.05098039 0.02352941]] [[0.29803923 0.14901961 0.13725491]  [0.2627451  0.12156863 0.09803922]  [0.23529412 0.09803922 0.07058824]  ...  [0.09803922 0.0627451  0.03529412]  [0.09411765 0.05882353 0.03137255]  [0.08627451 0.05098039 0.02352941]] ... [[0.10196079 0.02745098 0.01960784]  [0.10196079 0.02745098 0.01960784]  [0.10196079 0.02745098 0.01960784]  ...  [0.04313726 0.01568628 0.00392157]  [0.04313726 0.01960784 0.00392157]  [0.04705882 0.02352941 0.00784314]] [[0.10196079 0.02745098 0.01960784]  [0.10196079 0.02745098 0.01960784]  [0.10196079 0.02745098 0.01960784]  ...  [0.03921569 0.01568628 0.        ]  [0.04313726 0.01568628 0.00392157]  [0.04705882 0.02352941 0.00784314]] [[0.10196079 0.02745098 0.01960784]  [0.10196079 0.02745098 0.01960784]  [0.10196079 0.02745098 0.01960784]  ...  [0.04313726 0.01568628 0.        ]  [0.04313726 0.01960784 0.00392157]  [0.04705882 0.02352941 0.00784314]]]",2.793441088346299,61296,/home/amos/media/tv/The X-Files S01-S11 BluRay 10Bit 1080p Dts-HDMa5 1 HEVC-d3g/The X-Files S08 br 10bit dts hevc-d3g/The.X-Files.S08E07.Via.Negativa.1080p.BluRay.10Bit.Dts-HDMa5.1.HEVC-d3g.mkv707,1080,1920,0,173,406,700,173,122791,0.059,"[[[0.25490198 0.12941177 0.12156863]  [0.22745098 0.10196079 0.09411765]  [0.19607843 0.07450981 0.07058824]  ...  [0.10196079 0.0627451  0.03529412]  [0.10196079 0.0627451  0.03137255]  [0.10588235 0.0627451  0.01960784]] [[0.31764707 0.18039216 0.16862746]  [0.28627452 0.14509805 0.13725491]  [0.2509804  0.10980392 0.10588235]  ...  [0.09803922 0.05882353 0.03137255]  [0.09803922 0.05882353 0.02745098]  [0.10196079 0.05882353 0.01568628]] [[0.3882353  0.23137255 0.21960784]  [0.34901962 0.19215687 0.18039216]  [0.30980393 0.15294118 0.14509805]  ...  [0.09411765 0.05882353 0.03137255]  [0.09803922 0.05882353 0.02352941]  [0.10196079 0.05882353 0.01568628]] ... [[0.09803922 0.01960784 0.01568628]  [0.09803922 0.02352941 0.01568628]  [0.09803922 0.02352941 0.01568628]  ...  [0.11764706 0.08235294 0.05490196]  [0.13333334 0.10196079 0.07058824]  [0.14509805 0.10980392 0.07843138]] [[0.10588235 0.03137255 0.02352941]  [0.10196079 0.02745098 0.01960784]  [0.10196079 0.02745098 0.01960784]  ...  [0.13725491 0.10588235 0.06666667]  [0.14901961 0.11764706 0.08235294]  [0.15686275 0.1254902  0.09019608]] [[0.10980392 0.03529412 0.02745098]  [0.10588235 0.03137255 0.02352941]  [0.10196079 0.02745098 0.01960784]  ...  [0.14901961 0.11764706 0.07843138]  [0.16078432 0.13333334 0.09019608]  [0.16862746 0.13725491 0.09803922]]]",3.2595260859816335,61320,/home/amos/media/tv/The X-Files S01-S11 BluRay 10Bit 1080p Dts-HDMa5 1 HEVC-d3g/The X-Files S08 br 10bit dts hevc-d3g/The.X-Files.S08E07.Via.Negativa.1080p.BluRay.10Bit.Dts-HDMa5.1.HEVC-d3g.mkv708,1080,1920,0,171,392,716,171,120445,0.058,"[[[0.41960785 0.23137255 0.15686275]  [0.43529412 0.2509804  0.17254902]  [0.45882353 0.26666668 0.19607843]  ...  [0.11372549 0.07058824 0.03137255]  [0.11372549 0.07058824 0.03137255]  [0.11372549 0.07058824 0.03137255]] [[0.41568628 0.22745098 0.15686275]  [0.43137255 0.24313726 0.16862746]  [0.44705883 0.25490198 0.18431373]  ...  [0.11372549 0.07058824 0.03137255]  [0.11372549 0.07058824 0.03137255]  [0.11372549 0.07058824 0.03137255]] [[0.40784314 0.21960784 0.14901961]  [0.41568628 0.23137255 0.16078432]  [0.43137255 0.24313726 0.1764706 ]  ...  [0.11372549 0.07058824 0.03137255]  [0.11372549 0.07058824 0.03137255]  [0.11372549 0.07058824 0.03137255]] ... [[0.09803922 0.02352941 0.01568628]  [0.09803922 0.02352941 0.01568628]  [0.09411765 0.01960784 0.01176471]  ...  [0.03921569 0.00784314 0.00784314]  [0.03529412 0.00392157 0.00784314]  [0.03529412 0.00392157 0.01176471]] [[0.10980392 0.03529412 0.02745098]  [0.10588235 0.03137255 0.02352941]  [0.10588235 0.02745098 0.01960784]  ...  [0.04313726 0.01176471 0.01176471]  [0.03921569 0.00784314 0.01176471]  [0.03921569 0.00784314 0.01176471]] [[0.11372549 0.03921569 0.03137255]  [0.10980392 0.03529412 0.02745098]  [0.10980392 0.03529412 0.02745098]  ...  [0.04313726 0.01176471 0.01176471]  [0.04313726 0.01176471 0.01176471]  [0.04313726 0.01176471 0.01568628]]]",1.3967430436750874,61344,/home/amos/media/tv/The X-Files S01-S11 BluRay 10Bit 1080p Dts-HDMa5 1 HEVC-d3g/The X-Files S08 br 10bit dts hevc-d3g/The.X-Files.S08E07.Via.Negativa.1080p.BluRay.10Bit.Dts-HDMa5.1.HEVC-d3g.mkv709,1080,1920,0,395,113,967,395,161304,0.078,"[[[0.0627451  0.00784314 0.01960784]  [0.05882353 0.00392157 0.01960784]  [0.05882353 0.00392157 0.01960784]  ...  [0.00784314 0.00392157 0.01568628]  [0.00784314 0.00392157 0.01568628]  [0.00784314 0.00392157 0.01568628]] [[0.05098039 0.         0.00392157]  [0.05098039 0.         0.00784314]  [0.05098039 0.         0.01176471]  ...  [0.00784314 0.00392157 0.01568628]  [0.00784314 0.00392157 0.01568628]  [0.00784314 0.00392157 0.01568628]] [[0.07058824 0.01568628 0.02352941]  [0.0627451  0.01176471 0.01960784]  [0.05882353 0.00392157 0.01960784]  ...  [0.01176471 0.00784314 0.01960784]  [0.00784314 0.00392157 0.01568628]  [0.00784314 0.00392157 0.01568628]] ... [[0.14509805 0.08235294 0.06666667]  [0.1254902  0.0627451  0.04705882]  [0.11764706 0.04705882 0.03529412]  ...  [0.04313726 0.01176471 0.01568628]  [0.03529412 0.01176471 0.01568628]  [0.03137255 0.01176471 0.01176471]] [[0.13333334 0.07450981 0.0627451 ]  [0.11764706 0.05490196 0.04313726]  [0.10980392 0.04705882 0.03137255]  ...  [0.04313726 0.01176471 0.01568628]  [0.03529412 0.00784314 0.01176471]  [0.03529412 0.00784314 0.01176471]] [[0.11372549 0.05882353 0.04705882]  [0.10588235 0.04705882 0.03529412]  [0.11372549 0.05490196 0.03921569]  ...  [0.03529412 0.00392157 0.00784314]  [0.03137255 0.00392157 0.00784314]  [0.03529412 0.00784314 0.01176471]]]",6.799384042446036,61368,/home/amos/media/tv/The X-Files S01-S11 BluRay 10Bit 1080p Dts-HDMa5 1 HEVC-d3g/The X-Files S08 br 10bit dts hevc-d3g/The.X-Files.S08E07.Via.Negativa.1080p.BluRay.10Bit.Dts-HDMa5.1.HEVC-d3g.mkv710,1080,1920,0,435,115,985,435,176000,0.085,"[[[0.07450981 0.01960784 0.01176471]  [0.07058824 0.01960784 0.01176471]  [0.07058824 0.01568628 0.01176471]  ...  [0.00784314 0.         0.00784314]  [0.00784314 0.         0.00784314]  [0.00784314 0.         0.00784314]] [[0.07058824 0.01960784 0.01176471]  [0.07058824 0.01960784 0.01176471]  [0.07058824 0.01568628 0.01176471]  ...  [0.01176471 0.00392157 0.01176471]  [0.01176471 0.00392157 0.01176471]  [0.01176471 0.00392157 0.01176471]] [[0.07058824 0.01960784 0.01176471]  [0.07058824 0.01960784 0.01568628]  [0.06666667 0.01176471 0.00784314]  ...  [0.00784314 0.         0.00784314]  [0.00784314 0.         0.00784314]  [0.00784314 0.         0.00784314]] ... [[0.14509805 0.1254902  0.11372549]  [0.14117648 0.12156863 0.10980392]  [0.14509805 0.1254902  0.11764706]  ...  [0.00784314 0.         0.01568628]  [0.00784314 0.         0.01568628]  [0.00784314 0.         0.01568628]] [[0.13333334 0.11764706 0.10196079]  [0.13725491 0.12156863 0.10196079]  [0.14901961 0.13333334 0.11764706]  ...  [0.00784314 0.         0.01568628]  [0.01176471 0.         0.01568628]  [0.01176471 0.00392157 0.01960784]] [[0.13725491 0.12156863 0.10196079]  [0.14901961 0.13333334 0.11372549]  [0.14509805 0.1254902  0.10980392]  ...  [0.00784314 0.         0.01568628]  [0.00784314 0.         0.01568628]  [0.00784314 0.         0.01568628]]]",6.126376026135404,61392,/home/amos/media/tv/The X-Files S01-S11 BluRay 10Bit 1080p Dts-HDMa5 1 HEVC-d3g/The X-Files S08 br 10bit dts hevc-d3g/The.X-Files.S08E07.Via.Negativa.1080p.BluRay.10Bit.Dts-HDMa5.1.HEVC-d3g.mkv711,1080,1920,0,59,546,888,59,403723,0.195,"[[[0.07450981 0.02745098 0.01568628]  [0.07450981 0.02745098 0.01568628]  [0.07450981 0.03137255 0.01568628]  ...  [0.23921569 0.21176471 0.19215687]  [0.23921569 0.21176471 0.19215687]  [0.23921569 0.21176471 0.19215687]] [[0.07450981 0.02745098 0.01568628]  [0.07450981 0.02745098 0.01568628]  [0.07843138 0.03137255 0.01568628]  ...  [0.23921569 0.21176471 0.19215687]  [0.23921569 0.21176471 0.19215687]  [0.23921569 0.21176471 0.19215687]] [[0.07450981 0.02745098 0.01568628]  [0.07450981 0.02745098 0.01568628]  [0.07843138 0.02745098 0.01568628]  ...  [0.23529412 0.20784314 0.1882353 ]  [0.23529412 0.20784314 0.1882353 ]  [0.23529412 0.20784314 0.1882353 ]] ... [[0.30588236 0.28627452 0.2784314 ]  [0.30588236 0.28627452 0.2784314 ]  [0.30588236 0.28627452 0.2784314 ]  ...  [0.1764706  0.14901961 0.12156863]  [0.17254902 0.14509805 0.12156863]  [0.17254902 0.14509805 0.12156863]] [[0.30588236 0.28627452 0.2784314 ]  [0.30588236 0.28627452 0.2784314 ]  [0.30588236 0.28627452 0.2784314 ]  ...  [0.1764706  0.14901961 0.1254902 ]  [0.17254902 0.14509805 0.12156863]  [0.17254902 0.14509805 0.12156863]] [[0.30588236 0.28627452 0.2784314 ]  [0.30588236 0.28627452 0.2784314 ]  [0.30588236 0.28627452 0.2784314 ]  ...  [0.1764706  0.14901961 0.1254902 ]  [0.17254902 0.14509805 0.12156863]  [0.17254902 0.14509805 0.12156863]]]",2.770504121144768,61416,/home/amos/media/tv/The X-Files S01-S11 BluRay 10Bit 1080p Dts-HDMa5 1 HEVC-d3g/The X-Files S08 br 10bit dts hevc-d3g/The.X-Files.S08E07.Via.Negativa.1080p.BluRay.10Bit.Dts-HDMa5.1.HEVC-d3g.mkv712,1080,1920,0,149,405,723,149,146944,0.071,"[[[0.41568628 0.23921569 0.19607843]  [0.4        0.22745098 0.18431373]  [0.38431373 0.21568628 0.17254902]  ...  [0.10196079 0.06666667 0.02745098]  [0.10980392 0.07450981 0.03529412]  [0.11764706 0.08235294 0.04313726]] [[0.40784314 0.22745098 0.18431373]  [0.39215687 0.21960784 0.1764706 ]  [0.38039216 0.20784314 0.16862746]  ...  [0.09803922 0.0627451  0.02352941]  [0.10588235 0.07058824 0.03137255]  [0.11372549 0.07843138 0.03921569]] [[0.39215687 0.21568628 0.17254902]  [0.38039216 0.20784314 0.16470589]  [0.37254903 0.2        0.16078432]  ...  [0.09411765 0.05882353 0.01960784]  [0.10588235 0.07058824 0.03137255]  [0.11372549 0.07843138 0.03921569]] ... [[0.09803922 0.01176471 0.00784314]  [0.09803922 0.01176471 0.00784314]  [0.09803922 0.01176471 0.00784314]  ...  [0.34901962 0.32156864 0.30980393]  [0.3254902  0.29803923 0.28627452]  [0.30588236 0.2784314  0.27058825]] [[0.09803922 0.01176471 0.00784314]  [0.09803922 0.01176471 0.00784314]  [0.09803922 0.01176471 0.00784314]  ...  [0.34509805 0.31764707 0.30588236]  [0.3137255  0.28627452 0.27450982]  [0.2901961  0.2627451  0.24705882]] [[0.10196079 0.01176471 0.01176471]  [0.10196079 0.01176471 0.01176471]  [0.10196079 0.01176471 0.01176471]  ...  [0.34117648 0.3137255  0.29803923]  [0.30588236 0.2784314  0.2627451 ]  [0.2784314  0.2509804  0.23529412]]]",4.0413789847516455,61440,/home/amos/media/tv/The X-Files S01-S11 BluRay 10Bit 1080p Dts-HDMa5 1 HEVC-d3g/The X-Files S08 br 10bit dts hevc-d3g/The.X-Files.S08E07.Via.Negativa.1080p.BluRay.10Bit.Dts-HDMa5.1.HEVC-d3g.mkv713,1080,1920,0,386,148,1040,386,155652,0.075,"[[[0.04705882 0.         0.00784314]  [0.04705882 0.         0.01176471]  [0.05098039 0.00392157 0.01568628]  ...  [0.01176471 0.00392157 0.01960784]  [0.00784314 0.         0.01568628]  [0.         0.         0.        ]] [[0.04705882 0.         0.00784314]  [0.04705882 0.         0.01568628]  [0.05098039 0.         0.01960784]  ...  [0.01568628 0.00784314 0.02352941]  [0.01568628 0.00784314 0.02352941]  [0.         0.         0.        ]] [[0.08627451 0.03529412 0.03921569]  [0.06666667 0.01568628 0.01960784]  [0.07058824 0.01960784 0.02352941]  ...  [0.00784314 0.         0.01568628]  [0.01176471 0.00392157 0.01960784]  [0.         0.         0.        ]] ... [[0.14509805 0.1254902  0.12941177]  [0.14509805 0.12156863 0.1254902 ]  [0.13333334 0.11372549 0.11764706]  ...  [0.03921569 0.01960784 0.02745098]  [0.03137255 0.01176471 0.01960784]  [0.         0.         0.        ]] [[0.14901961 0.12941177 0.13333334]  [0.15294118 0.13333334 0.13725491]  [0.14509805 0.1254902  0.12941177]  ...  [0.02745098 0.00784314 0.01568628]  [0.03137255 0.00784314 0.01960784]  [0.         0.         0.        ]] [[0.         0.         0.        ]  [0.         0.         0.        ]  [0.         0.         0.        ]  ...  [0.         0.         0.        ]  [0.         0.         0.        ]  [0.         0.         0.        ]]]",6.737051090633031,61512,/home/amos/media/tv/The X-Files S01-S11 BluRay 10Bit 1080p Dts-HDMa5 1 HEVC-d3g/The X-Files S08 br 10bit dts hevc-d3g/The.X-Files.S08E07.Via.Negativa.1080p.BluRay.10Bit.Dts-HDMa5.1.HEVC-d3g.mkv714,1080,1920,0,388,118,1017,388,169830,0.082,"[[[0.04313726 0.         0.00392157]  [0.04313726 0.00392157 0.00392157]  [0.04705882 0.00392157 0.00784314]  ...  [0.01176471 0.00392157 0.01960784]  [0.00784314 0.         0.01568628]  [0.         0.         0.        ]] [[0.04705882 0.         0.00392157]  [0.03921569 0.         0.        ]  [0.04705882 0.         0.00392157]  ...  [0.01176471 0.00392157 0.01960784]  [0.00784314 0.         0.01568628]  [0.         0.         0.        ]] [[0.07058824 0.01568628 0.02352941]  [0.05490196 0.00392157 0.00784314]  [0.05882353 0.00392157 0.01176471]  ...  [0.00784314 0.         0.01568628]  [0.00784314 0.         0.01568628]  [0.         0.         0.        ]] ... [[0.1254902  0.0627451  0.05490196]  [0.10980392 0.04313726 0.03137255]  [0.10980392 0.03921569 0.02352941]  ...  [0.02745098 0.00784314 0.00784314]  [0.02745098 0.00784314 0.00784314]  [0.         0.         0.        ]] [[0.12941177 0.06666667 0.05882353]  [0.11764706 0.05098039 0.03921569]  [0.09803922 0.02745098 0.01176471]  ...  [0.03137255 0.00784314 0.00784314]  [0.02745098 0.00784314 0.00784314]  [0.         0.         0.        ]] [[0.         0.         0.        ]  [0.         0.         0.        ]  [0.         0.         0.        ]  ...  [0.         0.         0.        ]  [0.         0.         0.        ]  [0.         0.         0.        ]]]",5.0289490556460805,61536,/home/amos/media/tv/The X-Files S01-S11 BluRay 10Bit 1080p Dts-HDMa5 1 HEVC-d3g/The X-Files S08 br 10bit dts hevc-d3g/The.X-Files.S08E07.Via.Negativa.1080p.BluRay.10Bit.Dts-HDMa5.1.HEVC-d3g.mkv715,1080,1920,0,410,106,994,410,177536,0.086,"[[[0.07450981 0.00784314 0.01176471]  [0.05882353 0.         0.        ]  [0.05882353 0.         0.00392157]  ...  [0.00784314 0.         0.01568628]  [0.00784314 0.         0.01568628]  [0.00784314 0.         0.01568628]] [[0.07058824 0.00392157 0.00784314]  [0.06666667 0.00392157 0.00784314]  [0.07058824 0.00784314 0.01176471]  ...  [0.00784314 0.         0.01568628]  [0.00784314 0.         0.01568628]  [0.00784314 0.         0.01568628]] [[0.10196079 0.03529412 0.03921569]  [0.11372549 0.05098039 0.05490196]  [0.10980392 0.04705882 0.05098039]  ...  [0.00784314 0.         0.01568628]  [0.00392157 0.         0.01176471]  [0.00784314 0.         0.01568628]] ... [[0.1254902  0.09019608 0.07843138]  [0.10196079 0.0627451  0.04313726]  [0.11764706 0.07058824 0.05490196]  ...  [0.03137255 0.01176471 0.01960784]  [0.02745098 0.00784314 0.01568628]  [0.02745098 0.00784314 0.01176471]] [[0.12941177 0.09019608 0.07843138]  [0.12156863 0.08235294 0.06666667]  [0.11372549 0.06666667 0.05098039]  ...  [0.03529412 0.01568628 0.01960784]  [0.03529412 0.01568628 0.01960784]  [0.02745098 0.00784314 0.01176471]] [[0.13725491 0.09803922 0.09411765]  [0.14901961 0.10980392 0.10196079]  [0.11372549 0.06666667 0.05490196]  ...  [0.03137255 0.01176471 0.01176471]  [0.02745098 0.00784314 0.01176471]  [0.02745098 0.00784314 0.00784314]]]",6.375564019894227,61560,/home/amos/media/tv/The X-Files S01-S11 BluRay 10Bit 1080p Dts-HDMa5 1 HEVC-d3g/The X-Files S08 br 10bit dts hevc-d3g/The.X-Files.S08E07.Via.Negativa.1080p.BluRay.10Bit.Dts-HDMa5.1.HEVC-d3g.mkv716,1080,1920,0,74,146,639,74,40680,0.02,"[[[0.14117648 0.05098039 0.02745098]  [0.14117648 0.05098039 0.02745098]  [0.14509805 0.05490196 0.03137255]  ...  [0.3019608  0.16470589 0.12156863]  [0.3019608  0.16470589 0.12156863]  [0.3019608  0.16470589 0.12156863]] [[0.14117648 0.05098039 0.02745098]  [0.14117648 0.05098039 0.02745098]  [0.14117648 0.05490196 0.03137255]  ...  [0.3019608  0.16470589 0.12156863]  [0.3019608  0.16470589 0.12156863]  [0.3019608  0.16470589 0.12156863]] [[0.13725491 0.04705882 0.02352941]  [0.13725491 0.04705882 0.02352941]  [0.13725491 0.04705882 0.02745098]  ...  [0.30588236 0.16862746 0.12156863]  [0.30588236 0.16862746 0.1254902 ]  [0.30588236 0.16862746 0.1254902 ]] ... [[0.12156863 0.01960784 0.01568628]  [0.12156863 0.01960784 0.01568628]  [0.11764706 0.01568628 0.01176471]  ...  [0.2627451  0.11764706 0.09803922]  [0.26666668 0.12156863 0.09803922]  [0.26666668 0.12156863 0.09803922]] [[0.12941177 0.02352941 0.01960784]  [0.12941177 0.02352941 0.01960784]  [0.1254902  0.02352941 0.01960784]  ...  [0.26666668 0.12156863 0.10196079]  [0.27058825 0.1254902  0.10196079]  [0.27058825 0.1254902  0.10196079]] [[0.12941177 0.02352941 0.01960784]  [0.12941177 0.02352941 0.01960784]  [0.1254902  0.02352941 0.01960784]  ...  [0.26666668 0.12156863 0.10196079]  [0.27058825 0.1254902  0.10196079]  [0.27058825 0.1254902  0.10196079]]]",3.6428780724527314,61584,/home/amos/media/tv/The X-Files S01-S11 BluRay 10Bit 1080p Dts-HDMa5 1 HEVC-d3g/The X-Files S08 br 10bit dts hevc-d3g/The.X-Files.S08E07.Via.Negativa.1080p.BluRay.10Bit.Dts-HDMa5.1.HEVC-d3g.mkv717,1080,1920,0,172,285,601,172,48477,0.023,"[[[0.3137255  0.15686275 0.1254902 ]  [0.3254902  0.16862746 0.14117648]  [0.33333334 0.18039216 0.15686275]  ...  [0.09411765 0.0627451  0.04313726]  [0.09803922 0.0627451  0.04705882]  [0.09411765 0.05882353 0.04313726]] [[0.3019608  0.14509805 0.11764706]  [0.3137255  0.16078432 0.13333334]  [0.32156864 0.17254902 0.14509805]  ...  [0.09411765 0.05882353 0.04313726]  [0.09411765 0.05882353 0.04313726]  [0.09411765 0.05882353 0.04313726]] [[0.28627452 0.13725491 0.10980392]  [0.29803923 0.14901961 0.12156863]  [0.30980393 0.16078432 0.13333334]  ...  [0.09411765 0.05882353 0.04313726]  [0.09411765 0.05882353 0.04313726]  [0.09411765 0.05882353 0.04313726]] ... [[0.07450981 0.01176471 0.00784314]  [0.07450981 0.00784314 0.00784314]  [0.07450981 0.00784314 0.00392157]  ...  [0.20784314 0.18039216 0.16470589]  [0.1764706  0.14901961 0.12941177]  [0.14509805 0.11372549 0.09803922]] [[0.07450981 0.01176471 0.00784314]  [0.07450981 0.01176471 0.00784314]  [0.07450981 0.01176471 0.00784314]  ...  [0.19607843 0.16862746 0.15294118]  [0.16078432 0.13333334 0.11764706]  [0.12941177 0.10196079 0.08235294]] [[0.07450981 0.01176471 0.00784314]  [0.07450981 0.01176471 0.00784314]  [0.07450981 0.01176471 0.00784314]  ...  [0.18039216 0.15686275 0.13725491]  [0.14901961 0.12156863 0.10588235]  [0.12156863 0.09019608 0.07450981]]]",2.843662017432507,61608,/home/amos/media/tv/The X-Files S01-S11 BluRay 10Bit 1080p Dts-HDMa5 1 HEVC-d3g/The X-Files S08 br 10bit dts hevc-d3g/The.X-Files.S08E07.Via.Negativa.1080p.BluRay.10Bit.Dts-HDMa5.1.HEVC-d3g.mkv718,1080,1920,0,394,111,951,394,157631,0.076,"[[[0.07843138 0.01568628 0.02352941]  [0.0627451  0.00784314 0.01568628]  [0.06666667 0.01176471 0.01960784]  ...  [0.00784314 0.         0.01568628]  [0.01176471 0.00392157 0.01960784]  [0.01176471 0.00392157 0.01568628]] [[0.08235294 0.02352941 0.03137255]  [0.06666667 0.01176471 0.02352941]  [0.05098039 0.         0.00784314]  ...  [0.00784314 0.         0.01568628]  [0.01176471 0.00392157 0.01960784]  [0.01176471 0.00392157 0.01568628]] [[0.07058824 0.01176471 0.01960784]  [0.0627451  0.01568628 0.02352941]  [0.06666667 0.01960784 0.02745098]  ...  [0.00784314 0.         0.01568628]  [0.00784314 0.         0.01568628]  [0.00784314 0.         0.01176471]] ... [[0.14509805 0.10980392 0.11372549]  [0.14901961 0.10588235 0.11372549]  [0.14509805 0.10196079 0.10980392]  ...  [0.04705882 0.01568628 0.01960784]  [0.04705882 0.01568628 0.01960784]  [0.03921569 0.00784314 0.01176471]] [[0.13333334 0.09803922 0.10588235]  [0.15686275 0.10980392 0.13333334]  [0.15294118 0.10588235 0.12941177]  ...  [0.05490196 0.02352941 0.02745098]  [0.04313726 0.01176471 0.01568628]  [0.03921569 0.01176471 0.01568628]] [[0.14509805 0.11372549 0.1254902 ]  [0.14509805 0.10980392 0.12941177]  [0.14901961 0.10980392 0.12941177]  ...  [0.04705882 0.01568628 0.01960784]  [0.04313726 0.01176471 0.01960784]  [0.03921569 0.00784314 0.01176471]]]",4.693008059577551,61656,/home/amos/media/tv/The X-Files S01-S11 BluRay 10Bit 1080p Dts-HDMa5 1 HEVC-d3g/The X-Files S08 br 10bit dts hevc-d3g/The.X-Files.S08E07.Via.Negativa.1080p.BluRay.10Bit.Dts-HDMa5.1.HEVC-d3g.mkv719,1080,1920,0,392,110,954,392,158484,0.076,"[[[0.05882353 0.00784314 0.01176471]  [0.05490196 0.00784314 0.01176471]  [0.05490196 0.00784314 0.01176471]  ...  [0.00784314 0.         0.01568628]  [0.00784314 0.00392157 0.01568628]  [0.00784314 0.         0.01568628]] [[0.05882353 0.00392157 0.00784314]  [0.05882353 0.00784314 0.01176471]  [0.05490196 0.00392157 0.01176471]  ...  [0.01176471 0.00392157 0.01960784]  [0.01176471 0.00784314 0.01960784]  [0.01176471 0.00392157 0.01960784]] [[0.0627451  0.00392157 0.01176471]  [0.06666667 0.01176471 0.01568628]  [0.05882353 0.00784314 0.01568628]  ...  [0.01176471 0.00392157 0.01960784]  [0.01176471 0.00784314 0.01960784]  [0.01176471 0.00392157 0.01960784]] ... [[0.12156863 0.09803922 0.09803922]  [0.1254902  0.09803922 0.09803922]  [0.13333334 0.10588235 0.10196079]  ...  [0.04705882 0.01568628 0.01960784]  [0.04313726 0.01176471 0.01568628]  [0.04313726 0.01176471 0.01568628]] [[0.12156863 0.10588235 0.10588235]  [0.11764706 0.10196079 0.10196079]  [0.12156863 0.09411765 0.09411765]  ...  [0.04705882 0.01568628 0.01960784]  [0.03921569 0.00784314 0.01176471]  [0.04313726 0.01176471 0.01176471]] [[0.13333334 0.11372549 0.11372549]  [0.1254902  0.10588235 0.10588235]  [0.12941177 0.10588235 0.10588235]  ...  [0.04313726 0.01176471 0.01568628]  [0.03921569 0.00784314 0.01176471]  [0.04313726 0.01176471 0.01568628]]]",3.861714123224374,61680,/home/amos/media/tv/The X-Files S01-S11 BluRay 10Bit 1080p Dts-HDMa5 1 HEVC-d3g/The X-Files S08 br 10bit dts hevc-d3g/The.X-Files.S08E07.Via.Negativa.1080p.BluRay.10Bit.Dts-HDMa5.1.HEVC-d3g.mkv720,1080,1920,0,405,109,949,405,161024,0.078,"[[[0.07450981 0.00784314 0.01568628]  [0.07058824 0.00392157 0.01176471]  [0.05882353 0.00784314 0.01176471]  ...  [0.01176471 0.00392157 0.01960784]  [0.00784314 0.         0.01568628]  [0.         0.         0.        ]] [[0.06666667 0.         0.00392157]  [0.06666667 0.         0.00392157]  [0.06666667 0.00784314 0.01176471]  ...  [0.01176471 0.00392157 0.01960784]  [0.00784314 0.         0.01568628]  [0.         0.         0.        ]] [[0.07450981 0.00784314 0.00784314]  [0.07058824 0.00392157 0.00784314]  [0.06666667 0.00392157 0.00784314]  ...  [0.00784314 0.         0.01568628]  [0.00784314 0.         0.01568628]  [0.         0.         0.        ]] ... [[0.14117648 0.1254902  0.12941177]  [0.13333334 0.11372549 0.11764706]  [0.14117648 0.11372549 0.12156863]  ...  [0.04313726 0.01176471 0.02352941]  [0.04313726 0.01176471 0.02352941]  [0.         0.         0.        ]] [[0.13725491 0.12156863 0.1254902 ]  [0.13725491 0.11372549 0.12156863]  [0.14117648 0.10980392 0.12156863]  ...  [0.03529412 0.00392157 0.01568628]  [0.03921569 0.00784314 0.01960784]  [0.         0.         0.        ]] [[0.         0.         0.        ]  [0.         0.         0.        ]  [0.         0.         0.        ]  ...  [0.         0.         0.        ]  [0.         0.         0.        ]  [0.         0.         0.        ]]]",7.9089940169942565,61704,/home/amos/media/tv/The X-Files S01-S11 BluRay 10Bit 1080p Dts-HDMa5 1 HEVC-d3g/The X-Files S08 br 10bit dts hevc-d3g/The.X-Files.S08E07.Via.Negativa.1080p.BluRay.10Bit.Dts-HDMa5.1.HEVC-d3g.mkv721,1080,1920,0,119,165,862,119,34178,0.016,"[[[0.11764706 0.05098039 0.02745098]  [0.12156863 0.05490196 0.03137255]  [0.12941177 0.0627451  0.03921569]  ...  [0.38039216 0.22745098 0.2       ]  [0.37254903 0.21960784 0.19215687]  [0.36862746 0.21568628 0.1882353 ]] [[0.12156863 0.05098039 0.02745098]  [0.1254902  0.05490196 0.03529412]  [0.13333334 0.0627451  0.03921569]  ...  [0.38039216 0.22745098 0.2       ]  [0.3764706  0.22352941 0.19607843]  [0.37254903 0.21960784 0.19215687]] [[0.1254902  0.05490196 0.03137255]  [0.12941177 0.05882353 0.03529412]  [0.13333334 0.06666667 0.04313726]  ...  [0.38431373 0.23137255 0.20392157]  [0.38039216 0.22745098 0.2       ]  [0.3764706  0.22352941 0.19607843]] ... [[0.08235294 0.01960784 0.01568628]  [0.08235294 0.01960784 0.01568628]  [0.07843138 0.01568628 0.01176471]  ...  [0.2784314  0.15294118 0.12941177]  [0.28627452 0.16078432 0.13725491]  [0.29411766 0.16862746 0.14509805]] [[0.08235294 0.01960784 0.01568628]  [0.08235294 0.01568628 0.01176471]  [0.07843138 0.01176471 0.00784314]  ...  [0.27450982 0.14901961 0.1254902 ]  [0.28627452 0.16078432 0.13725491]  [0.29411766 0.16862746 0.14509805]] [[0.08627451 0.01960784 0.01568628]  [0.08235294 0.01568628 0.01176471]  [0.07843138 0.01176471 0.00784314]  ...  [0.27450982 0.14901961 0.1254902 ]  [0.28627452 0.16078432 0.13725491]  [0.29411766 0.16862746 0.14509805]]]",5.568155185435899,61896,/home/amos/media/tv/The X-Files S01-S11 BluRay 10Bit 1080p Dts-HDMa5 1 HEVC-d3g/The X-Files S08 br 10bit dts hevc-d3g/The.X-Files.S08E07.Via.Negativa.1080p.BluRay.10Bit.Dts-HDMa5.1.HEVC-d3g.mkv722,1080,1920,0,599,40,775,599,98384,0.047,"[[[0.04313726 0.00392157 0.01960784]  [0.04313726 0.00392157 0.01960784]  [0.04705882 0.00392157 0.02352941]  ...  [0.01568628 0.00784314 0.03137255]  [0.02352941 0.01960784 0.04313726]  [0.01568628 0.00784314 0.03137255]] [[0.04313726 0.00784314 0.02352941]  [0.04313726 0.00392157 0.01960784]  [0.04313726 0.00392157 0.01960784]  ...  [0.01960784 0.01176471 0.03137255]  [0.00392157 0.         0.01960784]  [0.01176471 0.00392157 0.02745098]] [[0.05098039 0.01176471 0.02745098]  [0.04705882 0.00784314 0.02352941]  [0.04313726 0.00392157 0.01960784]  ...  [0.00784314 0.         0.02352941]  [0.01176471 0.00392157 0.02745098]  [0.00784314 0.         0.02352941]] ... [[0.14117648 0.07450981 0.07058824]  [0.1254902  0.05490196 0.05098039]  [0.12156863 0.04705882 0.04313726]  ...  [0.02352941 0.00392157 0.01960784]  [0.04313726 0.01960784 0.03921569]  [0.02745098 0.00392157 0.02352941]] [[0.15294118 0.09411765 0.08627451]  [0.13725491 0.07450981 0.06666667]  [0.14117648 0.07058824 0.06666667]  ...  [0.03137255 0.00784314 0.02745098]  [0.03137255 0.00784314 0.02745098]  [0.02745098 0.00392157 0.02352941]] [[0.16470589 0.10588235 0.09803922]  [0.13725491 0.07843138 0.07058824]  [0.14901961 0.08627451 0.07450981]  ...  [0.02745098 0.00392157 0.02352941]  [0.03529412 0.01176471 0.03137255]  [0.02745098 0.00392157 0.02352941]]]",4.172437090834137,61968,/home/amos/media/tv/The X-Files S01-S11 BluRay 10Bit 1080p Dts-HDMa5 1 HEVC-d3g/The X-Files S08 br 10bit dts hevc-d3g/The.X-Files.S08E07.Via.Negativa.1080p.BluRay.10Bit.Dts-HDMa5.1.HEVC-d3g.mkv723,1080,1920,0,117,177,831,117,42840,0.021,"[[[0.14901961 0.09019608 0.07058824]  [0.14509805 0.08627451 0.06666667]  [0.14117648 0.08235294 0.0627451 ]  ...  [0.38431373 0.23137255 0.20784314]  [0.37254903 0.21960784 0.19607843]  [0.3647059  0.21176471 0.1882353 ]] [[0.14509805 0.08627451 0.06666667]  [0.14509805 0.08627451 0.0627451 ]  [0.13725491 0.07843138 0.05882353]  ...  [0.3882353  0.23137255 0.21176471]  [0.3764706  0.21960784 0.19607843]  [0.36862746 0.21176471 0.1882353 ]] [[0.13725491 0.07843138 0.05882353]  [0.13725491 0.07843138 0.05882353]  [0.13333334 0.07450981 0.05490196]  ...  [0.39607844 0.23921569 0.21568628]  [0.38039216 0.22352941 0.2       ]  [0.37254903 0.21568628 0.19607843]] ... [[0.09411765 0.02352941 0.02352941]  [0.09411765 0.02352941 0.02352941]  [0.09411765 0.01960784 0.02352941]  ...  [0.27450982 0.15294118 0.1254902 ]  [0.26666668 0.14509805 0.11764706]  [0.2627451  0.14117648 0.11372549]] [[0.09803922 0.02745098 0.02745098]  [0.09411765 0.02745098 0.02745098]  [0.09411765 0.02352941 0.02745098]  ...  [0.26666668 0.14509805 0.11764706]  [0.2627451  0.13725491 0.11372549]  [0.25882354 0.13725491 0.10980392]] [[0.09803922 0.03137255 0.02745098]  [0.09803922 0.03137255 0.02745098]  [0.09411765 0.02745098 0.02745098]  ...  [0.2627451  0.14117648 0.11372549]  [0.25882354 0.13725491 0.10980392]  [0.25490198 0.13333334 0.10588235]]]",2.01247114589205,62304,/home/amos/media/tv/The X-Files S01-S11 BluRay 10Bit 1080p Dts-HDMa5 1 HEVC-d3g/The X-Files S08 br 10bit dts hevc-d3g/The.X-Files.S08E07.Via.Negativa.1080p.BluRay.10Bit.Dts-HDMa5.1.HEVC-d3g.mkv724,1080,1920,0,123,154,837,123,22134,0.011,"[[[0.13725491 0.07058824 0.04705882]  [0.13725491 0.07058824 0.05098039]  [0.14117648 0.07843138 0.05490196]  ...  [0.3764706  0.21960784 0.19607843]  [0.3764706  0.21960784 0.19607843]  [0.3764706  0.21960784 0.19607843]] [[0.13333334 0.06666667 0.04313726]  [0.13333334 0.06666667 0.04313726]  [0.13333334 0.07058824 0.04705882]  ...  [0.37254903 0.21568628 0.19215687]  [0.37254903 0.21568628 0.19215687]  [0.36862746 0.21176471 0.1882353 ]] [[0.1254902  0.05882353 0.03529412]  [0.1254902  0.05882353 0.03529412]  [0.1254902  0.0627451  0.03921569]  ...  [0.36862746 0.21176471 0.1882353 ]  [0.36078432 0.20392157 0.18039216]  [0.35686275 0.20392157 0.18039216]] ... [[0.13725491 0.05098039 0.03529412]  [0.13725491 0.05098039 0.03921569]  [0.13725491 0.05098039 0.04313726]  ...  [0.3137255  0.18039216 0.15686275]  [0.30588236 0.17254902 0.14901961]  [0.3019608  0.16862746 0.14509805]] [[0.14901961 0.05882353 0.03921569]  [0.14509805 0.05882353 0.04313726]  [0.14509805 0.05882353 0.04313726]  ...  [0.3254902  0.19215687 0.16862746]  [0.3137255  0.18039216 0.15686275]  [0.30980393 0.1764706  0.15294118]] [[0.15294118 0.0627451  0.04313726]  [0.14901961 0.0627451  0.04313726]  [0.14901961 0.0627451  0.04705882]  ...  [0.32941177 0.19607843 0.17254902]  [0.31764707 0.18431373 0.16078432]  [0.3137255  0.18039216 0.15686275]]]",2.6295900406548753,62352,/home/amos/media/tv/The X-Files S01-S11 BluRay 10Bit 1080p Dts-HDMa5 1 HEVC-d3g/The X-Files S08 br 10bit dts hevc-d3g/The.X-Files.S08E07.Via.Negativa.1080p.BluRay.10Bit.Dts-HDMa5.1.HEVC-d3g.mkv725,1080,1920,0,538,51,793,538,124185,0.06,"[[[0.05098039 0.00784314 0.01960784]  [0.05098039 0.00784314 0.01960784]  [0.04313726 0.00392157 0.01960784]  ...  [0.01176471 0.00392157 0.01960784]  [0.00784314 0.         0.01568628]  [0.00784314 0.         0.01568628]] [[0.04705882 0.00392157 0.01568628]  [0.04313726 0.         0.01176471]  [0.04705882 0.00784314 0.02352941]  ...  [0.01176471 0.00392157 0.01960784]  [0.00784314 0.         0.01568628]  [0.00784314 0.         0.01568628]] [[0.05098039 0.00784314 0.01960784]  [0.04313726 0.00392157 0.01568628]  [0.04705882 0.00784314 0.02352941]  ...  [0.00784314 0.         0.01568628]  [0.00784314 0.         0.01568628]  [0.00784314 0.         0.01568628]] ... [[0.11372549 0.05490196 0.03137255]  [0.15686275 0.10196079 0.07450981]  [0.14117648 0.07843138 0.05882353]  ...  [0.03921569 0.01960784 0.02745098]  [0.03921569 0.01960784 0.02745098]  [0.03529412 0.01568628 0.02352941]] [[0.11764706 0.06666667 0.05490196]  [0.12941177 0.07843138 0.06666667]  [0.14509805 0.08627451 0.07843138]  ...  [0.03921569 0.01960784 0.02745098]  [0.03529412 0.01568628 0.02352941]  [0.03529412 0.01568628 0.02352941]] [[0.11764706 0.06666667 0.05490196]  [0.12156863 0.07058824 0.05882353]  [0.13333334 0.07450981 0.06666667]  ...  [0.03529412 0.01568628 0.02352941]  [0.03921569 0.01960784 0.02745098]  [0.03529412 0.01568628 0.01960784]]]",6.836839018797036,62400,/home/amos/media/tv/The X-Files S01-S11 BluRay 10Bit 1080p Dts-HDMa5 1 HEVC-d3g/The X-Files S08 br 10bit dts hevc-d3g/The.X-Files.S08E07.Via.Negativa.1080p.BluRay.10Bit.Dts-HDMa5.1.HEVC-d3g.mkv726,1080,1920,0,589,109,775,589,89280,0.043,"[[[0.04705882 0.00784314 0.00784314]  [0.04705882 0.00784314 0.00784314]  [0.04705882 0.00784314 0.01568628]  ...  [0.00784314 0.         0.01568628]  [0.00784314 0.         0.01568628]  [0.00784314 0.         0.01568628]] [[0.07450981 0.03137255 0.03921569]  [0.05490196 0.01568628 0.02352941]  [0.05882353 0.01960784 0.02352941]  ...  [0.01176471 0.00392157 0.01960784]  [0.01176471 0.00392157 0.01960784]  [0.01176471 0.00392157 0.01960784]] [[0.05490196 0.01568628 0.01960784]  [0.05490196 0.01176471 0.01960784]  [0.07058824 0.02745098 0.03529412]  ...  [0.01176471 0.00392157 0.01960784]  [0.01176471 0.00392157 0.01960784]  [0.01176471 0.00392157 0.01960784]] ... [[0.10980392 0.09019608 0.08235294]  [0.10980392 0.09019608 0.08235294]  [0.12156863 0.10196079 0.09411765]  ...  [0.02352941 0.00784314 0.01960784]  [0.03137255 0.01568628 0.02745098]  [0.03137255 0.01176471 0.03137255]] [[0.10196079 0.08235294 0.07450981]  [0.1254902  0.10196079 0.09411765]  [0.1254902  0.10588235 0.09803922]  ...  [0.02745098 0.01176471 0.02352941]  [0.01960784 0.         0.01568628]  [0.03529412 0.01568628 0.03529412]] [[0.10588235 0.09019608 0.07843138]  [0.11372549 0.09411765 0.08627451]  [0.10980392 0.09019608 0.08235294]  ...  [0.02745098 0.01176471 0.02352941]  [0.02352941 0.00392157 0.01960784]  [0.02745098 0.00784314 0.02745098]]]",8.086406018410344,62496,/home/amos/media/tv/The X-Files S01-S11 BluRay 10Bit 1080p Dts-HDMa5 1 HEVC-d3g/The X-Files S08 br 10bit dts hevc-d3g/The.X-Files.S08E07.Via.Negativa.1080p.BluRay.10Bit.Dts-HDMa5.1.HEVC-d3g.mkv727,1080,1920,0,568,61,793,568,114075,0.055,"[[[0.04313726 0.         0.01568628]  [0.04313726 0.         0.01568628]  [0.03921569 0.         0.01568628]  ...  [0.01176471 0.00392157 0.01960784]  [0.01176471 0.00392157 0.01960784]  [0.         0.         0.        ]] [[0.04705882 0.00392157 0.01960784]  [0.04313726 0.         0.01568628]  [0.03921569 0.         0.01568628]  ...  [0.00784314 0.         0.01568628]  [0.01176471 0.00392157 0.01960784]  [0.         0.         0.        ]] [[0.04705882 0.00392157 0.01960784]  [0.04705882 0.00392157 0.01960784]  [0.03921569 0.         0.00784314]  ...  [0.00784314 0.         0.01568628]  [0.00784314 0.         0.01568628]  [0.         0.         0.        ]] ... [[0.07843138 0.01960784 0.02745098]  [0.10588235 0.04313726 0.05490196]  [0.08627451 0.01568628 0.02352941]  ...  [0.03529412 0.01176471 0.02352941]  [0.03137255 0.00784314 0.01960784]  [0.         0.         0.        ]] [[0.07058824 0.01568628 0.02352941]  [0.09803922 0.03137255 0.04705882]  [0.10588235 0.03921569 0.04705882]  ...  [0.02745098 0.00392157 0.01568628]  [0.03529412 0.01176471 0.02352941]  [0.         0.         0.        ]] [[0.         0.         0.        ]  [0.         0.         0.        ]  [0.         0.         0.        ]  ...  [0.         0.         0.        ]  [0.         0.         0.        ]  [0.         0.         0.        ]]]",6.884368068014737,62760,/home/amos/media/tv/The X-Files S01-S11 BluRay 10Bit 1080p Dts-HDMa5 1 HEVC-d3g/The X-Files S08 br 10bit dts hevc-d3g/The.X-Files.S08E07.Via.Negativa.1080p.BluRay.10Bit.Dts-HDMa5.1.HEVC-d3g.mkv728,1080,1920,0,562,59,793,562,116193,0.056,"[[[0.03921569 0.00784314 0.01960784]  [0.03921569 0.00784314 0.01960784]  [0.03529412 0.00392157 0.01568628]  ...  [0.01568628 0.00784314 0.02352941]  [0.01176471 0.00392157 0.01960784]  [0.00784314 0.         0.01568628]] [[0.03529412 0.00392157 0.01568628]  [0.03529412 0.00392157 0.01568628]  [0.03529412 0.00392157 0.01568628]  ...  [0.01568628 0.00784314 0.02352941]  [0.00784314 0.         0.01568628]  [0.00784314 0.         0.01568628]] [[0.04313726 0.00784314 0.01960784]  [0.03529412 0.         0.01176471]  [0.04313726 0.00392157 0.01568628]  ...  [0.01568628 0.00784314 0.02352941]  [0.00784314 0.         0.01568628]  [0.00784314 0.         0.01568628]] ... [[0.09803922 0.03921569 0.03137255]  [0.09411765 0.03529412 0.02745098]  [0.08235294 0.02352941 0.01568628]  ...  [0.03137255 0.00784314 0.02352941]  [0.03921569 0.01568628 0.03137255]  [0.03921569 0.01568628 0.03137255]] [[0.10588235 0.05490196 0.04313726]  [0.09803922 0.03921569 0.03137255]  [0.10196079 0.04313726 0.03529412]  ...  [0.03137255 0.00784314 0.01960784]  [0.03921569 0.01568628 0.02745098]  [0.03529412 0.01176471 0.02745098]] [[0.09803922 0.04705882 0.03921569]  [0.10196079 0.05098039 0.04313726]  [0.09411765 0.03529412 0.02745098]  ...  [0.04313726 0.02352941 0.03137255]  [0.03921569 0.01568628 0.02745098]  [0.03529412 0.01176471 0.02352941]]]",3.2502260681358166,62784,/home/amos/media/tv/The X-Files S01-S11 BluRay 10Bit 1080p Dts-HDMa5 1 HEVC-d3g/The X-Files S08 br 10bit dts hevc-d3g/The.X-Files.S08E07.Via.Negativa.1080p.BluRay.10Bit.Dts-HDMa5.1.HEVC-d3g.mkv729,1080,1920,0,567,60,762,567,98865,0.048,"[[[0.04705882 0.00784314 0.01960784]  [0.03921569 0.         0.01176471]  [0.03529412 0.         0.01960784]  ...  [0.01176471 0.00392157 0.01960784]  [0.01176471 0.00392157 0.01960784]  [0.01176471 0.00392157 0.01960784]] [[0.07058824 0.03137255 0.04313726]  [0.06666667 0.02745098 0.04313726]  [0.05882353 0.01568628 0.03529412]  ...  [0.00784314 0.         0.01568628]  [0.01176471 0.00392157 0.01960784]  [0.01176471 0.00392157 0.01960784]] [[0.04313726 0.00392157 0.01568628]  [0.04705882 0.00784314 0.01960784]  [0.03921569 0.00392157 0.01568628]  ...  [0.01176471 0.00392157 0.01960784]  [0.01176471 0.00392157 0.01960784]  [0.01176471 0.00392157 0.01960784]] ... [[0.10196079 0.07450981 0.05490196]  [0.1254902  0.09411765 0.07450981]  [0.10588235 0.07058824 0.05882353]  ...  [0.04313726 0.01960784 0.03137255]  [0.03921569 0.01568628 0.02745098]  [0.03921569 0.01568628 0.02745098]] [[0.10980392 0.08627451 0.07058824]  [0.11372549 0.09019608 0.07450981]  [0.11372549 0.09019608 0.07058824]  ...  [0.02745098 0.00392157 0.01568628]  [0.03529412 0.01568628 0.02745098]  [0.04705882 0.02352941 0.03529412]] [[0.10588235 0.08627451 0.07450981]  [0.10588235 0.08627451 0.07450981]  [0.11764706 0.09019608 0.07450981]  ...  [0.03529412 0.01176471 0.02352941]  [0.04313726 0.01960784 0.03137255]  [0.03921569 0.01568628 0.02745098]]]",6.171762022946496,62808,/home/amos/media/tv/The X-Files S01-S11 BluRay 10Bit 1080p Dts-HDMa5 1 HEVC-d3g/The X-Files S08 br 10bit dts hevc-d3g/The.X-Files.S08E07.Via.Negativa.1080p.BluRay.10Bit.Dts-HDMa5.1.HEVC-d3g.mkv730,1080,1920,0,588,60,771,588,96624,0.047,"[[[0.04705882 0.00784314 0.02352941]  [0.04705882 0.00392157 0.01960784]  [0.05098039 0.00784314 0.02745098]  ...  [0.01176471 0.00392157 0.01960784]  [0.00784314 0.         0.01568628]  [0.00784314 0.         0.01568628]] [[0.03921569 0.         0.01568628]  [0.03921569 0.         0.01568628]  [0.04313726 0.         0.01960784]  ...  [0.01176471 0.00392157 0.01960784]  [0.01176471 0.00392157 0.01960784]  [0.01176471 0.00392157 0.01960784]] [[0.06666667 0.02745098 0.04313726]  [0.05882353 0.01568628 0.03529412]  [0.05882353 0.01568628 0.03529412]  ...  [0.01176471 0.00392157 0.01960784]  [0.01176471 0.00392157 0.01960784]  [0.01568628 0.00784314 0.02352941]] ... [[0.10588235 0.09019608 0.07058824]  [0.11372549 0.09803922 0.07843138]  [0.14509805 0.12941177 0.10980392]  ...  [0.03921569 0.01568628 0.02745098]  [0.03529412 0.01176471 0.02352941]  [0.02352941 0.         0.01176471]] [[0.10196079 0.08627451 0.0627451 ]  [0.12941177 0.11372549 0.09411765]  [0.14117648 0.1254902  0.10196079]  ...  [0.03921569 0.01568628 0.02745098]  [0.03529412 0.01176471 0.02352941]  [0.03529412 0.00784314 0.01960784]] [[0.13333334 0.11372549 0.10196079]  [0.12941177 0.10980392 0.09803922]  [0.09803922 0.07843138 0.06666667]  ...  [0.03137255 0.00784314 0.01960784]  [0.03137255 0.00784314 0.02352941]  [0.03529412 0.01176471 0.02352941]]]",6.401506035064813,62832,/home/amos/media/tv/The X-Files S01-S11 BluRay 10Bit 1080p Dts-HDMa5 1 HEVC-d3g/The X-Files S08 br 10bit dts hevc-d3g/The.X-Files.S08E07.Via.Negativa.1080p.BluRay.10Bit.Dts-HDMa5.1.HEVC-d3g.mkv731,1080,1920,0,125,162,861,125,27232,0.013,"[[[0.2627451  0.16470589 0.13725491]  [0.25882354 0.16470589 0.13725491]  [0.25882354 0.16470589 0.13725491]  ...  [0.3137255  0.1764706  0.16470589]  [0.30980393 0.17254902 0.15686275]  [0.30588236 0.16862746 0.15686275]] [[0.25882354 0.16078432 0.13333334]  [0.25490198 0.16078432 0.13333334]  [0.25490198 0.16078432 0.13333334]  ...  [0.3137255  0.1764706  0.16470589]  [0.30980393 0.17254902 0.16078432]  [0.30588236 0.16862746 0.15686275]] [[0.2509804  0.15686275 0.1254902 ]  [0.2509804  0.15686275 0.1254902 ]  [0.24705882 0.15686275 0.12941177]  ...  [0.3137255  0.1764706  0.16470589]  [0.30980393 0.17254902 0.16078432]  [0.30980393 0.17254902 0.16078432]] ... [[0.1882353  0.08627451 0.07058824]  [0.1882353  0.08627451 0.07058824]  [0.18431373 0.08627451 0.07058824]  ...  [0.28235295 0.15294118 0.12941177]  [0.27450982 0.14509805 0.1254902 ]  [0.27450982 0.14117648 0.12156863]] [[0.19607843 0.09019608 0.07450981]  [0.19607843 0.09019608 0.07450981]  [0.19607843 0.09019608 0.07450981]  ...  [0.2901961  0.16078432 0.13725491]  [0.28627452 0.15686275 0.13333334]  [0.28235295 0.15294118 0.13333334]] [[0.20392157 0.09411765 0.07450981]  [0.2        0.09411765 0.07450981]  [0.2        0.09411765 0.07450981]  ...  [0.29411766 0.16470589 0.14509805]  [0.2901961  0.16078432 0.14117648]  [0.2901961  0.16078432 0.14117648]]]",3.4865990646067075,63168,/home/amos/media/tv/The X-Files S01-S11 BluRay 10Bit 1080p Dts-HDMa5 1 HEVC-d3g/The X-Files S08 br 10bit dts hevc-d3g/The.X-Files.S08E07.Via.Negativa.1080p.BluRay.10Bit.Dts-HDMa5.1.HEVC-d3g.mkv732,1080,1920,0,62,434,1138,62,400272,0.193,"[[[0.15686275 0.14901961 0.15686275]  [0.15686275 0.14901961 0.15686275]  [0.15686275 0.14901961 0.15686275]  ...  [0.25490198 0.24705882 0.25490198]  [0.25490198 0.24705882 0.25490198]  [0.25490198 0.24705882 0.25490198]] [[0.15686275 0.14901961 0.15686275]  [0.15686275 0.14901961 0.15686275]  [0.15686275 0.14901961 0.15686275]  ...  [0.25490198 0.24705882 0.25490198]  [0.25490198 0.24705882 0.25490198]  [0.25490198 0.24705882 0.25490198]] [[0.15686275 0.14901961 0.15686275]  [0.15686275 0.14901961 0.15686275]  [0.15686275 0.14901961 0.15686275]  ...  [0.25882354 0.2509804  0.25882354]  [0.25882354 0.2509804  0.25882354]  [0.25882354 0.2509804  0.25882354]] ... [[0.22745098 0.21960784 0.22745098]  [0.22745098 0.21960784 0.22745098]  [0.22745098 0.21960784 0.22745098]  ...  [0.23921569 0.23137255 0.23921569]  [0.23529412 0.22745098 0.23529412]  [0.23529412 0.22745098 0.23529412]] [[0.22745098 0.21960784 0.22745098]  [0.22745098 0.21960784 0.22745098]  [0.22745098 0.21960784 0.22745098]  ...  [0.23529412 0.22745098 0.23529412]  [0.23529412 0.22745098 0.23529412]  [0.23529412 0.22745098 0.23529412]] [[0.22745098 0.21960784 0.22745098]  [0.22745098 0.21960784 0.22745098]  [0.22745098 0.21960784 0.22745098]  ...  [0.23529412 0.22745098 0.23529412]  [0.23529412 0.22745098 0.23529412]  [0.23529412 0.22745098 0.23529412]]]",2.729038040328305,64176,/home/amos/media/tv/The X-Files S01-S11 BluRay 10Bit 1080p Dts-HDMa5 1 HEVC-d3g/The X-Files S08 br 10bit dts hevc-d3g/The.X-Files.S08E07.Via.Negativa.1080p.BluRay.10Bit.Dts-HDMa5.1.HEVC-d3g.mkv733,1080,1920,0,158,252,1404,158,117124,0.056,"[[[0.33333334 0.38431373 0.4862745 ]  [0.33333334 0.38431373 0.4862745 ]  [0.33333334 0.38431373 0.4862745 ]  ...  [0.24705882 0.3137255  0.45882353]  [0.24313726 0.30980393 0.45490196]  [0.24313726 0.30980393 0.45490196]] [[0.33333334 0.38431373 0.4862745 ]  [0.33333334 0.38431373 0.4862745 ]  [0.33333334 0.38431373 0.4862745 ]  ...  [0.2509804  0.31764707 0.4627451 ]  [0.24705882 0.3137255  0.45882353]  [0.24313726 0.30980393 0.45490196]] [[0.33333334 0.38431373 0.4862745 ]  [0.33333334 0.38431373 0.4862745 ]  [0.33333334 0.38431373 0.4862745 ]  ...  [0.25490198 0.32156864 0.4627451 ]  [0.2509804  0.31764707 0.45882353]  [0.24705882 0.3137255  0.45490196]] ... [[0.3137255  0.3529412  0.41568628]  [0.33333334 0.36862746 0.43137255]  [0.34509805 0.38039216 0.4509804 ]  ...  [0.44313726 0.4745098  0.5294118 ]  [0.44705883 0.47843137 0.53333336]  [0.4509804  0.48235294 0.5372549 ]] [[0.23137255 0.2627451  0.31764707]  [0.27450982 0.30588236 0.3647059 ]  [0.3137255  0.34901962 0.4117647 ]  ...  [0.44313726 0.47058824 0.5294118 ]  [0.44705883 0.47843137 0.53333336]  [0.44705883 0.47843137 0.53333336]] [[0.14509805 0.17254902 0.22352941]  [0.21176471 0.23921569 0.2901961 ]  [0.28235295 0.30980393 0.37254903]  ...  [0.44313726 0.47058824 0.5294118 ]  [0.44313726 0.4745098  0.5294118 ]  [0.44705883 0.47843137 0.53333336]]]",1.479802063840907,64272,/home/amos/media/tv/The X-Files S01-S11 BluRay 10Bit 1080p Dts-HDMa5 1 HEVC-d3g/The X-Files S08 br 10bit dts hevc-d3g/The.X-Files.S08E07.Via.Negativa.1080p.BluRay.10Bit.Dts-HDMa5.1.HEVC-d3g.mkv734,1080,1920,1,132,314,1413,132,233142,0.112,"[[[0.40392157 0.4509804  0.52156866]  [0.40392157 0.4509804  0.52156866]  [0.40392157 0.4509804  0.52156866]  ...  [0.3764706  0.48235294 0.65882355]  [0.37254903 0.4745098  0.63529414]  [0.36862746 0.46666667 0.62352943]] [[0.4        0.4509804  0.5176471 ]  [0.4        0.4509804  0.5176471 ]  [0.4        0.4509804  0.5176471 ]  ...  [0.37254903 0.47843137 0.654902  ]  [0.36862746 0.47058824 0.63529414]  [0.3647059  0.46666667 0.61960787]] [[0.4        0.44705883 0.5176471 ]  [0.4        0.44705883 0.5176471 ]  [0.4        0.44705883 0.5176471 ]  ...  [0.37254903 0.47843137 0.654902  ]  [0.36862746 0.46666667 0.6313726 ]  [0.3647059  0.4627451  0.61960787]] ... [[0.03137255 0.00392157 0.00784314]  [0.03137255 0.00392157 0.00784314]  [0.03137255 0.00392157 0.00784314]  ...  [0.47843137 0.5372549  0.63529414]  [0.4745098  0.53333336 0.627451  ]  [0.4745098  0.53333336 0.62352943]] [[0.03137255 0.00392157 0.00784314]  [0.03137255 0.00392157 0.00784314]  [0.03137255 0.00392157 0.00784314]  ...  [0.48235294 0.5411765  0.6392157 ]  [0.48235294 0.5411765  0.6313726 ]  [0.48235294 0.5372549  0.627451  ]] [[0.03137255 0.00392157 0.00784314]  [0.03137255 0.00392157 0.00784314]  [0.03137255 0.00392157 0.00784314]  ...  [0.4862745  0.54509807 0.6431373 ]  [0.4862745  0.5411765  0.6313726 ]  [0.4862745  0.5411765  0.627451  ]]]",3.176142113923561,64272,/home/amos/media/tv/The X-Files S01-S11 BluRay 10Bit 1080p Dts-HDMa5 1 HEVC-d3g/The X-Files S08 br 10bit dts hevc-d3g/The.X-Files.S08E07.Via.Negativa.1080p.BluRay.10Bit.Dts-HDMa5.1.HEVC-d3g.mkv