,img_height,img_width,face_num,x1,x2,y1,y2,area,pct_of_frame,frame_num,video_src,season,episode,series_id,encoding_path
0,1080,1920,0,1012,1216,161,365,41616,0.02,24,/home/amos/media/tv/homeland/Homeland.S05.1080p.BluRay.x265-RARBG/Homeland.S05E12.1080p.BluRay.x265-RARBG.mp4,5,12,1796960,data/encodings/1796960/1796960_S05E12_24_0.npy
1,1080,1920,0,1029,1273,181,426,59780,0.029,48,/home/amos/media/tv/homeland/Homeland.S05.1080p.BluRay.x265-RARBG/Homeland.S05E12.1080p.BluRay.x265-RARBG.mp4,5,12,1796960,data/encodings/1796960/1796960_S05E12_48_0.npy
2,1080,1920,1,613,783,353,523,28900,0.014,48,/home/amos/media/tv/homeland/Homeland.S05.1080p.BluRay.x265-RARBG/Homeland.S05E12.1080p.BluRay.x265-RARBG.mp4,5,12,1796960,data/encodings/1796960/1796960_S05E12_48_1.npy
3,1080,1920,0,1198,1367,456,626,28730,0.014,72,/home/amos/media/tv/homeland/Homeland.S05.1080p.BluRay.x265-RARBG/Homeland.S05E12.1080p.BluRay.x265-RARBG.mp4,5,12,1796960,data/encodings/1796960/1796960_S05E12_72_0.npy
4,1080,1920,1,847,1051,182,385,41412,0.02,72,/home/amos/media/tv/homeland/Homeland.S05.1080p.BluRay.x265-RARBG/Homeland.S05E12.1080p.BluRay.x265-RARBG.mp4,5,12,1796960,data/encodings/1796960/1796960_S05E12_72_1.npy
5,1080,1920,0,383,890,210,717,257049,0.124,96,/home/amos/media/tv/homeland/Homeland.S05.1080p.BluRay.x265-RARBG/Homeland.S05E12.1080p.BluRay.x265-RARBG.mp4,5,12,1796960,data/encodings/1796960/1796960_S05E12_96_0.npy
6,1080,1920,0,547,665,172,290,13924,0.007,120,/home/amos/media/tv/homeland/Homeland.S05.1080p.BluRay.x265-RARBG/Homeland.S05E12.1080p.BluRay.x265-RARBG.mp4,5,12,1796960,data/encodings/1796960/1796960_S05E12_120_0.npy
7,1080,1920,0,571,689,255,373,13924,0.007,144,/home/amos/media/tv/homeland/Homeland.S05.1080p.BluRay.x265-RARBG/Homeland.S05E12.1080p.BluRay.x265-RARBG.mp4,5,12,1796960,data/encodings/1796960/1796960_S05E12_144_0.npy
8,1080,1920,0,332,839,210,717,257049,0.124,168,/home/amos/media/tv/homeland/Homeland.S05.1080p.BluRay.x265-RARBG/Homeland.S05E12.1080p.BluRay.x265-RARBG.mp4,5,12,1796960,data/encodings/1796960/1796960_S05E12_168_0.npy
9,1080,1920,0,383,890,210,717,257049,0.124,192,/home/amos/media/tv/homeland/Homeland.S05.1080p.BluRay.x265-RARBG/Homeland.S05E12.1080p.BluRay.x265-RARBG.mp4,5,12,1796960,data/encodings/1796960/1796960_S05E12_192_0.npy
10,1080,1920,0,585,878,195,489,86142,0.042,216,/home/amos/media/tv/homeland/Homeland.S05.1080p.BluRay.x265-RARBG/Homeland.S05E12.1080p.BluRay.x265-RARBG.mp4,5,12,1796960,data/encodings/1796960/1796960_S05E12_216_0.npy
11,1080,1920,0,815,1423,222,830,369664,0.178,240,/home/amos/media/tv/homeland/Homeland.S05.1080p.BluRay.x265-RARBG/Homeland.S05E12.1080p.BluRay.x265-RARBG.mp4,5,12,1796960,data/encodings/1796960/1796960_S05E12_240_0.npy
12,1080,1920,0,385,630,132,376,59780,0.029,336,/home/amos/media/tv/homeland/Homeland.S05.1080p.BluRay.x265-RARBG/Homeland.S05E12.1080p.BluRay.x265-RARBG.mp4,5,12,1796960,data/encodings/1796960/1796960_S05E12_336_0.npy
13,1080,1920,0,413,617,140,344,41616,0.02,360,/home/amos/media/tv/homeland/Homeland.S05.1080p.BluRay.x265-RARBG/Homeland.S05E12.1080p.BluRay.x265-RARBG.mp4,5,12,1796960,data/encodings/1796960/1796960_S05E12_360_0.npy
14,1080,1920,0,413,617,140,344,41616,0.02,384,/home/amos/media/tv/homeland/Homeland.S05.1080p.BluRay.x265-RARBG/Homeland.S05E12.1080p.BluRay.x265-RARBG.mp4,5,12,1796960,data/encodings/1796960/1796960_S05E12_384_0.npy
15,1080,1920,0,512,934,303,726,178506,0.086,408,/home/amos/media/tv/homeland/Homeland.S05.1080p.BluRay.x265-RARBG/Homeland.S05E12.1080p.BluRay.x265-RARBG.mp4,5,12,1796960,data/encodings/1796960/1796960_S05E12_408_0.npy
16,1080,1920,0,818,1170,351,703,123904,0.06,432,/home/amos/media/tv/homeland/Homeland.S05.1080p.BluRay.x265-RARBG/Homeland.S05E12.1080p.BluRay.x265-RARBG.mp4,5,12,1796960,data/encodings/1796960/1796960_S05E12_432_0.npy
17,1080,1920,0,283,636,279,632,124609,0.06,456,/home/amos/media/tv/homeland/Homeland.S05.1080p.BluRay.x265-RARBG/Homeland.S05E12.1080p.BluRay.x265-RARBG.mp4,5,12,1796960,data/encodings/1796960/1796960_S05E12_456_0.npy
18,1080,1920,0,436,730,225,519,86436,0.042,720,/home/amos/media/tv/homeland/Homeland.S05.1080p.BluRay.x265-RARBG/Homeland.S05E12.1080p.BluRay.x265-RARBG.mp4,5,12,1796960,data/encodings/1796960/1796960_S05E12_720_0.npy
19,1080,1920,0,526,819,225,519,86142,0.042,744,/home/amos/media/tv/homeland/Homeland.S05.1080p.BluRay.x265-RARBG/Homeland.S05E12.1080p.BluRay.x265-RARBG.mp4,5,12,1796960,data/encodings/1796960/1796960_S05E12_744_0.npy
20,1080,1920,0,466,760,255,548,86142,0.042,768,/home/amos/media/tv/homeland/Homeland.S05.1080p.BluRay.x265-RARBG/Homeland.S05E12.1080p.BluRay.x265-RARBG.mp4,5,12,1796960,data/encodings/1796960/1796960_S05E12_768_0.npy
21,1080,1920,0,537,1044,159,666,257049,0.124,792,/home/amos/media/tv/homeland/Homeland.S05.1080p.BluRay.x265-RARBG/Homeland.S05E12.1080p.BluRay.x265-RARBG.mp4,5,12,1796960,data/encodings/1796960/1796960_S05E12_792_0.npy
22,1080,1920,0,435,942,210,717,257049,0.124,816,/home/amos/media/tv/homeland/Homeland.S05.1080p.BluRay.x265-RARBG/Homeland.S05E12.1080p.BluRay.x265-RARBG.mp4,5,12,1796960,data/encodings/1796960/1796960_S05E12_816_0.npy
23,1080,1920,0,486,993,159,666,257049,0.124,840,/home/amos/media/tv/homeland/Homeland.S05.1080p.BluRay.x265-RARBG/Homeland.S05E12.1080p.BluRay.x265-RARBG.mp4,5,12,1796960,data/encodings/1796960/1796960_S05E12_840_0.npy
24,1080,1920,0,512,934,175,598,178506,0.086,864,/home/amos/media/tv/homeland/Homeland.S05.1080p.BluRay.x265-RARBG/Homeland.S05E12.1080p.BluRay.x265-RARBG.mp4,5,12,1796960,data/encodings/1796960/1796960_S05E12_864_0.npy
25,1080,1920,0,512,934,175,598,178506,0.086,888,/home/amos/media/tv/homeland/Homeland.S05.1080p.BluRay.x265-RARBG/Homeland.S05E12.1080p.BluRay.x265-RARBG.mp4,5,12,1796960,data/encodings/1796960/1796960_S05E12_888_0.npy
26,1080,1920,0,924,1006,519,601,6724,0.003,912,/home/amos/media/tv/homeland/Homeland.S05.1080p.BluRay.x265-RARBG/Homeland.S05E12.1080p.BluRay.x265-RARBG.mp4,5,12,1796960,data/encodings/1796960/1796960_S05E12_912_0.npy
27,1080,1920,0,1410,1917,262,769,257049,0.124,1104,/home/amos/media/tv/homeland/Homeland.S05.1080p.BluRay.x265-RARBG/Homeland.S05E12.1080p.BluRay.x265-RARBG.mp4,5,12,1796960,data/encodings/1796960/1796960_S05E12_1104_0.npy
28,1080,1920,1,13,622,160,769,370881,0.179,1104,/home/amos/media/tv/homeland/Homeland.S05.1080p.BluRay.x265-RARBG/Homeland.S05E12.1080p.BluRay.x265-RARBG.mp4,5,12,1796960,data/encodings/1796960/1796960_S05E12_1104_1.npy
29,1080,1920,0,455,658,58,262,41412,0.02,1152,/home/amos/media/tv/homeland/Homeland.S05.1080p.BluRay.x265-RARBG/Homeland.S05E12.1080p.BluRay.x265-RARBG.mp4,5,12,1796960,data/encodings/1796960/1796960_S05E12_1152_0.npy
30,1080,1920,0,940,1362,261,683,178084,0.086,1176,/home/amos/media/tv/homeland/Homeland.S05.1080p.BluRay.x265-RARBG/Homeland.S05E12.1080p.BluRay.x265-RARBG.mp4,5,12,1796960,data/encodings/1796960/1796960_S05E12_1176_0.npy
31,1080,1920,0,897,1319,261,683,178084,0.086,1200,/home/amos/media/tv/homeland/Homeland.S05.1080p.BluRay.x265-RARBG/Homeland.S05E12.1080p.BluRay.x265-RARBG.mp4,5,12,1796960,data/encodings/1796960/1796960_S05E12_1200_0.npy
32,1080,1920,0,845,1353,210,717,257556,0.124,1224,/home/amos/media/tv/homeland/Homeland.S05.1080p.BluRay.x265-RARBG/Homeland.S05E12.1080p.BluRay.x265-RARBG.mp4,5,12,1796960,data/encodings/1796960/1796960_S05E12_1224_0.npy
33,1080,1920,0,332,839,159,666,257049,0.124,1248,/home/amos/media/tv/homeland/Homeland.S05.1080p.BluRay.x265-RARBG/Homeland.S05E12.1080p.BluRay.x265-RARBG.mp4,5,12,1796960,data/encodings/1796960/1796960_S05E12_1248_0.npy
34,1080,1920,0,486,993,159,666,257049,0.124,1272,/home/amos/media/tv/homeland/Homeland.S05.1080p.BluRay.x265-RARBG/Homeland.S05E12.1080p.BluRay.x265-RARBG.mp4,5,12,1796960,data/encodings/1796960/1796960_S05E12_1272_0.npy
35,1080,1920,0,486,993,210,717,257049,0.124,1296,/home/amos/media/tv/homeland/Homeland.S05.1080p.BluRay.x265-RARBG/Homeland.S05E12.1080p.BluRay.x265-RARBG.mp4,5,12,1796960,data/encodings/1796960/1796960_S05E12_1296_0.npy
36,1080,1920,0,804,872,505,573,4624,0.002,1320,/home/amos/media/tv/homeland/Homeland.S05.1080p.BluRay.x265-RARBG/Homeland.S05E12.1080p.BluRay.x265-RARBG.mp4,5,12,1796960,data/encodings/1796960/1796960_S05E12_1320_0.npy
37,1080,1920,0,426,778,137,489,123904,0.06,1344,/home/amos/media/tv/homeland/Homeland.S05.1080p.BluRay.x265-RARBG/Homeland.S05E12.1080p.BluRay.x265-RARBG.mp4,5,12,1796960,data/encodings/1796960/1796960_S05E12_1344_0.npy
38,1080,1920,0,1177,1246,456,525,4761,0.002,1368,/home/amos/media/tv/homeland/Homeland.S05.1080p.BluRay.x265-RARBG/Homeland.S05E12.1080p.BluRay.x265-RARBG.mp4,5,12,1796960,data/encodings/1796960/1796960_S05E12_1368_0.npy
39,1080,1920,0,517,720,202,406,41412,0.02,1392,/home/amos/media/tv/homeland/Homeland.S05.1080p.BluRay.x265-RARBG/Homeland.S05E12.1080p.BluRay.x265-RARBG.mp4,5,12,1796960,data/encodings/1796960/1796960_S05E12_1392_0.npy
40,1080,1920,0,1061,1670,160,769,370881,0.179,1416,/home/amos/media/tv/homeland/Homeland.S05.1080p.BluRay.x265-RARBG/Homeland.S05E12.1080p.BluRay.x265-RARBG.mp4,5,12,1796960,data/encodings/1796960/1796960_S05E12_1416_0.npy
41,1080,1920,0,1184,1793,99,707,370272,0.179,1440,/home/amos/media/tv/homeland/Homeland.S05.1080p.BluRay.x265-RARBG/Homeland.S05E12.1080p.BluRay.x265-RARBG.mp4,5,12,1796960,data/encodings/1796960/1796960_S05E12_1440_0.npy
42,1080,1920,0,585,878,106,400,86142,0.042,1488,/home/amos/media/tv/homeland/Homeland.S05.1080p.BluRay.x265-RARBG/Homeland.S05E12.1080p.BluRay.x265-RARBG.mp4,5,12,1796960,data/encodings/1796960/1796960_S05E12_1488_0.npy
43,1080,1920,0,444,586,97,239,20164,0.01,1536,/home/amos/media/tv/homeland/Homeland.S05.1080p.BluRay.x265-RARBG/Homeland.S05E12.1080p.BluRay.x265-RARBG.mp4,5,12,1796960,data/encodings/1796960/1796960_S05E12_1536_0.npy
44,1080,1920,0,298,720,89,512,178506,0.086,1560,/home/amos/media/tv/homeland/Homeland.S05.1080p.BluRay.x265-RARBG/Homeland.S05E12.1080p.BluRay.x265-RARBG.mp4,5,12,1796960,data/encodings/1796960/1796960_S05E12_1560_0.npy
45,1080,1920,0,298,720,89,512,178506,0.086,1584,/home/amos/media/tv/homeland/Homeland.S05.1080p.BluRay.x265-RARBG/Homeland.S05E12.1080p.BluRay.x265-RARBG.mp4,5,12,1796960,data/encodings/1796960/1796960_S05E12_1584_0.npy
46,1080,1920,0,1400,1645,57,302,60025,0.029,1656,/home/amos/media/tv/homeland/Homeland.S05.1080p.BluRay.x265-RARBG/Homeland.S05E12.1080p.BluRay.x265-RARBG.mp4,5,12,1796960,data/encodings/1796960/1796960_S05E12_1656_0.npy
47,1080,1920,0,811,1542,239,969,533630,0.257,1680,/home/amos/media/tv/homeland/Homeland.S05.1080p.BluRay.x265-RARBG/Homeland.S05E12.1080p.BluRay.x265-RARBG.mp4,5,12,1796960,data/encodings/1796960/1796960_S05E12_1680_0.npy
48,1080,1920,0,984,1052,885,953,4624,0.002,1776,/home/amos/media/tv/homeland/Homeland.S05.1080p.BluRay.x265-RARBG/Homeland.S05E12.1080p.BluRay.x265-RARBG.mp4,5,12,1796960,data/encodings/1796960/1796960_S05E12_1776_0.npy
49,1080,1920,1,645,786,154,296,20022,0.01,1776,/home/amos/media/tv/homeland/Homeland.S05.1080p.BluRay.x265-RARBG/Homeland.S05E12.1080p.BluRay.x265-RARBG.mp4,5,12,1796960,data/encodings/1796960/1796960_S05E12_1776_1.npy
50,1080,1920,2,1122,1190,947,1015,4624,0.002,1776,/home/amos/media/tv/homeland/Homeland.S05.1080p.BluRay.x265-RARBG/Homeland.S05E12.1080p.BluRay.x265-RARBG.mp4,5,12,1796960,data/encodings/1796960/1796960_S05E12_1776_2.npy
51,1080,1920,3,985,1083,297,395,9604,0.005,1776,/home/amos/media/tv/homeland/Homeland.S05.1080p.BluRay.x265-RARBG/Homeland.S05E12.1080p.BluRay.x265-RARBG.mp4,5,12,1796960,data/encodings/1796960/1796960_S05E12_1776_3.npy
52,1080,1920,0,982,1405,132,555,178929,0.086,1848,/home/amos/media/tv/homeland/Homeland.S05.1080p.BluRay.x265-RARBG/Homeland.S05E12.1080p.BluRay.x265-RARBG.mp4,5,12,1796960,data/encodings/1796960/1796960_S05E12_1848_0.npy
53,1080,1920,0,682,852,147,317,28900,0.014,1872,/home/amos/media/tv/homeland/Homeland.S05.1080p.BluRay.x265-RARBG/Homeland.S05E12.1080p.BluRay.x265-RARBG.mp4,5,12,1796960,data/encodings/1796960/1796960_S05E12_1872_0.npy
54,1080,1920,0,661,865,182,385,41412,0.02,1896,/home/amos/media/tv/homeland/Homeland.S05.1080p.BluRay.x265-RARBG/Homeland.S05E12.1080p.BluRay.x265-RARBG.mp4,5,12,1796960,data/encodings/1796960/1796960_S05E12_1896_0.npy
55,1080,1920,0,517,720,161,365,41412,0.02,1920,/home/amos/media/tv/homeland/Homeland.S05.1080p.BluRay.x265-RARBG/Homeland.S05E12.1080p.BluRay.x265-RARBG.mp4,5,12,1796960,data/encodings/1796960/1796960_S05E12_1920_0.npy
56,1080,1920,0,137,745,37,646,370272,0.179,1968,/home/amos/media/tv/homeland/Homeland.S05.1080p.BluRay.x265-RARBG/Homeland.S05E12.1080p.BluRay.x265-RARBG.mp4,5,12,1796960,data/encodings/1796960/1796960_S05E12_1968_0.npy
57,1080,1920,0,383,992,37,646,370881,0.179,1992,/home/amos/media/tv/homeland/Homeland.S05.1080p.BluRay.x265-RARBG/Homeland.S05E12.1080p.BluRay.x265-RARBG.mp4,5,12,1796960,data/encodings/1796960/1796960_S05E12_1992_0.npy
58,1080,1920,0,383,890,210,717,257049,0.124,2016,/home/amos/media/tv/homeland/Homeland.S05.1080p.BluRay.x265-RARBG/Homeland.S05E12.1080p.BluRay.x265-RARBG.mp4,5,12,1796960,data/encodings/1796960/1796960_S05E12_2016_0.npy
59,1080,1920,0,469,891,261,683,178084,0.086,2040,/home/amos/media/tv/homeland/Homeland.S05.1080p.BluRay.x265-RARBG/Homeland.S05E12.1080p.BluRay.x265-RARBG.mp4,5,12,1796960,data/encodings/1796960/1796960_S05E12_2040_0.npy
60,1080,1920,0,756,1001,132,376,59780,0.029,2064,/home/amos/media/tv/homeland/Homeland.S05.1080p.BluRay.x265-RARBG/Homeland.S05E12.1080p.BluRay.x265-RARBG.mp4,5,12,1796960,data/encodings/1796960/1796960_S05E12_2064_0.npy
61,1080,1920,0,781,1026,132,376,59780,0.029,2088,/home/amos/media/tv/homeland/Homeland.S05.1080p.BluRay.x265-RARBG/Homeland.S05E12.1080p.BluRay.x265-RARBG.mp4,5,12,1796960,data/encodings/1796960/1796960_S05E12_2088_0.npy
62,1080,1920,0,1136,1340,140,344,41616,0.02,2112,/home/amos/media/tv/homeland/Homeland.S05.1080p.BluRay.x265-RARBG/Homeland.S05E12.1080p.BluRay.x265-RARBG.mp4,5,12,1796960,data/encodings/1796960/1796960_S05E12_2112_0.npy
63,1080,1920,0,1115,1319,140,344,41616,0.02,2136,/home/amos/media/tv/homeland/Homeland.S05.1080p.BluRay.x265-RARBG/Homeland.S05E12.1080p.BluRay.x265-RARBG.mp4,5,12,1796960,data/encodings/1796960/1796960_S05E12_2136_0.npy
64,1080,1920,0,340,763,175,598,178929,0.086,2160,/home/amos/media/tv/homeland/Homeland.S05.1080p.BluRay.x265-RARBG/Homeland.S05E12.1080p.BluRay.x265-RARBG.mp4,5,12,1796960,data/encodings/1796960/1796960_S05E12_2160_0.npy
65,1080,1920,0,675,757,229,311,6724,0.003,2184,/home/amos/media/tv/homeland/Homeland.S05.1080p.BluRay.x265-RARBG/Homeland.S05E12.1080p.BluRay.x265-RARBG.mp4,5,12,1796960,data/encodings/1796960/1796960_S05E12_2184_0.npy
66,1080,1920,1,1011,1080,311,380,4761,0.002,2184,/home/amos/media/tv/homeland/Homeland.S05.1080p.BluRay.x265-RARBG/Homeland.S05E12.1080p.BluRay.x265-RARBG.mp4,5,12,1796960,data/encodings/1796960/1796960_S05E12_2184_1.npy
67,1080,1920,2,1263,1320,258,315,3249,0.002,2184,/home/amos/media/tv/homeland/Homeland.S05.1080p.BluRay.x265-RARBG/Homeland.S05E12.1080p.BluRay.x265-RARBG.mp4,5,12,1796960,data/encodings/1796960/1796960_S05E12_2184_2.npy
68,1080,1920,0,1214,1296,336,418,6724,0.003,2208,/home/amos/media/tv/homeland/Homeland.S05.1080p.BluRay.x265-RARBG/Homeland.S05E12.1080p.BluRay.x265-RARBG.mp4,5,12,1796960,data/encodings/1796960/1796960_S05E12_2208_0.npy
69,1080,1920,1,559,677,208,325,13806,0.007,2208,/home/amos/media/tv/homeland/Homeland.S05.1080p.BluRay.x265-RARBG/Homeland.S05E12.1080p.BluRay.x265-RARBG.mp4,5,12,1796960,data/encodings/1796960/1796960_S05E12_2208_1.npy
70,1080,1920,0,1290,1431,240,382,20022,0.01,2232,/home/amos/media/tv/homeland/Homeland.S05.1080p.BluRay.x265-RARBG/Homeland.S05E12.1080p.BluRay.x265-RARBG.mp4,5,12,1796960,data/encodings/1796960/1796960_S05E12_2232_0.npy
71,1080,1920,1,745,887,427,568,20022,0.01,2232,/home/amos/media/tv/homeland/Homeland.S05.1080p.BluRay.x265-RARBG/Homeland.S05E12.1080p.BluRay.x265-RARBG.mp4,5,12,1796960,data/encodings/1796960/1796960_S05E12_2232_1.npy
72,1080,1920,2,1046,1188,298,439,20022,0.01,2232,/home/amos/media/tv/homeland/Homeland.S05.1080p.BluRay.x265-RARBG/Homeland.S05E12.1080p.BluRay.x265-RARBG.mp4,5,12,1796960,data/encodings/1796960/1796960_S05E12_2232_2.npy
73,1080,1920,3,200,370,577,747,28900,0.014,2232,/home/amos/media/tv/homeland/Homeland.S05.1080p.BluRay.x265-RARBG/Homeland.S05E12.1080p.BluRay.x265-RARBG.mp4,5,12,1796960,data/encodings/1796960/1796960_S05E12_2232_3.npy
74,1080,1920,4,1802,1919,88,206,13806,0.007,2232,/home/amos/media/tv/homeland/Homeland.S05.1080p.BluRay.x265-RARBG/Homeland.S05E12.1080p.BluRay.x265-RARBG.mp4,5,12,1796960,data/encodings/1796960/1796960_S05E12_2232_4.npy
75,1080,1920,0,0,146,663,833,24820,0.012,2256,/home/amos/media/tv/homeland/Homeland.S05.1080p.BluRay.x265-RARBG/Homeland.S05E12.1080p.BluRay.x265-RARBG.mp4,5,12,1796960,data/encodings/1796960/1796960_S05E12_2256_0.npy
76,1080,1920,1,596,766,439,609,28900,0.014,2256,/home/amos/media/tv/homeland/Homeland.S05.1080p.BluRay.x265-RARBG/Homeland.S05E12.1080p.BluRay.x265-RARBG.mp4,5,12,1796960,data/encodings/1796960/1796960_S05E12_2256_1.npy
77,1080,1920,2,1232,1402,233,403,28900,0.014,2256,/home/amos/media/tv/homeland/Homeland.S05.1080p.BluRay.x265-RARBG/Homeland.S05E12.1080p.BluRay.x265-RARBG.mp4,5,12,1796960,data/encodings/1796960/1796960_S05E12_2256_2.npy
78,1080,1920,3,957,1127,284,454,28900,0.014,2256,/home/amos/media/tv/homeland/Homeland.S05.1080p.BluRay.x265-RARBG/Homeland.S05E12.1080p.BluRay.x265-RARBG.mp4,5,12,1796960,data/encodings/1796960/1796960_S05E12_2256_3.npy
79,1080,1920,0,1421,1591,95,265,28900,0.014,2280,/home/amos/media/tv/homeland/Homeland.S05.1080p.BluRay.x265-RARBG/Homeland.S05E12.1080p.BluRay.x265-RARBG.mp4,5,12,1796960,data/encodings/1796960/1796960_S05E12_2280_0.npy
80,1080,1920,1,1249,1419,250,420,28900,0.014,2280,/home/amos/media/tv/homeland/Homeland.S05.1080p.BluRay.x265-RARBG/Homeland.S05E12.1080p.BluRay.x265-RARBG.mp4,5,12,1796960,data/encodings/1796960/1796960_S05E12_2280_1.npy
81,1080,1920,2,596,766,508,678,28900,0.014,2280,/home/amos/media/tv/homeland/Homeland.S05.1080p.BluRay.x265-RARBG/Homeland.S05E12.1080p.BluRay.x265-RARBG.mp4,5,12,1796960,data/encodings/1796960/1796960_S05E12_2280_2.npy
82,1080,1920,3,1043,1213,302,471,28730,0.014,2280,/home/amos/media/tv/homeland/Homeland.S05.1080p.BluRay.x265-RARBG/Homeland.S05E12.1080p.BluRay.x265-RARBG.mp4,5,12,1796960,data/encodings/1796960/1796960_S05E12_2280_3.npy
83,1080,1920,0,1198,1401,182,385,41209,0.02,2352,/home/amos/media/tv/homeland/Homeland.S05.1080p.BluRay.x265-RARBG/Homeland.S05E12.1080p.BluRay.x265-RARBG.mp4,5,12,1796960,data/encodings/1796960/1796960_S05E12_2352_0.npy
84,1080,1920,0,1178,1422,156,401,59780,0.029,2376,/home/amos/media/tv/homeland/Homeland.S05.1080p.BluRay.x265-RARBG/Homeland.S05E12.1080p.BluRay.x265-RARBG.mp4,5,12,1796960,data/encodings/1796960/1796960_S05E12_2376_0.npy
85,1080,1920,0,1239,1443,409,613,41616,0.02,2400,/home/amos/media/tv/homeland/Homeland.S05.1080p.BluRay.x265-RARBG/Homeland.S05E12.1080p.BluRay.x265-RARBG.mp4,5,12,1796960,data/encodings/1796960/1796960_S05E12_2400_0.npy
86,1080,1920,1,930,1174,280,525,59780,0.029,2400,/home/amos/media/tv/homeland/Homeland.S05.1080p.BluRay.x265-RARBG/Homeland.S05E12.1080p.BluRay.x265-RARBG.mp4,5,12,1796960,data/encodings/1796960/1796960_S05E12_2400_1.npy
87,1080,1920,0,1029,1273,379,624,59780,0.029,2424,/home/amos/media/tv/homeland/Homeland.S05.1080p.BluRay.x265-RARBG/Homeland.S05E12.1080p.BluRay.x265-RARBG.mp4,5,12,1796960,data/encodings/1796960/1796960_S05E12_2424_0.npy
88,1080,1920,0,1576,1718,183,325,20164,0.01,2496,/home/amos/media/tv/homeland/Homeland.S05.1080p.BluRay.x265-RARBG/Homeland.S05E12.1080p.BluRay.x265-RARBG.mp4,5,12,1796960,data/encodings/1796960/1796960_S05E12_2496_0.npy
89,1080,1920,0,674,968,195,489,86436,0.042,2520,/home/amos/media/tv/homeland/Homeland.S05.1080p.BluRay.x265-RARBG/Homeland.S05E12.1080p.BluRay.x265-RARBG.mp4,5,12,1796960,data/encodings/1796960/1796960_S05E12_2520_0.npy
90,1080,1920,1,344,485,298,439,19881,0.01,2520,/home/amos/media/tv/homeland/Homeland.S05.1080p.BluRay.x265-RARBG/Homeland.S05E12.1080p.BluRay.x265-RARBG.mp4,5,12,1796960,data/encodings/1796960/1796960_S05E12_2520_1.npy
91,1080,1920,0,823,1116,195,489,86142,0.042,2544,/home/amos/media/tv/homeland/Homeland.S05.1080p.BluRay.x265-RARBG/Homeland.S05E12.1080p.BluRay.x265-RARBG.mp4,5,12,1796960,data/encodings/1796960/1796960_S05E12_2544_0.npy
92,1080,1920,1,1505,1646,312,454,20022,0.01,2544,/home/amos/media/tv/homeland/Homeland.S05.1080p.BluRay.x265-RARBG/Homeland.S05E12.1080p.BluRay.x265-RARBG.mp4,5,12,1796960,data/encodings/1796960/1796960_S05E12_2544_1.npy
93,1080,1920,2,1765,1920,95,265,26350,0.013,2544,/home/amos/media/tv/homeland/Homeland.S05.1080p.BluRay.x265-RARBG/Homeland.S05E12.1080p.BluRay.x265-RARBG.mp4,5,12,1796960,data/encodings/1796960/1796960_S05E12_2544_2.npy
94,1080,1920,3,62,232,302,471,28730,0.014,2544,/home/amos/media/tv/homeland/Homeland.S05.1080p.BluRay.x265-RARBG/Homeland.S05E12.1080p.BluRay.x265-RARBG.mp4,5,12,1796960,data/encodings/1796960/1796960_S05E12_2544_3.npy
95,1080,1920,0,940,1362,175,598,178506,0.086,2568,/home/amos/media/tv/homeland/Homeland.S05.1080p.BluRay.x265-RARBG/Homeland.S05E12.1080p.BluRay.x265-RARBG.mp4,5,12,1796960,data/encodings/1796960/1796960_S05E12_2568_0.npy
96,1080,1920,1,1507,1677,353,523,28900,0.014,2568,/home/amos/media/tv/homeland/Homeland.S05.1080p.BluRay.x265-RARBG/Homeland.S05E12.1080p.BluRay.x265-RARBG.mp4,5,12,1796960,data/encodings/1796960/1796960_S05E12_2568_1.npy
97,1080,1920,2,785,989,388,592,41616,0.02,2568,/home/amos/media/tv/homeland/Homeland.S05.1080p.BluRay.x265-RARBG/Homeland.S05E12.1080p.BluRay.x265-RARBG.mp4,5,12,1796960,data/encodings/1796960/1796960_S05E12_2568_2.npy
98,1080,1920,0,1297,1379,146,228,6724,0.003,2592,/home/amos/media/tv/homeland/Homeland.S05.1080p.BluRay.x265-RARBG/Homeland.S05E12.1080p.BluRay.x265-RARBG.mp4,5,12,1796960,data/encodings/1796960/1796960_S05E12_2592_0.npy
99,1080,1920,0,385,630,577,822,60025,0.029,2640,/home/amos/media/tv/homeland/Homeland.S05.1080p.BluRay.x265-RARBG/Homeland.S05E12.1080p.BluRay.x265-RARBG.mp4,5,12,1796960,data/encodings/1796960/1796960_S05E12_2640_0.npy
100,1080,1920,1,1260,1463,471,674,41209,0.02,2640,/home/amos/media/tv/homeland/Homeland.S05.1080p.BluRay.x265-RARBG/Homeland.S05E12.1080p.BluRay.x265-RARBG.mp4,5,12,1796960,data/encodings/1796960/1796960_S05E12_2640_1.npy
101,1080,1920,2,1112,1281,319,489,28730,0.014,2640,/home/amos/media/tv/homeland/Homeland.S05.1080p.BluRay.x265-RARBG/Homeland.S05E12.1080p.BluRay.x265-RARBG.mp4,5,12,1796960,data/encodings/1796960/1796960_S05E12_2640_2.npy
102,1080,1920,0,1218,1422,574,778,41616,0.02,2664,/home/amos/media/tv/homeland/Homeland.S05.1080p.BluRay.x265-RARBG/Homeland.S05E12.1080p.BluRay.x265-RARBG.mp4,5,12,1796960,data/encodings/1796960/1796960_S05E12_2664_0.npy
103,1080,1920,1,1433,1575,412,554,20164,0.01,2664,/home/amos/media/tv/homeland/Homeland.S05.1080p.BluRay.x265-RARBG/Homeland.S05E12.1080p.BluRay.x265-RARBG.mp4,5,12,1796960,data/encodings/1796960/1796960_S05E12_2664_1.npy
104,1080,1920,2,1129,1299,388,557,28730,0.014,2664,/home/amos/media/tv/homeland/Homeland.S05.1080p.BluRay.x265-RARBG/Homeland.S05E12.1080p.BluRay.x265-RARBG.mp4,5,12,1796960,data/encodings/1796960/1796960_S05E12_2664_2.npy
105,1080,1920,3,1351,1595,107,351,59536,0.029,2664,/home/amos/media/tv/homeland/Homeland.S05.1080p.BluRay.x265-RARBG/Homeland.S05E12.1080p.BluRay.x265-RARBG.mp4,5,12,1796960,data/encodings/1796960/1796960_S05E12_2664_3.npy
106,1080,1920,4,888,1030,484,626,20164,0.01,2664,/home/amos/media/tv/homeland/Homeland.S05.1080p.BluRay.x265-RARBG/Homeland.S05E12.1080p.BluRay.x265-RARBG.mp4,5,12,1796960,data/encodings/1796960/1796960_S05E12_2664_4.npy
107,1080,1920,0,638,706,56,124,4624,0.002,2688,/home/amos/media/tv/homeland/Homeland.S05.1080p.BluRay.x265-RARBG/Homeland.S05E12.1080p.BluRay.x265-RARBG.mp4,5,12,1796960,data/encodings/1796960/1796960_S05E12_2688_0.npy
108,1080,1920,1,1189,1331,11,153,20164,0.01,2688,/home/amos/media/tv/homeland/Homeland.S05.1080p.BluRay.x265-RARBG/Homeland.S05E12.1080p.BluRay.x265-RARBG.mp4,5,12,1796960,data/encodings/1796960/1796960_S05E12_2688_1.npy
109,1080,1920,2,555,611,50,107,3192,0.002,2688,/home/amos/media/tv/homeland/Homeland.S05.1080p.BluRay.x265-RARBG/Homeland.S05E12.1080p.BluRay.x265-RARBG.mp4,5,12,1796960,data/encodings/1796960/1796960_S05E12_2688_2.npy
110,1080,1920,3,708,790,129,211,6724,0.003,2688,/home/amos/media/tv/homeland/Homeland.S05.1080p.BluRay.x265-RARBG/Homeland.S05E12.1080p.BluRay.x265-RARBG.mp4,5,12,1796960,data/encodings/1796960/1796960_S05E12_2688_3.npy
111,1080,1920,4,704,761,45,101,3192,0.002,2688,/home/amos/media/tv/homeland/Homeland.S05.1080p.BluRay.x265-RARBG/Homeland.S05E12.1080p.BluRay.x265-RARBG.mp4,5,12,1796960,data/encodings/1796960/1796960_S05E12_2688_4.npy
112,1080,1920,0,634,715,154,236,6642,0.003,2736,/home/amos/media/tv/homeland/Homeland.S05.1080p.BluRay.x265-RARBG/Homeland.S05E12.1080p.BluRay.x265-RARBG.mp4,5,12,1796960,data/encodings/1796960/1796960_S05E12_2736_0.npy
113,1080,1920,0,1031,1324,255,548,85849,0.041,2832,/home/amos/media/tv/homeland/Homeland.S05.1080p.BluRay.x265-RARBG/Homeland.S05E12.1080p.BluRay.x265-RARBG.mp4,5,12,1796960,data/encodings/1796960/1796960_S05E12_2832_0.npy
114,1080,1920,0,1090,1384,255,548,86142,0.042,2856,/home/amos/media/tv/homeland/Homeland.S05.1080p.BluRay.x265-RARBG/Homeland.S05E12.1080p.BluRay.x265-RARBG.mp4,5,12,1796960,data/encodings/1796960/1796960_S05E12_2856_0.npy
115,1080,1920,0,568,1177,222,830,370272,0.179,3696,/home/amos/media/tv/homeland/Homeland.S05.1080p.BluRay.x265-RARBG/Homeland.S05E12.1080p.BluRay.x265-RARBG.mp4,5,12,1796960,data/encodings/1796960/1796960_S05E12_3696_0.npy
116,1080,1920,0,1068,1420,101,453,123904,0.06,3768,/home/amos/media/tv/homeland/Homeland.S05.1080p.BluRay.x265-RARBG/Homeland.S05E12.1080p.BluRay.x265-RARBG.mp4,5,12,1796960,data/encodings/1796960/1796960_S05E12_3768_0.npy
117,1080,1920,0,854,1206,172,525,124256,0.06,3792,/home/amos/media/tv/homeland/Homeland.S05.1080p.BluRay.x265-RARBG/Homeland.S05E12.1080p.BluRay.x265-RARBG.mp4,5,12,1796960,data/encodings/1796960/1796960_S05E12_3792_0.npy
118,1080,1920,0,890,1242,208,560,123904,0.06,3936,/home/amos/media/tv/homeland/Homeland.S05.1080p.BluRay.x265-RARBG/Homeland.S05E12.1080p.BluRay.x265-RARBG.mp4,5,12,1796960,data/encodings/1796960/1796960_S05E12_3936_0.npy
119,1080,1920,0,982,1405,89,512,178929,0.086,4008,/home/amos/media/tv/homeland/Homeland.S05.1080p.BluRay.x265-RARBG/Homeland.S05E12.1080p.BluRay.x265-RARBG.mp4,5,12,1796960,data/encodings/1796960/1796960_S05E12_4008_0.npy
120,1080,1920,0,1025,1448,132,555,178929,0.086,4032,/home/amos/media/tv/homeland/Homeland.S05.1080p.BluRay.x265-RARBG/Homeland.S05E12.1080p.BluRay.x265-RARBG.mp4,5,12,1796960,data/encodings/1796960/1796960_S05E12_4032_0.npy
121,1080,1920,0,940,1362,218,640,178084,0.086,4056,/home/amos/media/tv/homeland/Homeland.S05.1080p.BluRay.x265-RARBG/Homeland.S05E12.1080p.BluRay.x265-RARBG.mp4,5,12,1796960,data/encodings/1796960/1796960_S05E12_4056_0.npy
122,1080,1920,0,854,1277,175,598,178929,0.086,4080,/home/amos/media/tv/homeland/Homeland.S05.1080p.BluRay.x265-RARBG/Homeland.S05E12.1080p.BluRay.x265-RARBG.mp4,5,12,1796960,data/encodings/1796960/1796960_S05E12_4080_0.npy
123,1080,1920,0,854,1277,132,555,178929,0.086,4104,/home/amos/media/tv/homeland/Homeland.S05.1080p.BluRay.x265-RARBG/Homeland.S05E12.1080p.BluRay.x265-RARBG.mp4,5,12,1796960,data/encodings/1796960/1796960_S05E12_4104_0.npy
124,1080,1920,0,897,1319,132,555,178506,0.086,4128,/home/amos/media/tv/homeland/Homeland.S05.1080p.BluRay.x265-RARBG/Homeland.S05E12.1080p.BluRay.x265-RARBG.mp4,5,12,1796960,data/encodings/1796960/1796960_S05E12_4128_0.npy
125,1080,1920,0,854,1277,132,555,178929,0.086,4152,/home/amos/media/tv/homeland/Homeland.S05.1080p.BluRay.x265-RARBG/Homeland.S05E12.1080p.BluRay.x265-RARBG.mp4,5,12,1796960,data/encodings/1796960/1796960_S05E12_4152_0.npy
126,1080,1920,0,897,1404,159,666,257049,0.124,4368,/home/amos/media/tv/homeland/Homeland.S05.1080p.BluRay.x265-RARBG/Homeland.S05E12.1080p.BluRay.x265-RARBG.mp4,5,12,1796960,data/encodings/1796960/1796960_S05E12_4368_0.npy
127,1080,1920,0,1025,1448,132,555,178929,0.086,4392,/home/amos/media/tv/homeland/Homeland.S05.1080p.BluRay.x265-RARBG/Homeland.S05E12.1080p.BluRay.x265-RARBG.mp4,5,12,1796960,data/encodings/1796960/1796960_S05E12_4392_0.npy
128,1080,1920,0,332,450,160,278,13924,0.007,4560,/home/amos/media/tv/homeland/Homeland.S05.1080p.BluRay.x265-RARBG/Homeland.S05E12.1080p.BluRay.x265-RARBG.mp4,5,12,1796960,data/encodings/1796960/1796960_S05E12_4560_0.npy
129,1080,1920,0,997,1349,279,632,124256,0.06,4584,/home/amos/media/tv/homeland/Homeland.S05.1080p.BluRay.x265-RARBG/Homeland.S05E12.1080p.BluRay.x265-RARBG.mp4,5,12,1796960,data/encodings/1796960/1796960_S05E12_4584_0.npy
130,1080,1920,0,1139,1491,208,560,123904,0.06,4608,/home/amos/media/tv/homeland/Homeland.S05.1080p.BluRay.x265-RARBG/Homeland.S05E12.1080p.BluRay.x265-RARBG.mp4,5,12,1796960,data/encodings/1796960/1796960_S05E12_4608_0.npy
131,1080,1920,0,393,597,140,344,41616,0.02,4632,/home/amos/media/tv/homeland/Homeland.S05.1080p.BluRay.x265-RARBG/Homeland.S05E12.1080p.BluRay.x265-RARBG.mp4,5,12,1796960,data/encodings/1796960/1796960_S05E12_4632_0.npy
132,1080,1920,0,434,638,161,365,41616,0.02,4656,/home/amos/media/tv/homeland/Homeland.S05.1080p.BluRay.x265-RARBG/Homeland.S05E12.1080p.BluRay.x265-RARBG.mp4,5,12,1796960,data/encodings/1796960/1796960_S05E12_4656_0.npy
133,1080,1920,0,537,741,140,344,41616,0.02,4680,/home/amos/media/tv/homeland/Homeland.S05.1080p.BluRay.x265-RARBG/Homeland.S05E12.1080p.BluRay.x265-RARBG.mp4,5,12,1796960,data/encodings/1796960/1796960_S05E12_4680_0.npy
134,1080,1920,0,372,576,99,303,41616,0.02,4704,/home/amos/media/tv/homeland/Homeland.S05.1080p.BluRay.x265-RARBG/Homeland.S05E12.1080p.BluRay.x265-RARBG.mp4,5,12,1796960,data/encodings/1796960/1796960_S05E12_4704_0.npy
135,1080,1920,0,961,1313,208,560,123904,0.06,4728,/home/amos/media/tv/homeland/Homeland.S05.1080p.BluRay.x265-RARBG/Homeland.S05E12.1080p.BluRay.x265-RARBG.mp4,5,12,1796960,data/encodings/1796960/1796960_S05E12_4728_0.npy
136,1080,1920,0,1104,1456,208,560,123904,0.06,4752,/home/amos/media/tv/homeland/Homeland.S05.1080p.BluRay.x265-RARBG/Homeland.S05E12.1080p.BluRay.x265-RARBG.mp4,5,12,1796960,data/encodings/1796960/1796960_S05E12_4752_0.npy
137,1080,1920,0,512,934,261,683,178084,0.086,4776,/home/amos/media/tv/homeland/Homeland.S05.1080p.BluRay.x265-RARBG/Homeland.S05E12.1080p.BluRay.x265-RARBG.mp4,5,12,1796960,data/encodings/1796960/1796960_S05E12_4776_0.npy
138,1080,1920,0,512,934,175,598,178506,0.086,4800,/home/amos/media/tv/homeland/Homeland.S05.1080p.BluRay.x265-RARBG/Homeland.S05E12.1080p.BluRay.x265-RARBG.mp4,5,12,1796960,data/encodings/1796960/1796960_S05E12_4800_0.npy
139,1080,1920,0,512,934,218,640,178084,0.086,4824,/home/amos/media/tv/homeland/Homeland.S05.1080p.BluRay.x265-RARBG/Homeland.S05E12.1080p.BluRay.x265-RARBG.mp4,5,12,1796960,data/encodings/1796960/1796960_S05E12_4824_0.npy
140,1080,1920,0,469,891,132,555,178506,0.086,4848,/home/amos/media/tv/homeland/Homeland.S05.1080p.BluRay.x265-RARBG/Homeland.S05E12.1080p.BluRay.x265-RARBG.mp4,5,12,1796960,data/encodings/1796960/1796960_S05E12_4848_0.npy
141,1080,1920,0,1032,1384,279,632,124256,0.06,4872,/home/amos/media/tv/homeland/Homeland.S05.1080p.BluRay.x265-RARBG/Homeland.S05E12.1080p.BluRay.x265-RARBG.mp4,5,12,1796960,data/encodings/1796960/1796960_S05E12_4872_0.npy
142,1080,1920,0,486,993,159,666,257049,0.124,4896,/home/amos/media/tv/homeland/Homeland.S05.1080p.BluRay.x265-RARBG/Homeland.S05E12.1080p.BluRay.x265-RARBG.mp4,5,12,1796960,data/encodings/1796960/1796960_S05E12_4896_0.npy
143,1080,1920,0,383,890,159,666,257049,0.124,4920,/home/amos/media/tv/homeland/Homeland.S05.1080p.BluRay.x265-RARBG/Homeland.S05E12.1080p.BluRay.x265-RARBG.mp4,5,12,1796960,data/encodings/1796960/1796960_S05E12_4920_0.npy
144,1080,1920,0,897,1319,218,640,178084,0.086,4944,/home/amos/media/tv/homeland/Homeland.S05.1080p.BluRay.x265-RARBG/Homeland.S05E12.1080p.BluRay.x265-RARBG.mp4,5,12,1796960,data/encodings/1796960/1796960_S05E12_4944_0.npy
145,1080,1920,0,948,1455,210,717,257049,0.124,4968,/home/amos/media/tv/homeland/Homeland.S05.1080p.BluRay.x265-RARBG/Homeland.S05E12.1080p.BluRay.x265-RARBG.mp4,5,12,1796960,data/encodings/1796960/1796960_S05E12_4968_0.npy
146,1080,1920,0,854,1277,261,683,178506,0.086,4992,/home/amos/media/tv/homeland/Homeland.S05.1080p.BluRay.x265-RARBG/Homeland.S05E12.1080p.BluRay.x265-RARBG.mp4,5,12,1796960,data/encodings/1796960/1796960_S05E12_4992_0.npy
147,1080,1920,0,982,1405,175,598,178929,0.086,5016,/home/amos/media/tv/homeland/Homeland.S05.1080p.BluRay.x265-RARBG/Homeland.S05E12.1080p.BluRay.x265-RARBG.mp4,5,12,1796960,data/encodings/1796960/1796960_S05E12_5016_0.npy
148,1080,1920,0,1051,1558,159,666,257049,0.124,5040,/home/amos/media/tv/homeland/Homeland.S05.1080p.BluRay.x265-RARBG/Homeland.S05E12.1080p.BluRay.x265-RARBG.mp4,5,12,1796960,data/encodings/1796960/1796960_S05E12_5040_0.npy
149,1080,1920,0,280,788,159,666,257556,0.124,5184,/home/amos/media/tv/homeland/Homeland.S05.1080p.BluRay.x265-RARBG/Homeland.S05E12.1080p.BluRay.x265-RARBG.mp4,5,12,1796960,data/encodings/1796960/1796960_S05E12_5184_0.npy
150,1080,1920,0,640,1147,56,563,257049,0.124,5280,/home/amos/media/tv/homeland/Homeland.S05.1080p.BluRay.x265-RARBG/Homeland.S05E12.1080p.BluRay.x265-RARBG.mp4,5,12,1796960,data/encodings/1796960/1796960_S05E12_5280_0.npy
151,1080,1920,0,445,1053,160,769,370272,0.179,5304,/home/amos/media/tv/homeland/Homeland.S05.1080p.BluRay.x265-RARBG/Homeland.S05E12.1080p.BluRay.x265-RARBG.mp4,5,12,1796960,data/encodings/1796960/1796960_S05E12_5304_0.npy
152,1080,1920,0,890,1242,244,596,123904,0.06,5328,/home/amos/media/tv/homeland/Homeland.S05.1080p.BluRay.x265-RARBG/Homeland.S05E12.1080p.BluRay.x265-RARBG.mp4,5,12,1796960,data/encodings/1796960/1796960_S05E12_5328_0.npy
153,1080,1920,0,818,1170,208,560,123904,0.06,5352,/home/amos/media/tv/homeland/Homeland.S05.1080p.BluRay.x265-RARBG/Homeland.S05E12.1080p.BluRay.x265-RARBG.mp4,5,12,1796960,data/encodings/1796960/1796960_S05E12_5352_0.npy
154,1080,1920,0,747,1099,208,560,123904,0.06,5400,/home/amos/media/tv/homeland/Homeland.S05.1080p.BluRay.x265-RARBG/Homeland.S05E12.1080p.BluRay.x265-RARBG.mp4,5,12,1796960,data/encodings/1796960/1796960_S05E12_5400_0.npy
155,1080,1920,0,854,1277,261,683,178506,0.086,5424,/home/amos/media/tv/homeland/Homeland.S05.1080p.BluRay.x265-RARBG/Homeland.S05E12.1080p.BluRay.x265-RARBG.mp4,5,12,1796960,data/encodings/1796960/1796960_S05E12_5424_0.npy
156,1080,1920,0,486,993,159,666,257049,0.124,5448,/home/amos/media/tv/homeland/Homeland.S05.1080p.BluRay.x265-RARBG/Homeland.S05E12.1080p.BluRay.x265-RARBG.mp4,5,12,1796960,data/encodings/1796960/1796960_S05E12_5448_0.npy
157,1080,1920,0,1196,1619,132,555,178929,0.086,5520,/home/amos/media/tv/homeland/Homeland.S05.1080p.BluRay.x265-RARBG/Homeland.S05E12.1080p.BluRay.x265-RARBG.mp4,5,12,1796960,data/encodings/1796960/1796960_S05E12_5520_0.npy
158,1080,1920,0,845,1353,210,717,257556,0.124,5640,/home/amos/media/tv/homeland/Homeland.S05.1080p.BluRay.x265-RARBG/Homeland.S05E12.1080p.BluRay.x265-RARBG.mp4,5,12,1796960,data/encodings/1796960/1796960_S05E12_5640_0.npy
159,1080,1920,0,691,1198,108,615,257049,0.124,5664,/home/amos/media/tv/homeland/Homeland.S05.1080p.BluRay.x265-RARBG/Homeland.S05E12.1080p.BluRay.x265-RARBG.mp4,5,12,1796960,data/encodings/1796960/1796960_S05E12_5664_0.npy
160,1080,1920,0,743,1250,159,666,257049,0.124,5688,/home/amos/media/tv/homeland/Homeland.S05.1080p.BluRay.x265-RARBG/Homeland.S05E12.1080p.BluRay.x265-RARBG.mp4,5,12,1796960,data/encodings/1796960/1796960_S05E12_5688_0.npy
161,1080,1920,0,818,1170,208,560,123904,0.06,5712,/home/amos/media/tv/homeland/Homeland.S05.1080p.BluRay.x265-RARBG/Homeland.S05E12.1080p.BluRay.x265-RARBG.mp4,5,12,1796960,data/encodings/1796960/1796960_S05E12_5712_0.npy
162,1080,1920,0,997,1349,315,667,123904,0.06,5736,/home/amos/media/tv/homeland/Homeland.S05.1080p.BluRay.x265-RARBG/Homeland.S05E12.1080p.BluRay.x265-RARBG.mp4,5,12,1796960,data/encodings/1796960/1796960_S05E12_5736_0.npy
163,1080,1920,0,997,1349,244,596,123904,0.06,5808,/home/amos/media/tv/homeland/Homeland.S05.1080p.BluRay.x265-RARBG/Homeland.S05E12.1080p.BluRay.x265-RARBG.mp4,5,12,1796960,data/encodings/1796960/1796960_S05E12_5808_0.npy
164,1080,1920,0,1301,1546,156,401,60025,0.029,5904,/home/amos/media/tv/homeland/Homeland.S05.1080p.BluRay.x265-RARBG/Homeland.S05E12.1080p.BluRay.x265-RARBG.mp4,5,12,1796960,data/encodings/1796960/1796960_S05E12_5904_0.npy
165,1080,1920,0,1227,1472,132,376,59780,0.029,5928,/home/amos/media/tv/homeland/Homeland.S05.1080p.BluRay.x265-RARBG/Homeland.S05E12.1080p.BluRay.x265-RARBG.mp4,5,12,1796960,data/encodings/1796960/1796960_S05E12_5928_0.npy
166,1080,1920,0,897,1319,261,683,178084,0.086,5976,/home/amos/media/tv/homeland/Homeland.S05.1080p.BluRay.x265-RARBG/Homeland.S05E12.1080p.BluRay.x265-RARBG.mp4,5,12,1796960,data/encodings/1796960/1796960_S05E12_5976_0.npy
167,1080,1920,0,1025,1448,261,683,178506,0.086,6000,/home/amos/media/tv/homeland/Homeland.S05.1080p.BluRay.x265-RARBG/Homeland.S05E12.1080p.BluRay.x265-RARBG.mp4,5,12,1796960,data/encodings/1796960/1796960_S05E12_6000_0.npy
168,1080,1920,0,997,1349,315,667,123904,0.06,6072,/home/amos/media/tv/homeland/Homeland.S05.1080p.BluRay.x265-RARBG/Homeland.S05E12.1080p.BluRay.x265-RARBG.mp4,5,12,1796960,data/encodings/1796960/1796960_S05E12_6072_0.npy
169,1080,1920,0,383,992,160,769,370881,0.179,6120,/home/amos/media/tv/homeland/Homeland.S05.1080p.BluRay.x265-RARBG/Homeland.S05E12.1080p.BluRay.x265-RARBG.mp4,5,12,1796960,data/encodings/1796960/1796960_S05E12_6120_0.npy
170,1080,1920,0,1068,1420,208,560,123904,0.06,6144,/home/amos/media/tv/homeland/Homeland.S05.1080p.BluRay.x265-RARBG/Homeland.S05E12.1080p.BluRay.x265-RARBG.mp4,5,12,1796960,data/encodings/1796960/1796960_S05E12_6144_0.npy
171,1080,1920,0,383,992,284,892,370272,0.179,6240,/home/amos/media/tv/homeland/Homeland.S05.1080p.BluRay.x265-RARBG/Homeland.S05E12.1080p.BluRay.x265-RARBG.mp4,5,12,1796960,data/encodings/1796960/1796960_S05E12_6240_0.npy
172,1080,1920,0,322,930,222,830,369664,0.178,6312,/home/amos/media/tv/homeland/Homeland.S05.1080p.BluRay.x265-RARBG/Homeland.S05E12.1080p.BluRay.x265-RARBG.mp4,5,12,1796960,data/encodings/1796960/1796960_S05E12_6312_0.npy
173,1080,1920,0,897,1404,313,820,257049,0.124,6336,/home/amos/media/tv/homeland/Homeland.S05.1080p.BluRay.x265-RARBG/Homeland.S05E12.1080p.BluRay.x265-RARBG.mp4,5,12,1796960,data/encodings/1796960/1796960_S05E12_6336_0.npy
174,1080,1920,0,1102,1609,364,872,257556,0.124,6360,/home/amos/media/tv/homeland/Homeland.S05.1080p.BluRay.x265-RARBG/Homeland.S05E12.1080p.BluRay.x265-RARBG.mp4,5,12,1796960,data/encodings/1796960/1796960_S05E12_6360_0.npy
175,1080,1920,0,948,1455,262,769,257049,0.124,6384,/home/amos/media/tv/homeland/Homeland.S05.1080p.BluRay.x265-RARBG/Homeland.S05E12.1080p.BluRay.x265-RARBG.mp4,5,12,1796960,data/encodings/1796960/1796960_S05E12_6384_0.npy
176,1080,1920,0,845,1353,313,820,257556,0.124,6408,/home/amos/media/tv/homeland/Homeland.S05.1080p.BluRay.x265-RARBG/Homeland.S05E12.1080p.BluRay.x265-RARBG.mp4,5,12,1796960,data/encodings/1796960/1796960_S05E12_6408_0.npy
177,1080,1920,0,897,1404,262,769,257049,0.124,6432,/home/amos/media/tv/homeland/Homeland.S05.1080p.BluRay.x265-RARBG/Homeland.S05E12.1080p.BluRay.x265-RARBG.mp4,5,12,1796960,data/encodings/1796960/1796960_S05E12_6432_0.npy
178,1080,1920,0,982,1405,389,812,178929,0.086,6456,/home/amos/media/tv/homeland/Homeland.S05.1080p.BluRay.x265-RARBG/Homeland.S05E12.1080p.BluRay.x265-RARBG.mp4,5,12,1796960,data/encodings/1796960/1796960_S05E12_6456_0.npy
179,1080,1920,0,999,1507,313,820,257556,0.124,6480,/home/amos/media/tv/homeland/Homeland.S05.1080p.BluRay.x265-RARBG/Homeland.S05E12.1080p.BluRay.x265-RARBG.mp4,5,12,1796960,data/encodings/1796960/1796960_S05E12_6480_0.npy
180,1080,1920,0,445,1053,160,769,370272,0.179,6504,/home/amos/media/tv/homeland/Homeland.S05.1080p.BluRay.x265-RARBG/Homeland.S05E12.1080p.BluRay.x265-RARBG.mp4,5,12,1796960,data/encodings/1796960/1796960_S05E12_6504_0.npy
181,1080,1920,0,1068,1491,218,640,178506,0.086,6552,/home/amos/media/tv/homeland/Homeland.S05.1080p.BluRay.x265-RARBG/Homeland.S05E12.1080p.BluRay.x265-RARBG.mp4,5,12,1796960,data/encodings/1796960/1796960_S05E12_6552_0.npy
182,1080,1920,0,1025,1448,261,683,178506,0.086,6576,/home/amos/media/tv/homeland/Homeland.S05.1080p.BluRay.x265-RARBG/Homeland.S05E12.1080p.BluRay.x265-RARBG.mp4,5,12,1796960,data/encodings/1796960/1796960_S05E12_6576_0.npy
183,1080,1920,0,1025,1448,218,640,178506,0.086,6600,/home/amos/media/tv/homeland/Homeland.S05.1080p.BluRay.x265-RARBG/Homeland.S05E12.1080p.BluRay.x265-RARBG.mp4,5,12,1796960,data/encodings/1796960/1796960_S05E12_6600_0.npy
184,1080,1920,0,322,930,160,769,370272,0.179,6696,/home/amos/media/tv/homeland/Homeland.S05.1080p.BluRay.x265-RARBG/Homeland.S05E12.1080p.BluRay.x265-RARBG.mp4,5,12,1796960,data/encodings/1796960/1796960_S05E12_6696_0.npy
185,1080,1920,0,1277,1521,231,475,59536,0.029,6744,/home/amos/media/tv/homeland/Homeland.S05.1080p.BluRay.x265-RARBG/Homeland.S05E12.1080p.BluRay.x265-RARBG.mp4,5,12,1796960,data/encodings/1796960/1796960_S05E12_6744_0.npy
186,1080,1920,0,1300,1418,375,493,13924,0.007,6888,/home/amos/media/tv/homeland/Homeland.S05.1080p.BluRay.x265-RARBG/Homeland.S05E12.1080p.BluRay.x265-RARBG.mp4,5,12,1796960,data/encodings/1796960/1796960_S05E12_6888_0.npy
187,1080,1920,0,1323,1421,277,375,9604,0.005,6912,/home/amos/media/tv/homeland/Homeland.S05.1080p.BluRay.x265-RARBG/Homeland.S05E12.1080p.BluRay.x265-RARBG.mp4,5,12,1796960,data/encodings/1796960/1796960_S05E12_6912_0.npy
188,1080,1920,0,1443,1561,351,469,13924,0.007,7488,/home/amos/media/tv/homeland/Homeland.S05.1080p.BluRay.x265-RARBG/Homeland.S05E12.1080p.BluRay.x265-RARBG.mp4,5,12,1796960,data/encodings/1796960/1796960_S05E12_7488_0.npy
189,1080,1920,0,1431,1549,327,445,13924,0.007,7512,/home/amos/media/tv/homeland/Homeland.S05.1080p.BluRay.x265-RARBG/Homeland.S05E12.1080p.BluRay.x265-RARBG.mp4,5,12,1796960,data/encodings/1796960/1796960_S05E12_7512_0.npy
190,1080,1920,0,389,559,130,299,28730,0.014,7536,/home/amos/media/tv/homeland/Homeland.S05.1080p.BluRay.x265-RARBG/Homeland.S05E12.1080p.BluRay.x265-RARBG.mp4,5,12,1796960,data/encodings/1796960/1796960_S05E12_7536_0.npy
191,1080,1920,0,406,576,164,334,28900,0.014,7560,/home/amos/media/tv/homeland/Homeland.S05.1080p.BluRay.x265-RARBG/Homeland.S05E12.1080p.BluRay.x265-RARBG.mp4,5,12,1796960,data/encodings/1796960/1796960_S05E12_7560_0.npy
192,1080,1920,0,734,1027,225,519,86142,0.042,7704,/home/amos/media/tv/homeland/Homeland.S05.1080p.BluRay.x265-RARBG/Homeland.S05E12.1080p.BluRay.x265-RARBG.mp4,5,12,1796960,data/encodings/1796960/1796960_S05E12_7704_0.npy
193,1080,1920,0,1078,1323,181,426,60025,0.029,7728,/home/amos/media/tv/homeland/Homeland.S05.1080p.BluRay.x265-RARBG/Homeland.S05E12.1080p.BluRay.x265-RARBG.mp4,5,12,1796960,data/encodings/1796960/1796960_S05E12_7728_0.npy
194,1080,1920,0,1103,1348,206,450,59780,0.029,7752,/home/amos/media/tv/homeland/Homeland.S05.1080p.BluRay.x265-RARBG/Homeland.S05E12.1080p.BluRay.x265-RARBG.mp4,5,12,1796960,data/encodings/1796960/1796960_S05E12_7752_0.npy
195,1080,1920,0,320,490,130,299,28730,0.014,7800,/home/amos/media/tv/homeland/Homeland.S05.1080p.BluRay.x265-RARBG/Homeland.S05E12.1080p.BluRay.x265-RARBG.mp4,5,12,1796960,data/encodings/1796960/1796960_S05E12_7800_0.npy
196,1080,1920,0,389,559,147,317,28900,0.014,7824,/home/amos/media/tv/homeland/Homeland.S05.1080p.BluRay.x265-RARBG/Homeland.S05E12.1080p.BluRay.x265-RARBG.mp4,5,12,1796960,data/encodings/1796960/1796960_S05E12_7824_0.npy
197,1080,1920,0,997,1349,244,596,123904,0.06,7848,/home/amos/media/tv/homeland/Homeland.S05.1080p.BluRay.x265-RARBG/Homeland.S05E12.1080p.BluRay.x265-RARBG.mp4,5,12,1796960,data/encodings/1796960/1796960_S05E12_7848_0.npy
198,1080,1920,0,1032,1384,315,667,123904,0.06,7872,/home/amos/media/tv/homeland/Homeland.S05.1080p.BluRay.x265-RARBG/Homeland.S05E12.1080p.BluRay.x265-RARBG.mp4,5,12,1796960,data/encodings/1796960/1796960_S05E12_7872_0.npy
199,1080,1920,0,585,878,255,548,85849,0.041,7896,/home/amos/media/tv/homeland/Homeland.S05.1080p.BluRay.x265-RARBG/Homeland.S05E12.1080p.BluRay.x265-RARBG.mp4,5,12,1796960,data/encodings/1796960/1796960_S05E12_7896_0.npy
200,1080,1920,0,763,1057,225,519,86436,0.042,7920,/home/amos/media/tv/homeland/Homeland.S05.1080p.BluRay.x265-RARBG/Homeland.S05E12.1080p.BluRay.x265-RARBG.mp4,5,12,1796960,data/encodings/1796960/1796960_S05E12_7920_0.npy
201,1080,1920,0,466,760,225,519,86436,0.042,7944,/home/amos/media/tv/homeland/Homeland.S05.1080p.BluRay.x265-RARBG/Homeland.S05E12.1080p.BluRay.x265-RARBG.mp4,5,12,1796960,data/encodings/1796960/1796960_S05E12_7944_0.npy
202,1080,1920,0,793,1087,255,548,86142,0.042,7968,/home/amos/media/tv/homeland/Homeland.S05.1080p.BluRay.x265-RARBG/Homeland.S05E12.1080p.BluRay.x265-RARBG.mp4,5,12,1796960,data/encodings/1796960/1796960_S05E12_7968_0.npy
203,1080,1920,0,674,968,285,578,86142,0.042,7992,/home/amos/media/tv/homeland/Homeland.S05.1080p.BluRay.x265-RARBG/Homeland.S05E12.1080p.BluRay.x265-RARBG.mp4,5,12,1796960,data/encodings/1796960/1796960_S05E12_7992_0.npy
204,1080,1920,0,1490,1632,269,411,20164,0.01,8016,/home/amos/media/tv/homeland/Homeland.S05.1080p.BluRay.x265-RARBG/Homeland.S05E12.1080p.BluRay.x265-RARBG.mp4,5,12,1796960,data/encodings/1796960/1796960_S05E12_8016_0.npy
205,1080,1920,0,704,997,195,489,86142,0.042,8112,/home/amos/media/tv/homeland/Homeland.S05.1080p.BluRay.x265-RARBG/Homeland.S05E12.1080p.BluRay.x265-RARBG.mp4,5,12,1796960,data/encodings/1796960/1796960_S05E12_8112_0.npy
206,1080,1920,0,585,878,225,519,86142,0.042,8136,/home/amos/media/tv/homeland/Homeland.S05.1080p.BluRay.x265-RARBG/Homeland.S05E12.1080p.BluRay.x265-RARBG.mp4,5,12,1796960,data/encodings/1796960/1796960_S05E12_8136_0.npy
207,1080,1920,0,615,908,225,519,86142,0.042,8160,/home/amos/media/tv/homeland/Homeland.S05.1080p.BluRay.x265-RARBG/Homeland.S05E12.1080p.BluRay.x265-RARBG.mp4,5,12,1796960,data/encodings/1796960/1796960_S05E12_8160_0.npy
208,1080,1920,0,674,968,255,548,86142,0.042,8184,/home/amos/media/tv/homeland/Homeland.S05.1080p.BluRay.x265-RARBG/Homeland.S05E12.1080p.BluRay.x265-RARBG.mp4,5,12,1796960,data/encodings/1796960/1796960_S05E12_8184_0.npy
209,1080,1920,0,890,1242,208,560,123904,0.06,8352,/home/amos/media/tv/homeland/Homeland.S05.1080p.BluRay.x265-RARBG/Homeland.S05E12.1080p.BluRay.x265-RARBG.mp4,5,12,1796960,data/encodings/1796960/1796960_S05E12_8352_0.npy
210,1080,1920,0,837,894,206,263,3249,0.002,8688,/home/amos/media/tv/homeland/Homeland.S05.1080p.BluRay.x265-RARBG/Homeland.S05E12.1080p.BluRay.x265-RARBG.mp4,5,12,1796960,data/encodings/1796960/1796960_S05E12_8688_0.npy
211,1080,1920,0,775,856,245,327,6642,0.003,8832,/home/amos/media/tv/homeland/Homeland.S05.1080p.BluRay.x265-RARBG/Homeland.S05E12.1080p.BluRay.x265-RARBG.mp4,5,12,1796960,data/encodings/1796960/1796960_S05E12_8832_0.npy
212,1080,1920,0,1239,1443,306,509,41412,0.02,8880,/home/amos/media/tv/homeland/Homeland.S05.1080p.BluRay.x265-RARBG/Homeland.S05E12.1080p.BluRay.x265-RARBG.mp4,5,12,1796960,data/encodings/1796960/1796960_S05E12_8880_0.npy
213,1080,1920,0,1218,1422,244,447,41412,0.02,8904,/home/amos/media/tv/homeland/Homeland.S05.1080p.BluRay.x265-RARBG/Homeland.S05E12.1080p.BluRay.x265-RARBG.mp4,5,12,1796960,data/encodings/1796960/1796960_S05E12_8904_0.npy
214,1080,1920,0,509,753,255,500,59780,0.029,8928,/home/amos/media/tv/homeland/Homeland.S05.1080p.BluRay.x265-RARBG/Homeland.S05E12.1080p.BluRay.x265-RARBG.mp4,5,12,1796960,data/encodings/1796960/1796960_S05E12_8928_0.npy
215,1080,1920,0,852,1146,255,548,86142,0.042,8976,/home/amos/media/tv/homeland/Homeland.S05.1080p.BluRay.x265-RARBG/Homeland.S05E12.1080p.BluRay.x265-RARBG.mp4,5,12,1796960,data/encodings/1796960/1796960_S05E12_8976_0.npy
216,1080,1920,0,716,858,126,267,20022,0.01,9600,/home/amos/media/tv/homeland/Homeland.S05.1080p.BluRay.x265-RARBG/Homeland.S05E12.1080p.BluRay.x265-RARBG.mp4,5,12,1796960,data/encodings/1796960/1796960_S05E12_9600_0.npy
217,1080,1920,0,984,1052,256,324,4624,0.002,11976,/home/amos/media/tv/homeland/Homeland.S05.1080p.BluRay.x265-RARBG/Homeland.S05E12.1080p.BluRay.x265-RARBG.mp4,5,12,1796960,data/encodings/1796960/1796960_S05E12_11976_0.npy
218,1080,1920,0,1007,1089,287,369,6724,0.003,12000,/home/amos/media/tv/homeland/Homeland.S05.1080p.BluRay.x265-RARBG/Homeland.S05E12.1080p.BluRay.x265-RARBG.mp4,5,12,1796960,data/encodings/1796960/1796960_S05E12_12000_0.npy
219,1080,1920,0,1132,1274,240,382,20164,0.01,12024,/home/amos/media/tv/homeland/Homeland.S05.1080p.BluRay.x265-RARBG/Homeland.S05E12.1080p.BluRay.x265-RARBG.mp4,5,12,1796960,data/encodings/1796960/1796960_S05E12_12024_0.npy
220,1080,1920,0,1209,1503,195,489,86436,0.042,12048,/home/amos/media/tv/homeland/Homeland.S05.1080p.BluRay.x265-RARBG/Homeland.S05E12.1080p.BluRay.x265-RARBG.mp4,5,12,1796960,data/encodings/1796960/1796960_S05E12_12048_0.npy
221,1080,1920,0,674,968,136,429,86142,0.042,12096,/home/amos/media/tv/homeland/Homeland.S05.1080p.BluRay.x265-RARBG/Homeland.S05E12.1080p.BluRay.x265-RARBG.mp4,5,12,1796960,data/encodings/1796960/1796960_S05E12_12096_0.npy
222,1080,1920,0,732,976,156,401,59780,0.029,12120,/home/amos/media/tv/homeland/Homeland.S05.1080p.BluRay.x265-RARBG/Homeland.S05E12.1080p.BluRay.x265-RARBG.mp4,5,12,1796960,data/encodings/1796960/1796960_S05E12_12120_0.npy
223,1080,1920,0,826,1030,202,406,41616,0.02,12144,/home/amos/media/tv/homeland/Homeland.S05.1080p.BluRay.x265-RARBG/Homeland.S05E12.1080p.BluRay.x265-RARBG.mp4,5,12,1796960,data/encodings/1796960/1796960_S05E12_12144_0.npy
224,1080,1920,0,764,968,202,406,41616,0.02,12168,/home/amos/media/tv/homeland/Homeland.S05.1080p.BluRay.x265-RARBG/Homeland.S05E12.1080p.BluRay.x265-RARBG.mp4,5,12,1796960,data/encodings/1796960/1796960_S05E12_12168_0.npy
225,1080,1920,0,534,778,181,426,59780,0.029,12192,/home/amos/media/tv/homeland/Homeland.S05.1080p.BluRay.x265-RARBG/Homeland.S05E12.1080p.BluRay.x265-RARBG.mp4,5,12,1796960,data/encodings/1796960/1796960_S05E12_12192_0.npy
226,1080,1920,0,644,938,106,400,86436,0.042,12216,/home/amos/media/tv/homeland/Homeland.S05.1080p.BluRay.x265-RARBG/Homeland.S05E12.1080p.BluRay.x265-RARBG.mp4,5,12,1796960,data/encodings/1796960/1796960_S05E12_12216_0.npy
227,1080,1920,0,961,1313,172,525,124256,0.06,12240,/home/amos/media/tv/homeland/Homeland.S05.1080p.BluRay.x265-RARBG/Homeland.S05E12.1080p.BluRay.x265-RARBG.mp4,5,12,1796960,data/encodings/1796960/1796960_S05E12_12240_0.npy
228,1080,1920,0,445,1053,0,522,317376,0.153,12264,/home/amos/media/tv/homeland/Homeland.S05.1080p.BluRay.x265-RARBG/Homeland.S05E12.1080p.BluRay.x265-RARBG.mp4,5,12,1796960,data/encodings/1796960/1796960_S05E12_12264_0.npy
229,1080,1920,0,383,992,160,769,370881,0.179,12288,/home/amos/media/tv/homeland/Homeland.S05.1080p.BluRay.x265-RARBG/Homeland.S05E12.1080p.BluRay.x265-RARBG.mp4,5,12,1796960,data/encodings/1796960/1796960_S05E12_12288_0.npy
230,1080,1920,0,568,1177,160,769,370881,0.179,12312,/home/amos/media/tv/homeland/Homeland.S05.1080p.BluRay.x265-RARBG/Homeland.S05E12.1080p.BluRay.x265-RARBG.mp4,5,12,1796960,data/encodings/1796960/1796960_S05E12_12312_0.npy
231,1080,1920,0,568,1177,160,769,370881,0.179,12336,/home/amos/media/tv/homeland/Homeland.S05.1080p.BluRay.x265-RARBG/Homeland.S05E12.1080p.BluRay.x265-RARBG.mp4,5,12,1796960,data/encodings/1796960/1796960_S05E12_12336_0.npy
232,1080,1920,0,630,1238,222,830,369664,0.178,12360,/home/amos/media/tv/homeland/Homeland.S05.1080p.BluRay.x265-RARBG/Homeland.S05E12.1080p.BluRay.x265-RARBG.mp4,5,12,1796960,data/encodings/1796960/1796960_S05E12_12360_0.npy
233,1080,1920,0,568,1177,99,707,370272,0.179,12384,/home/amos/media/tv/homeland/Homeland.S05.1080p.BluRay.x265-RARBG/Homeland.S05E12.1080p.BluRay.x265-RARBG.mp4,5,12,1796960,data/encodings/1796960/1796960_S05E12_12384_0.npy
234,1080,1920,0,630,1238,160,769,370272,0.179,12408,/home/amos/media/tv/homeland/Homeland.S05.1080p.BluRay.x265-RARBG/Homeland.S05E12.1080p.BluRay.x265-RARBG.mp4,5,12,1796960,data/encodings/1796960/1796960_S05E12_12408_0.npy
235,1080,1920,0,568,1177,37,646,370881,0.179,12432,/home/amos/media/tv/homeland/Homeland.S05.1080p.BluRay.x265-RARBG/Homeland.S05E12.1080p.BluRay.x265-RARBG.mp4,5,12,1796960,data/encodings/1796960/1796960_S05E12_12432_0.npy
236,1080,1920,0,743,1250,210,717,257049,0.124,12456,/home/amos/media/tv/homeland/Homeland.S05.1080p.BluRay.x265-RARBG/Homeland.S05E12.1080p.BluRay.x265-RARBG.mp4,5,12,1796960,data/encodings/1796960/1796960_S05E12_12456_0.npy
237,1080,1920,0,691,1198,159,666,257049,0.124,12480,/home/amos/media/tv/homeland/Homeland.S05.1080p.BluRay.x265-RARBG/Homeland.S05E12.1080p.BluRay.x265-RARBG.mp4,5,12,1796960,data/encodings/1796960/1796960_S05E12_12480_0.npy
238,1080,1920,0,589,1096,467,974,257049,0.124,12504,/home/amos/media/tv/homeland/Homeland.S05.1080p.BluRay.x265-RARBG/Homeland.S05E12.1080p.BluRay.x265-RARBG.mp4,5,12,1796960,data/encodings/1796960/1796960_S05E12_12504_0.npy
239,1080,1920,0,537,1044,467,974,257049,0.124,12528,/home/amos/media/tv/homeland/Homeland.S05.1080p.BluRay.x265-RARBG/Homeland.S05E12.1080p.BluRay.x265-RARBG.mp4,5,12,1796960,data/encodings/1796960/1796960_S05E12_12528_0.npy
240,1080,1920,0,537,1044,0,461,233727,0.113,12552,/home/amos/media/tv/homeland/Homeland.S05.1080p.BluRay.x265-RARBG/Homeland.S05E12.1080p.BluRay.x265-RARBG.mp4,5,12,1796960,data/encodings/1796960/1796960_S05E12_12552_0.npy
241,1080,1920,0,640,1147,262,769,257049,0.124,12576,/home/amos/media/tv/homeland/Homeland.S05.1080p.BluRay.x265-RARBG/Homeland.S05E12.1080p.BluRay.x265-RARBG.mp4,5,12,1796960,data/encodings/1796960/1796960_S05E12_12576_0.npy
242,1080,1920,0,280,788,313,820,257556,0.124,12600,/home/amos/media/tv/homeland/Homeland.S05.1080p.BluRay.x265-RARBG/Homeland.S05E12.1080p.BluRay.x265-RARBG.mp4,5,12,1796960,data/encodings/1796960/1796960_S05E12_12600_0.npy
243,1080,1920,0,332,839,210,717,257049,0.124,12624,/home/amos/media/tv/homeland/Homeland.S05.1080p.BluRay.x265-RARBG/Homeland.S05E12.1080p.BluRay.x265-RARBG.mp4,5,12,1796960,data/encodings/1796960/1796960_S05E12_12624_0.npy
244,1080,1920,0,815,1423,99,707,369664,0.178,12648,/home/amos/media/tv/homeland/Homeland.S05.1080p.BluRay.x265-RARBG/Homeland.S05E12.1080p.BluRay.x265-RARBG.mp4,5,12,1796960,data/encodings/1796960/1796960_S05E12_12648_0.npy
245,1080,1920,0,815,1423,37,646,370272,0.179,12672,/home/amos/media/tv/homeland/Homeland.S05.1080p.BluRay.x265-RARBG/Homeland.S05E12.1080p.BluRay.x265-RARBG.mp4,5,12,1796960,data/encodings/1796960/1796960_S05E12_12672_0.npy
246,1080,1920,0,815,1423,99,707,369664,0.178,12696,/home/amos/media/tv/homeland/Homeland.S05.1080p.BluRay.x265-RARBG/Homeland.S05E12.1080p.BluRay.x265-RARBG.mp4,5,12,1796960,data/encodings/1796960/1796960_S05E12_12696_0.npy
247,1080,1920,0,322,930,284,892,369664,0.178,12720,/home/amos/media/tv/homeland/Homeland.S05.1080p.BluRay.x265-RARBG/Homeland.S05E12.1080p.BluRay.x265-RARBG.mp4,5,12,1796960,data/encodings/1796960/1796960_S05E12_12720_0.npy
248,1080,1920,0,383,890,108,615,257049,0.124,12744,/home/amos/media/tv/homeland/Homeland.S05.1080p.BluRay.x265-RARBG/Homeland.S05E12.1080p.BluRay.x265-RARBG.mp4,5,12,1796960,data/encodings/1796960/1796960_S05E12_12744_0.npy
249,1080,1920,0,999,1608,0,584,355656,0.172,12768,/home/amos/media/tv/homeland/Homeland.S05.1080p.BluRay.x265-RARBG/Homeland.S05E12.1080p.BluRay.x265-RARBG.mp4,5,12,1796960,data/encodings/1796960/1796960_S05E12_12768_0.npy
250,1080,1920,0,738,1468,17,747,532900,0.257,12816,/home/amos/media/tv/homeland/Homeland.S05.1080p.BluRay.x265-RARBG/Homeland.S05E12.1080p.BluRay.x265-RARBG.mp4,5,12,1796960,data/encodings/1796960/1796960_S05E12_12816_0.npy
251,1080,1920,0,260,868,99,707,369664,0.178,12840,/home/amos/media/tv/homeland/Homeland.S05.1080p.BluRay.x265-RARBG/Homeland.S05E12.1080p.BluRay.x265-RARBG.mp4,5,12,1796960,data/encodings/1796960/1796960_S05E12_12840_0.npy
252,1080,1920,0,322,930,160,769,370272,0.179,12864,/home/amos/media/tv/homeland/Homeland.S05.1080p.BluRay.x265-RARBG/Homeland.S05E12.1080p.BluRay.x265-RARBG.mp4,5,12,1796960,data/encodings/1796960/1796960_S05E12_12864_0.npy
253,1080,1920,0,322,930,160,769,370272,0.179,12888,/home/amos/media/tv/homeland/Homeland.S05.1080p.BluRay.x265-RARBG/Homeland.S05E12.1080p.BluRay.x265-RARBG.mp4,5,12,1796960,data/encodings/1796960/1796960_S05E12_12888_0.npy
254,1080,1920,0,322,930,160,769,370272,0.179,12912,/home/amos/media/tv/homeland/Homeland.S05.1080p.BluRay.x265-RARBG/Homeland.S05E12.1080p.BluRay.x265-RARBG.mp4,5,12,1796960,data/encodings/1796960/1796960_S05E12_12912_0.npy
255,1080,1920,0,322,930,222,830,369664,0.178,12936,/home/amos/media/tv/homeland/Homeland.S05.1080p.BluRay.x265-RARBG/Homeland.S05E12.1080p.BluRay.x265-RARBG.mp4,5,12,1796960,data/encodings/1796960/1796960_S05E12_12936_0.npy
256,1080,1920,0,260,868,99,707,369664,0.178,12960,/home/amos/media/tv/homeland/Homeland.S05.1080p.BluRay.x265-RARBG/Homeland.S05E12.1080p.BluRay.x265-RARBG.mp4,5,12,1796960,data/encodings/1796960/1796960_S05E12_12960_0.npy
257,1080,1920,0,1032,1384,172,525,124256,0.06,12984,/home/amos/media/tv/homeland/Homeland.S05.1080p.BluRay.x265-RARBG/Homeland.S05E12.1080p.BluRay.x265-RARBG.mp4,5,12,1796960,data/encodings/1796960/1796960_S05E12_12984_0.npy
258,1080,1920,0,1139,1491,137,489,123904,0.06,13008,/home/amos/media/tv/homeland/Homeland.S05.1080p.BluRay.x265-RARBG/Homeland.S05E12.1080p.BluRay.x265-RARBG.mp4,5,12,1796960,data/encodings/1796960/1796960_S05E12_13008_0.npy
259,1080,1920,0,445,1053,160,769,370272,0.179,13032,/home/amos/media/tv/homeland/Homeland.S05.1080p.BluRay.x265-RARBG/Homeland.S05E12.1080p.BluRay.x265-RARBG.mp4,5,12,1796960,data/encodings/1796960/1796960_S05E12_13032_0.npy
260,1080,1920,0,445,1053,222,830,369664,0.178,13056,/home/amos/media/tv/homeland/Homeland.S05.1080p.BluRay.x265-RARBG/Homeland.S05E12.1080p.BluRay.x265-RARBG.mp4,5,12,1796960,data/encodings/1796960/1796960_S05E12_13056_0.npy
261,1080,1920,0,486,993,159,666,257049,0.124,13080,/home/amos/media/tv/homeland/Homeland.S05.1080p.BluRay.x265-RARBG/Homeland.S05E12.1080p.BluRay.x265-RARBG.mp4,5,12,1796960,data/encodings/1796960/1796960_S05E12_13080_0.npy
262,1080,1920,0,1181,1912,17,747,533630,0.257,13104,/home/amos/media/tv/homeland/Homeland.S05.1080p.BluRay.x265-RARBG/Homeland.S05E12.1080p.BluRay.x265-RARBG.mp4,5,12,1796960,data/encodings/1796960/1796960_S05E12_13104_0.npy
263,1080,1920,0,811,1542,17,747,533630,0.257,13128,/home/amos/media/tv/homeland/Homeland.S05.1080p.BluRay.x265-RARBG/Homeland.S05E12.1080p.BluRay.x265-RARBG.mp4,5,12,1796960,data/encodings/1796960/1796960_S05E12_13128_0.npy
264,1080,1920,0,260,868,99,707,369664,0.178,13152,/home/amos/media/tv/homeland/Homeland.S05.1080p.BluRay.x265-RARBG/Homeland.S05E12.1080p.BluRay.x265-RARBG.mp4,5,12,1796960,data/encodings/1796960/1796960_S05E12_13152_0.npy
265,1080,1920,0,332,839,210,717,257049,0.124,13176,/home/amos/media/tv/homeland/Homeland.S05.1080p.BluRay.x265-RARBG/Homeland.S05E12.1080p.BluRay.x265-RARBG.mp4,5,12,1796960,data/encodings/1796960/1796960_S05E12_13176_0.npy
266,1080,1920,0,332,839,159,666,257049,0.124,13200,/home/amos/media/tv/homeland/Homeland.S05.1080p.BluRay.x265-RARBG/Homeland.S05E12.1080p.BluRay.x265-RARBG.mp4,5,12,1796960,data/encodings/1796960/1796960_S05E12_13200_0.npy
267,1080,1920,0,753,1362,99,707,370272,0.179,13224,/home/amos/media/tv/homeland/Homeland.S05.1080p.BluRay.x265-RARBG/Homeland.S05E12.1080p.BluRay.x265-RARBG.mp4,5,12,1796960,data/encodings/1796960/1796960_S05E12_13224_0.npy
268,1080,1920,0,753,1362,160,769,370881,0.179,13248,/home/amos/media/tv/homeland/Homeland.S05.1080p.BluRay.x265-RARBG/Homeland.S05E12.1080p.BluRay.x265-RARBG.mp4,5,12,1796960,data/encodings/1796960/1796960_S05E12_13248_0.npy
269,1080,1920,0,280,788,159,666,257556,0.124,13272,/home/amos/media/tv/homeland/Homeland.S05.1080p.BluRay.x265-RARBG/Homeland.S05E12.1080p.BluRay.x265-RARBG.mp4,5,12,1796960,data/encodings/1796960/1796960_S05E12_13272_0.npy
270,1080,1920,0,383,890,0,461,233727,0.113,13320,/home/amos/media/tv/homeland/Homeland.S05.1080p.BluRay.x265-RARBG/Homeland.S05E12.1080p.BluRay.x265-RARBG.mp4,5,12,1796960,data/encodings/1796960/1796960_S05E12_13320_0.npy
271,1080,1920,0,255,677,218,640,178084,0.086,13344,/home/amos/media/tv/homeland/Homeland.S05.1080p.BluRay.x265-RARBG/Homeland.S05E12.1080p.BluRay.x265-RARBG.mp4,5,12,1796960,data/encodings/1796960/1796960_S05E12_13344_0.npy
272,1080,1920,0,332,839,416,923,257049,0.124,13368,/home/amos/media/tv/homeland/Homeland.S05.1080p.BluRay.x265-RARBG/Homeland.S05E12.1080p.BluRay.x265-RARBG.mp4,5,12,1796960,data/encodings/1796960/1796960_S05E12_13368_0.npy
273,1080,1920,0,435,942,313,820,257049,0.124,13392,/home/amos/media/tv/homeland/Homeland.S05.1080p.BluRay.x265-RARBG/Homeland.S05E12.1080p.BluRay.x265-RARBG.mp4,5,12,1796960,data/encodings/1796960/1796960_S05E12_13392_0.npy
274,1080,1920,0,876,1485,160,769,370881,0.179,13416,/home/amos/media/tv/homeland/Homeland.S05.1080p.BluRay.x265-RARBG/Homeland.S05E12.1080p.BluRay.x265-RARBG.mp4,5,12,1796960,data/encodings/1796960/1796960_S05E12_13416_0.npy
275,1080,1920,0,815,1423,160,769,370272,0.179,13440,/home/amos/media/tv/homeland/Homeland.S05.1080p.BluRay.x265-RARBG/Homeland.S05E12.1080p.BluRay.x265-RARBG.mp4,5,12,1796960,data/encodings/1796960/1796960_S05E12_13440_0.npy
276,1080,1920,0,885,1616,17,747,533630,0.257,13464,/home/amos/media/tv/homeland/Homeland.S05.1080p.BluRay.x265-RARBG/Homeland.S05E12.1080p.BluRay.x265-RARBG.mp4,5,12,1796960,data/encodings/1796960/1796960_S05E12_13464_0.npy
277,1080,1920,0,753,1362,222,830,370272,0.179,13488,/home/amos/media/tv/homeland/Homeland.S05.1080p.BluRay.x265-RARBG/Homeland.S05E12.1080p.BluRay.x265-RARBG.mp4,5,12,1796960,data/encodings/1796960/1796960_S05E12_13488_0.npy
278,1080,1920,0,815,1423,284,892,369664,0.178,13512,/home/amos/media/tv/homeland/Homeland.S05.1080p.BluRay.x265-RARBG/Homeland.S05E12.1080p.BluRay.x265-RARBG.mp4,5,12,1796960,data/encodings/1796960/1796960_S05E12_13512_0.npy
279,1080,1920,0,738,1468,239,969,532900,0.257,13536,/home/amos/media/tv/homeland/Homeland.S05.1080p.BluRay.x265-RARBG/Homeland.S05E12.1080p.BluRay.x265-RARBG.mp4,5,12,1796960,data/encodings/1796960/1796960_S05E12_13536_0.npy
280,1080,1920,0,738,1468,239,969,532900,0.257,13560,/home/amos/media/tv/homeland/Homeland.S05.1080p.BluRay.x265-RARBG/Homeland.S05E12.1080p.BluRay.x265-RARBG.mp4,5,12,1796960,data/encodings/1796960/1796960_S05E12_13560_0.npy
281,1080,1920,0,280,788,108,615,257556,0.124,13584,/home/amos/media/tv/homeland/Homeland.S05.1080p.BluRay.x265-RARBG/Homeland.S05E12.1080p.BluRay.x265-RARBG.mp4,5,12,1796960,data/encodings/1796960/1796960_S05E12_13584_0.npy
282,1080,1920,0,280,788,5,512,257556,0.124,13608,/home/amos/media/tv/homeland/Homeland.S05.1080p.BluRay.x265-RARBG/Homeland.S05E12.1080p.BluRay.x265-RARBG.mp4,5,12,1796960,data/encodings/1796960/1796960_S05E12_13608_0.npy
283,1080,1920,0,435,942,159,666,257049,0.124,13632,/home/amos/media/tv/homeland/Homeland.S05.1080p.BluRay.x265-RARBG/Homeland.S05E12.1080p.BluRay.x265-RARBG.mp4,5,12,1796960,data/encodings/1796960/1796960_S05E12_13632_0.npy
284,1080,1920,0,383,890,159,666,257049,0.124,13656,/home/amos/media/tv/homeland/Homeland.S05.1080p.BluRay.x265-RARBG/Homeland.S05E12.1080p.BluRay.x265-RARBG.mp4,5,12,1796960,data/encodings/1796960/1796960_S05E12_13656_0.npy
285,1080,1920,0,435,942,159,666,257049,0.124,13680,/home/amos/media/tv/homeland/Homeland.S05.1080p.BluRay.x265-RARBG/Homeland.S05E12.1080p.BluRay.x265-RARBG.mp4,5,12,1796960,data/encodings/1796960/1796960_S05E12_13680_0.npy
286,1080,1920,0,1008,1178,198,368,28900,0.014,13776,/home/amos/media/tv/homeland/Homeland.S05.1080p.BluRay.x265-RARBG/Homeland.S05E12.1080p.BluRay.x265-RARBG.mp4,5,12,1796960,data/encodings/1796960/1796960_S05E12_13776_0.npy
287,1080,1920,0,1074,1278,182,385,41412,0.02,13800,/home/amos/media/tv/homeland/Homeland.S05.1080p.BluRay.x265-RARBG/Homeland.S05E12.1080p.BluRay.x265-RARBG.mp4,5,12,1796960,data/encodings/1796960/1796960_S05E12_13800_0.npy
288,1080,1920,0,1128,1373,231,475,59780,0.029,13824,/home/amos/media/tv/homeland/Homeland.S05.1080p.BluRay.x265-RARBG/Homeland.S05E12.1080p.BluRay.x265-RARBG.mp4,5,12,1796960,data/encodings/1796960/1796960_S05E12_13824_0.npy
289,1080,1920,0,971,1174,202,406,41412,0.02,13848,/home/amos/media/tv/homeland/Homeland.S05.1080p.BluRay.x265-RARBG/Homeland.S05E12.1080p.BluRay.x265-RARBG.mp4,5,12,1796960,data/encodings/1796960/1796960_S05E12_13848_0.npy
290,1080,1920,0,640,992,279,632,124256,0.06,14088,/home/amos/media/tv/homeland/Homeland.S05.1080p.BluRay.x265-RARBG/Homeland.S05E12.1080p.BluRay.x265-RARBG.mp4,5,12,1796960,data/encodings/1796960/1796960_S05E12_14088_0.npy
291,1080,1920,0,818,1170,244,596,123904,0.06,14112,/home/amos/media/tv/homeland/Homeland.S05.1080p.BluRay.x265-RARBG/Homeland.S05E12.1080p.BluRay.x265-RARBG.mp4,5,12,1796960,data/encodings/1796960/1796960_S05E12_14112_0.npy
292,1080,1920,0,1154,1576,218,640,178084,0.086,14136,/home/amos/media/tv/homeland/Homeland.S05.1080p.BluRay.x265-RARBG/Homeland.S05E12.1080p.BluRay.x265-RARBG.mp4,5,12,1796960,data/encodings/1796960/1796960_S05E12_14136_0.npy
293,1080,1920,0,615,908,166,459,85849,0.041,14352,/home/amos/media/tv/homeland/Homeland.S05.1080p.BluRay.x265-RARBG/Homeland.S05E12.1080p.BluRay.x265-RARBG.mp4,5,12,1796960,data/encodings/1796960/1796960_S05E12_14352_0.npy
294,1080,1920,0,633,877,206,450,59536,0.029,14376,/home/amos/media/tv/homeland/Homeland.S05.1080p.BluRay.x265-RARBG/Homeland.S05E12.1080p.BluRay.x265-RARBG.mp4,5,12,1796960,data/encodings/1796960/1796960_S05E12_14376_0.npy
295,1080,1920,0,585,878,195,489,86142,0.042,14400,/home/amos/media/tv/homeland/Homeland.S05.1080p.BluRay.x265-RARBG/Homeland.S05E12.1080p.BluRay.x265-RARBG.mp4,5,12,1796960,data/encodings/1796960/1796960_S05E12_14400_0.npy
296,1080,1920,0,534,778,231,475,59536,0.029,14424,/home/amos/media/tv/homeland/Homeland.S05.1080p.BluRay.x265-RARBG/Homeland.S05E12.1080p.BluRay.x265-RARBG.mp4,5,12,1796960,data/encodings/1796960/1796960_S05E12_14424_0.npy
297,1080,1920,0,644,938,225,519,86436,0.042,14448,/home/amos/media/tv/homeland/Homeland.S05.1080p.BluRay.x265-RARBG/Homeland.S05E12.1080p.BluRay.x265-RARBG.mp4,5,12,1796960,data/encodings/1796960/1796960_S05E12_14448_0.npy
298,1080,1920,0,747,1099,172,525,124256,0.06,14592,/home/amos/media/tv/homeland/Homeland.S05.1080p.BluRay.x265-RARBG/Homeland.S05E12.1080p.BluRay.x265-RARBG.mp4,5,12,1796960,data/encodings/1796960/1796960_S05E12_14592_0.npy
299,1080,1920,0,676,1028,137,489,123904,0.06,14616,/home/amos/media/tv/homeland/Homeland.S05.1080p.BluRay.x265-RARBG/Homeland.S05E12.1080p.BluRay.x265-RARBG.mp4,5,12,1796960,data/encodings/1796960/1796960_S05E12_14616_0.npy
300,1080,1920,0,608,852,206,450,59536,0.029,14688,/home/amos/media/tv/homeland/Homeland.S05.1080p.BluRay.x265-RARBG/Homeland.S05E12.1080p.BluRay.x265-RARBG.mp4,5,12,1796960,data/encodings/1796960/1796960_S05E12_14688_0.npy
301,1080,1920,0,925,1277,208,560,123904,0.06,14760,/home/amos/media/tv/homeland/Homeland.S05.1080p.BluRay.x265-RARBG/Homeland.S05E12.1080p.BluRay.x265-RARBG.mp4,5,12,1796960,data/encodings/1796960/1796960_S05E12_14760_0.npy
302,1080,1920,0,1001,1295,166,459,86142,0.042,14784,/home/amos/media/tv/homeland/Homeland.S05.1080p.BluRay.x265-RARBG/Homeland.S05E12.1080p.BluRay.x265-RARBG.mp4,5,12,1796960,data/encodings/1796960/1796960_S05E12_14784_0.npy
303,1080,1920,0,1031,1324,195,489,86142,0.042,14808,/home/amos/media/tv/homeland/Homeland.S05.1080p.BluRay.x265-RARBG/Homeland.S05E12.1080p.BluRay.x265-RARBG.mp4,5,12,1796960,data/encodings/1796960/1796960_S05E12_14808_0.npy
304,1080,1920,0,1061,1354,195,489,86142,0.042,14832,/home/amos/media/tv/homeland/Homeland.S05.1080p.BluRay.x265-RARBG/Homeland.S05E12.1080p.BluRay.x265-RARBG.mp4,5,12,1796960,data/encodings/1796960/1796960_S05E12_14832_0.npy
305,1080,1920,0,1090,1384,166,459,86142,0.042,14856,/home/amos/media/tv/homeland/Homeland.S05.1080p.BluRay.x265-RARBG/Homeland.S05E12.1080p.BluRay.x265-RARBG.mp4,5,12,1796960,data/encodings/1796960/1796960_S05E12_14856_0.npy
306,1080,1920,0,1150,1443,195,489,86142,0.042,14880,/home/amos/media/tv/homeland/Homeland.S05.1080p.BluRay.x265-RARBG/Homeland.S05E12.1080p.BluRay.x265-RARBG.mp4,5,12,1796960,data/encodings/1796960/1796960_S05E12_14880_0.npy
307,1080,1920,0,1139,1491,137,489,123904,0.06,14904,/home/amos/media/tv/homeland/Homeland.S05.1080p.BluRay.x265-RARBG/Homeland.S05E12.1080p.BluRay.x265-RARBG.mp4,5,12,1796960,data/encodings/1796960/1796960_S05E12_14904_0.npy
308,1080,1920,0,1175,1527,137,489,123904,0.06,14928,/home/amos/media/tv/homeland/Homeland.S05.1080p.BluRay.x265-RARBG/Homeland.S05E12.1080p.BluRay.x265-RARBG.mp4,5,12,1796960,data/encodings/1796960/1796960_S05E12_14928_0.npy
309,1080,1920,0,1175,1527,137,489,123904,0.06,14952,/home/amos/media/tv/homeland/Homeland.S05.1080p.BluRay.x265-RARBG/Homeland.S05E12.1080p.BluRay.x265-RARBG.mp4,5,12,1796960,data/encodings/1796960/1796960_S05E12_14952_0.npy
310,1080,1920,0,930,1174,231,475,59536,0.029,15048,/home/amos/media/tv/homeland/Homeland.S05.1080p.BluRay.x265-RARBG/Homeland.S05E12.1080p.BluRay.x265-RARBG.mp4,5,12,1796960,data/encodings/1796960/1796960_S05E12_15048_0.npy
311,1080,1920,0,845,987,169,310,20022,0.01,15240,/home/amos/media/tv/homeland/Homeland.S05.1080p.BluRay.x265-RARBG/Homeland.S05E12.1080p.BluRay.x265-RARBG.mp4,5,12,1796960,data/encodings/1796960/1796960_S05E12_15240_0.npy
312,1080,1920,0,1094,1298,223,427,41616,0.02,15264,/home/amos/media/tv/homeland/Homeland.S05.1080p.BluRay.x265-RARBG/Homeland.S05E12.1080p.BluRay.x265-RARBG.mp4,5,12,1796960,data/encodings/1796960/1796960_S05E12_15264_0.npy
313,1080,1920,0,1078,1323,206,450,59780,0.029,15288,/home/amos/media/tv/homeland/Homeland.S05.1080p.BluRay.x265-RARBG/Homeland.S05E12.1080p.BluRay.x265-RARBG.mp4,5,12,1796960,data/encodings/1796960/1796960_S05E12_15288_0.npy
314,1080,1920,0,392,510,100,218,13924,0.007,15600,/home/amos/media/tv/homeland/Homeland.S05.1080p.BluRay.x265-RARBG/Homeland.S05E12.1080p.BluRay.x265-RARBG.mp4,5,12,1796960,data/encodings/1796960/1796960_S05E12_15600_0.npy
315,1080,1920,0,642,724,361,443,6724,0.003,15816,/home/amos/media/tv/homeland/Homeland.S05.1080p.BluRay.x265-RARBG/Homeland.S05E12.1080p.BluRay.x265-RARBG.mp4,5,12,1796960,data/encodings/1796960/1796960_S05E12_15816_0.npy
316,1080,1920,0,600,682,320,402,6724,0.003,15840,/home/amos/media/tv/homeland/Homeland.S05.1080p.BluRay.x265-RARBG/Homeland.S05E12.1080p.BluRay.x265-RARBG.mp4,5,12,1796960,data/encodings/1796960/1796960_S05E12_15840_0.npy
317,1080,1920,0,656,754,287,385,9604,0.005,15864,/home/amos/media/tv/homeland/Homeland.S05.1080p.BluRay.x265-RARBG/Homeland.S05E12.1080p.BluRay.x265-RARBG.mp4,5,12,1796960,data/encodings/1796960/1796960_S05E12_15864_0.npy
318,1080,1920,0,636,735,247,346,9801,0.005,15888,/home/amos/media/tv/homeland/Homeland.S05.1080p.BluRay.x265-RARBG/Homeland.S05E12.1080p.BluRay.x265-RARBG.mp4,5,12,1796960,data/encodings/1796960/1796960_S05E12_15888_0.npy
319,1080,1920,0,559,677,160,278,13924,0.007,15912,/home/amos/media/tv/homeland/Homeland.S05.1080p.BluRay.x265-RARBG/Homeland.S05E12.1080p.BluRay.x265-RARBG.mp4,5,12,1796960,data/encodings/1796960/1796960_S05E12_15912_0.npy
320,1080,1920,0,452,570,172,290,13924,0.007,15936,/home/amos/media/tv/homeland/Homeland.S05.1080p.BluRay.x265-RARBG/Homeland.S05E12.1080p.BluRay.x265-RARBG.mp4,5,12,1796960,data/encodings/1796960/1796960_S05E12_15936_0.npy
321,1080,1920,0,415,557,197,339,20164,0.01,16032,/home/amos/media/tv/homeland/Homeland.S05.1080p.BluRay.x265-RARBG/Homeland.S05E12.1080p.BluRay.x265-RARBG.mp4,5,12,1796960,data/encodings/1796960/1796960_S05E12_16032_0.npy
322,1080,1920,0,467,565,466,565,9702,0.005,16584,/home/amos/media/tv/homeland/Homeland.S05.1080p.BluRay.x265-RARBG/Homeland.S05E12.1080p.BluRay.x265-RARBG.mp4,5,12,1796960,data/encodings/1796960/1796960_S05E12_16584_0.npy
323,1080,1920,1,1144,1242,188,286,9604,0.005,16584,/home/amos/media/tv/homeland/Homeland.S05.1080p.BluRay.x265-RARBG/Homeland.S05E12.1080p.BluRay.x265-RARBG.mp4,5,12,1796960,data/encodings/1796960/1796960_S05E12_16584_1.npy
324,1080,1920,0,497,595,476,575,9702,0.005,16608,/home/amos/media/tv/homeland/Homeland.S05.1080p.BluRay.x265-RARBG/Homeland.S05E12.1080p.BluRay.x265-RARBG.mp4,5,12,1796960,data/encodings/1796960/1796960_S05E12_16608_0.npy
325,1080,1920,1,103,185,386,468,6724,0.003,16608,/home/amos/media/tv/homeland/Homeland.S05.1080p.BluRay.x265-RARBG/Homeland.S05E12.1080p.BluRay.x265-RARBG.mp4,5,12,1796960,data/encodings/1796960/1796960_S05E12_16608_1.npy
326,1080,1920,0,94,176,395,476,6642,0.003,16632,/home/amos/media/tv/homeland/Homeland.S05.1080p.BluRay.x265-RARBG/Homeland.S05E12.1080p.BluRay.x265-RARBG.mp4,5,12,1796960,data/encodings/1796960/1796960_S05E12_16632_0.npy
327,1080,1920,0,237,306,443,511,4692,0.002,16656,/home/amos/media/tv/homeland/Homeland.S05.1080p.BluRay.x265-RARBG/Homeland.S05E12.1080p.BluRay.x265-RARBG.mp4,5,12,1796960,data/encodings/1796960/1796960_S05E12_16656_0.npy
328,1080,1920,1,444,586,312,454,20164,0.01,16656,/home/amos/media/tv/homeland/Homeland.S05.1080p.BluRay.x265-RARBG/Homeland.S05E12.1080p.BluRay.x265-RARBG.mp4,5,12,1796960,data/encodings/1796960/1796960_S05E12_16656_1.npy
329,1080,1920,0,645,713,429,497,4624,0.002,16704,/home/amos/media/tv/homeland/Homeland.S05.1080p.BluRay.x265-RARBG/Homeland.S05E12.1080p.BluRay.x265-RARBG.mp4,5,12,1796960,data/encodings/1796960/1796960_S05E12_16704_0.npy
330,1080,1920,0,1637,1719,254,335,6642,0.003,16728,/home/amos/media/tv/homeland/Homeland.S05.1080p.BluRay.x265-RARBG/Homeland.S05E12.1080p.BluRay.x265-RARBG.mp4,5,12,1796960,data/encodings/1796960/1796960_S05E12_16728_0.npy
331,1080,1920,0,1413,1495,245,327,6724,0.003,16752,/home/amos/media/tv/homeland/Homeland.S05.1080p.BluRay.x265-RARBG/Homeland.S05E12.1080p.BluRay.x265-RARBG.mp4,5,12,1796960,data/encodings/1796960/1796960_S05E12_16752_0.npy
332,1080,1920,0,1150,1218,263,331,4624,0.002,16776,/home/amos/media/tv/homeland/Homeland.S05.1080p.BluRay.x265-RARBG/Homeland.S05E12.1080p.BluRay.x265-RARBG.mp4,5,12,1796960,data/encodings/1796960/1796960_S05E12_16776_0.npy
333,1080,1920,0,517,720,285,489,41412,0.02,16824,/home/amos/media/tv/homeland/Homeland.S05.1080p.BluRay.x265-RARBG/Homeland.S05E12.1080p.BluRay.x265-RARBG.mp4,5,12,1796960,data/encodings/1796960/1796960_S05E12_16824_0.npy
334,1080,1920,0,537,741,285,489,41616,0.02,16848,/home/amos/media/tv/homeland/Homeland.S05.1080p.BluRay.x265-RARBG/Homeland.S05E12.1080p.BluRay.x265-RARBG.mp4,5,12,1796960,data/encodings/1796960/1796960_S05E12_16848_0.npy
335,1080,1920,0,929,1133,78,282,41616,0.02,16896,/home/amos/media/tv/homeland/Homeland.S05.1080p.BluRay.x265-RARBG/Homeland.S05E12.1080p.BluRay.x265-RARBG.mp4,5,12,1796960,data/encodings/1796960/1796960_S05E12_16896_0.npy
336,1080,1920,0,377,476,337,435,9702,0.005,16920,/home/amos/media/tv/homeland/Homeland.S05.1080p.BluRay.x265-RARBG/Homeland.S05E12.1080p.BluRay.x265-RARBG.mp4,5,12,1796960,data/encodings/1796960/1796960_S05E12_16920_0.npy
337,1080,1920,0,344,462,327,445,13924,0.007,16944,/home/amos/media/tv/homeland/Homeland.S05.1080p.BluRay.x265-RARBG/Homeland.S05E12.1080p.BluRay.x265-RARBG.mp4,5,12,1796960,data/encodings/1796960/1796960_S05E12_16944_0.npy
338,1080,1920,1,357,396,597,637,1560,0.001,16944,/home/amos/media/tv/homeland/Homeland.S05.1080p.BluRay.x265-RARBG/Homeland.S05E12.1080p.BluRay.x265-RARBG.mp4,5,12,1796960,data/encodings/1796960/1796960_S05E12_16944_1.npy
339,1080,1920,0,377,476,397,495,9702,0.005,16968,/home/amos/media/tv/homeland/Homeland.S05.1080p.BluRay.x265-RARBG/Homeland.S05E12.1080p.BluRay.x265-RARBG.mp4,5,12,1796960,data/encodings/1796960/1796960_S05E12_16968_0.npy
340,1080,1920,0,377,476,436,535,9801,0.005,16992,/home/amos/media/tv/homeland/Homeland.S05.1080p.BluRay.x265-RARBG/Homeland.S05E12.1080p.BluRay.x265-RARBG.mp4,5,12,1796960,data/encodings/1796960/1796960_S05E12_16992_0.npy
341,1080,1920,0,358,456,456,555,9702,0.005,17016,/home/amos/media/tv/homeland/Homeland.S05.1080p.BluRay.x265-RARBG/Homeland.S05E12.1080p.BluRay.x265-RARBG.mp4,5,12,1796960,data/encodings/1796960/1796960_S05E12_17016_0.npy
342,1080,1920,1,345,384,713,753,1560,0.001,17016,/home/amos/media/tv/homeland/Homeland.S05.1080p.BluRay.x265-RARBG/Homeland.S05E12.1080p.BluRay.x265-RARBG.mp4,5,12,1796960,data/encodings/1796960/1796960_S05E12_17016_1.npy
343,1080,1920,0,298,396,456,555,9702,0.005,17040,/home/amos/media/tv/homeland/Homeland.S05.1080p.BluRay.x265-RARBG/Homeland.S05E12.1080p.BluRay.x265-RARBG.mp4,5,12,1796960,data/encodings/1796960/1796960_S05E12_17040_0.npy
344,1080,1920,0,308,406,456,555,9702,0.005,17064,/home/amos/media/tv/homeland/Homeland.S05.1080p.BluRay.x265-RARBG/Homeland.S05E12.1080p.BluRay.x265-RARBG.mp4,5,12,1796960,data/encodings/1796960/1796960_S05E12_17064_0.npy
345,1080,1920,0,298,396,436,535,9702,0.005,17088,/home/amos/media/tv/homeland/Homeland.S05.1080p.BluRay.x265-RARBG/Homeland.S05E12.1080p.BluRay.x265-RARBG.mp4,5,12,1796960,data/encodings/1796960/1796960_S05E12_17088_0.npy
346,1080,1920,0,298,396,436,535,9702,0.005,17112,/home/amos/media/tv/homeland/Homeland.S05.1080p.BluRay.x265-RARBG/Homeland.S05E12.1080p.BluRay.x265-RARBG.mp4,5,12,1796960,data/encodings/1796960/1796960_S05E12_17112_0.npy
347,1080,1920,1,1372,1489,148,266,13806,0.007,17112,/home/amos/media/tv/homeland/Homeland.S05.1080p.BluRay.x265-RARBG/Homeland.S05E12.1080p.BluRay.x265-RARBG.mp4,5,12,1796960,data/encodings/1796960/1796960_S05E12_17112_1.npy
348,1080,1920,0,298,396,436,535,9702,0.005,17136,/home/amos/media/tv/homeland/Homeland.S05.1080p.BluRay.x265-RARBG/Homeland.S05E12.1080p.BluRay.x265-RARBG.mp4,5,12,1796960,data/encodings/1796960/1796960_S05E12_17136_0.npy
349,1080,1920,1,1395,1513,184,302,13924,0.007,17136,/home/amos/media/tv/homeland/Homeland.S05.1080p.BluRay.x265-RARBG/Homeland.S05E12.1080p.BluRay.x265-RARBG.mp4,5,12,1796960,data/encodings/1796960/1796960_S05E12_17136_1.npy
350,1080,1920,0,298,396,436,535,9702,0.005,17160,/home/amos/media/tv/homeland/Homeland.S05.1080p.BluRay.x265-RARBG/Homeland.S05E12.1080p.BluRay.x265-RARBG.mp4,5,12,1796960,data/encodings/1796960/1796960_S05E12_17160_0.npy
351,1080,1920,1,1563,1681,160,278,13924,0.007,17160,/home/amos/media/tv/homeland/Homeland.S05.1080p.BluRay.x265-RARBG/Homeland.S05E12.1080p.BluRay.x265-RARBG.mp4,5,12,1796960,data/encodings/1796960/1796960_S05E12_17160_1.npy
352,1080,1920,0,298,396,436,535,9702,0.005,17184,/home/amos/media/tv/homeland/Homeland.S05.1080p.BluRay.x265-RARBG/Homeland.S05E12.1080p.BluRay.x265-RARBG.mp4,5,12,1796960,data/encodings/1796960/1796960_S05E12_17184_0.npy
353,1080,1920,1,1562,1660,188,286,9604,0.005,17184,/home/amos/media/tv/homeland/Homeland.S05.1080p.BluRay.x265-RARBG/Homeland.S05E12.1080p.BluRay.x265-RARBG.mp4,5,12,1796960,data/encodings/1796960/1796960_S05E12_17184_1.npy
354,1080,1920,0,298,396,436,535,9702,0.005,17208,/home/amos/media/tv/homeland/Homeland.S05.1080p.BluRay.x265-RARBG/Homeland.S05E12.1080p.BluRay.x265-RARBG.mp4,5,12,1796960,data/encodings/1796960/1796960_S05E12_17208_0.npy
355,1080,1920,1,1562,1660,188,286,9604,0.005,17208,/home/amos/media/tv/homeland/Homeland.S05.1080p.BluRay.x265-RARBG/Homeland.S05E12.1080p.BluRay.x265-RARBG.mp4,5,12,1796960,data/encodings/1796960/1796960_S05E12_17208_1.npy
356,1080,1920,0,298,396,436,535,9702,0.005,17232,/home/amos/media/tv/homeland/Homeland.S05.1080p.BluRay.x265-RARBG/Homeland.S05E12.1080p.BluRay.x265-RARBG.mp4,5,12,1796960,data/encodings/1796960/1796960_S05E12_17232_0.npy
357,1080,1920,1,1562,1660,188,286,9604,0.005,17232,/home/amos/media/tv/homeland/Homeland.S05.1080p.BluRay.x265-RARBG/Homeland.S05E12.1080p.BluRay.x265-RARBG.mp4,5,12,1796960,data/encodings/1796960/1796960_S05E12_17232_1.npy
358,1080,1920,0,298,396,436,535,9702,0.005,17256,/home/amos/media/tv/homeland/Homeland.S05.1080p.BluRay.x265-RARBG/Homeland.S05E12.1080p.BluRay.x265-RARBG.mp4,5,12,1796960,data/encodings/1796960/1796960_S05E12_17256_0.npy
359,1080,1920,1,1539,1657,160,278,13924,0.007,17256,/home/amos/media/tv/homeland/Homeland.S05.1080p.BluRay.x265-RARBG/Homeland.S05E12.1080p.BluRay.x265-RARBG.mp4,5,12,1796960,data/encodings/1796960/1796960_S05E12_17256_1.npy
360,1080,1920,0,558,803,181,426,60025,0.029,17280,/home/amos/media/tv/homeland/Homeland.S05.1080p.BluRay.x265-RARBG/Homeland.S05E12.1080p.BluRay.x265-RARBG.mp4,5,12,1796960,data/encodings/1796960/1796960_S05E12_17280_0.npy
361,1080,1920,0,558,803,181,426,60025,0.029,17304,/home/amos/media/tv/homeland/Homeland.S05.1080p.BluRay.x265-RARBG/Homeland.S05E12.1080p.BluRay.x265-RARBG.mp4,5,12,1796960,data/encodings/1796960/1796960_S05E12_17304_0.npy
362,1080,1920,0,1037,1155,196,314,13924,0.007,17328,/home/amos/media/tv/homeland/Homeland.S05.1080p.BluRay.x265-RARBG/Homeland.S05E12.1080p.BluRay.x265-RARBG.mp4,5,12,1796960,data/encodings/1796960/1796960_S05E12_17328_0.npy
363,1080,1920,0,1049,1167,208,325,13806,0.007,17352,/home/amos/media/tv/homeland/Homeland.S05.1080p.BluRay.x265-RARBG/Homeland.S05E12.1080p.BluRay.x265-RARBG.mp4,5,12,1796960,data/encodings/1796960/1796960_S05E12_17352_0.npy
364,1080,1920,0,1013,1131,196,314,13924,0.007,17376,/home/amos/media/tv/homeland/Homeland.S05.1080p.BluRay.x265-RARBG/Homeland.S05E12.1080p.BluRay.x265-RARBG.mp4,5,12,1796960,data/encodings/1796960/1796960_S05E12_17376_0.npy
365,1080,1920,0,537,741,244,447,41412,0.02,17400,/home/amos/media/tv/homeland/Homeland.S05.1080p.BluRay.x265-RARBG/Homeland.S05E12.1080p.BluRay.x265-RARBG.mp4,5,12,1796960,data/encodings/1796960/1796960_S05E12_17400_0.npy
366,1080,1920,0,534,778,181,426,59780,0.029,17424,/home/amos/media/tv/homeland/Homeland.S05.1080p.BluRay.x265-RARBG/Homeland.S05E12.1080p.BluRay.x265-RARBG.mp4,5,12,1796960,data/encodings/1796960/1796960_S05E12_17424_0.npy
367,1080,1920,0,1025,1448,218,640,178506,0.086,17448,/home/amos/media/tv/homeland/Homeland.S05.1080p.BluRay.x265-RARBG/Homeland.S05E12.1080p.BluRay.x265-RARBG.mp4,5,12,1796960,data/encodings/1796960/1796960_S05E12_17448_0.npy
368,1080,1920,0,1154,1576,218,640,178084,0.086,17472,/home/amos/media/tv/homeland/Homeland.S05.1080p.BluRay.x265-RARBG/Homeland.S05E12.1080p.BluRay.x265-RARBG.mp4,5,12,1796960,data/encodings/1796960/1796960_S05E12_17472_0.npy
369,1080,1920,0,1102,1609,262,769,257049,0.124,17496,/home/amos/media/tv/homeland/Homeland.S05.1080p.BluRay.x265-RARBG/Homeland.S05E12.1080p.BluRay.x265-RARBG.mp4,5,12,1796960,data/encodings/1796960/1796960_S05E12_17496_0.npy
370,1080,1920,0,1102,1609,262,769,257049,0.124,17520,/home/amos/media/tv/homeland/Homeland.S05.1080p.BluRay.x265-RARBG/Homeland.S05E12.1080p.BluRay.x265-RARBG.mp4,5,12,1796960,data/encodings/1796960/1796960_S05E12_17520_0.npy
371,1080,1920,0,1102,1609,262,769,257049,0.124,17544,/home/amos/media/tv/homeland/Homeland.S05.1080p.BluRay.x265-RARBG/Homeland.S05E12.1080p.BluRay.x265-RARBG.mp4,5,12,1796960,data/encodings/1796960/1796960_S05E12_17544_0.npy
372,1080,1920,0,237,355,387,505,13924,0.007,17568,/home/amos/media/tv/homeland/Homeland.S05.1080p.BluRay.x265-RARBG/Homeland.S05E12.1080p.BluRay.x265-RARBG.mp4,5,12,1796960,data/encodings/1796960/1796960_S05E12_17568_0.npy
373,1080,1920,1,1552,1650,168,266,9604,0.005,17568,/home/amos/media/tv/homeland/Homeland.S05.1080p.BluRay.x265-RARBG/Homeland.S05E12.1080p.BluRay.x265-RARBG.mp4,5,12,1796960,data/encodings/1796960/1796960_S05E12_17568_1.npy
374,1080,1920,0,237,355,387,505,13924,0.007,17592,/home/amos/media/tv/homeland/Homeland.S05.1080p.BluRay.x265-RARBG/Homeland.S05E12.1080p.BluRay.x265-RARBG.mp4,5,12,1796960,data/encodings/1796960/1796960_S05E12_17592_0.npy
375,1080,1920,0,248,346,397,495,9604,0.005,17616,/home/amos/media/tv/homeland/Homeland.S05.1080p.BluRay.x265-RARBG/Homeland.S05E12.1080p.BluRay.x265-RARBG.mp4,5,12,1796960,data/encodings/1796960/1796960_S05E12_17616_0.npy
376,1080,1920,0,237,355,387,505,13924,0.007,17640,/home/amos/media/tv/homeland/Homeland.S05.1080p.BluRay.x265-RARBG/Homeland.S05E12.1080p.BluRay.x265-RARBG.mp4,5,12,1796960,data/encodings/1796960/1796960_S05E12_17640_0.npy
377,1080,1920,1,1527,1645,124,242,13924,0.007,17640,/home/amos/media/tv/homeland/Homeland.S05.1080p.BluRay.x265-RARBG/Homeland.S05E12.1080p.BluRay.x265-RARBG.mp4,5,12,1796960,data/encodings/1796960/1796960_S05E12_17640_1.npy
378,1080,1920,0,1252,1496,206,450,59536,0.029,17664,/home/amos/media/tv/homeland/Homeland.S05.1080p.BluRay.x265-RARBG/Homeland.S05E12.1080p.BluRay.x265-RARBG.mp4,5,12,1796960,data/encodings/1796960/1796960_S05E12_17664_0.npy
379,1080,1920,0,1179,1473,166,459,86142,0.042,17688,/home/amos/media/tv/homeland/Homeland.S05.1080p.BluRay.x265-RARBG/Homeland.S05E12.1080p.BluRay.x265-RARBG.mp4,5,12,1796960,data/encodings/1796960/1796960_S05E12_17688_0.npy
380,1080,1920,0,1175,1527,244,596,123904,0.06,17712,/home/amos/media/tv/homeland/Homeland.S05.1080p.BluRay.x265-RARBG/Homeland.S05E12.1080p.BluRay.x265-RARBG.mp4,5,12,1796960,data/encodings/1796960/1796960_S05E12_17712_0.npy
381,1080,1920,0,1104,1456,244,596,123904,0.06,17736,/home/amos/media/tv/homeland/Homeland.S05.1080p.BluRay.x265-RARBG/Homeland.S05E12.1080p.BluRay.x265-RARBG.mp4,5,12,1796960,data/encodings/1796960/1796960_S05E12_17736_0.npy
382,1080,1920,0,509,753,206,450,59536,0.029,17760,/home/amos/media/tv/homeland/Homeland.S05.1080p.BluRay.x265-RARBG/Homeland.S05E12.1080p.BluRay.x265-RARBG.mp4,5,12,1796960,data/encodings/1796960/1796960_S05E12_17760_0.npy
383,1080,1920,0,534,778,231,475,59536,0.029,17784,/home/amos/media/tv/homeland/Homeland.S05.1080p.BluRay.x265-RARBG/Homeland.S05E12.1080p.BluRay.x265-RARBG.mp4,5,12,1796960,data/encodings/1796960/1796960_S05E12_17784_0.npy
384,1080,1920,0,534,778,206,450,59536,0.029,17808,/home/amos/media/tv/homeland/Homeland.S05.1080p.BluRay.x265-RARBG/Homeland.S05E12.1080p.BluRay.x265-RARBG.mp4,5,12,1796960,data/encodings/1796960/1796960_S05E12_17808_0.npy
385,1080,1920,0,1150,1443,195,489,86142,0.042,17832,/home/amos/media/tv/homeland/Homeland.S05.1080p.BluRay.x265-RARBG/Homeland.S05E12.1080p.BluRay.x265-RARBG.mp4,5,12,1796960,data/encodings/1796960/1796960_S05E12_17832_0.npy
386,1080,1920,0,1209,1503,225,519,86436,0.042,17856,/home/amos/media/tv/homeland/Homeland.S05.1080p.BluRay.x265-RARBG/Homeland.S05E12.1080p.BluRay.x265-RARBG.mp4,5,12,1796960,data/encodings/1796960/1796960_S05E12_17856_0.npy
387,1080,1920,0,1209,1503,255,548,86142,0.042,17880,/home/amos/media/tv/homeland/Homeland.S05.1080p.BluRay.x265-RARBG/Homeland.S05E12.1080p.BluRay.x265-RARBG.mp4,5,12,1796960,data/encodings/1796960/1796960_S05E12_17880_0.npy
388,1080,1920,0,1209,1503,255,548,86142,0.042,17904,/home/amos/media/tv/homeland/Homeland.S05.1080p.BluRay.x265-RARBG/Homeland.S05E12.1080p.BluRay.x265-RARBG.mp4,5,12,1796960,data/encodings/1796960/1796960_S05E12_17904_0.npy
389,1080,1920,0,1139,1491,208,560,123904,0.06,17928,/home/amos/media/tv/homeland/Homeland.S05.1080p.BluRay.x265-RARBG/Homeland.S05E12.1080p.BluRay.x265-RARBG.mp4,5,12,1796960,data/encodings/1796960/1796960_S05E12_17928_0.npy
390,1080,1920,0,1209,1503,255,548,86142,0.042,17952,/home/amos/media/tv/homeland/Homeland.S05.1080p.BluRay.x265-RARBG/Homeland.S05E12.1080p.BluRay.x265-RARBG.mp4,5,12,1796960,data/encodings/1796960/1796960_S05E12_17952_0.npy
391,1080,1920,0,1179,1473,255,548,86142,0.042,17976,/home/amos/media/tv/homeland/Homeland.S05.1080p.BluRay.x265-RARBG/Homeland.S05E12.1080p.BluRay.x265-RARBG.mp4,5,12,1796960,data/encodings/1796960/1796960_S05E12_17976_0.npy
392,1080,1920,0,459,704,255,500,60025,0.029,18000,/home/amos/media/tv/homeland/Homeland.S05.1080p.BluRay.x265-RARBG/Homeland.S05E12.1080p.BluRay.x265-RARBG.mp4,5,12,1796960,data/encodings/1796960/1796960_S05E12_18000_0.npy
393,1080,1920,0,484,729,231,475,59780,0.029,18024,/home/amos/media/tv/homeland/Homeland.S05.1080p.BluRay.x265-RARBG/Homeland.S05E12.1080p.BluRay.x265-RARBG.mp4,5,12,1796960,data/encodings/1796960/1796960_S05E12_18024_0.npy
394,1080,1920,0,509,753,255,500,59780,0.029,18048,/home/amos/media/tv/homeland/Homeland.S05.1080p.BluRay.x265-RARBG/Homeland.S05E12.1080p.BluRay.x265-RARBG.mp4,5,12,1796960,data/encodings/1796960/1796960_S05E12_18048_0.npy
395,1080,1920,0,484,729,231,475,59780,0.029,18072,/home/amos/media/tv/homeland/Homeland.S05.1080p.BluRay.x265-RARBG/Homeland.S05E12.1080p.BluRay.x265-RARBG.mp4,5,12,1796960,data/encodings/1796960/1796960_S05E12_18072_0.npy
396,1080,1920,0,509,753,231,475,59536,0.029,18096,/home/amos/media/tv/homeland/Homeland.S05.1080p.BluRay.x265-RARBG/Homeland.S05E12.1080p.BluRay.x265-RARBG.mp4,5,12,1796960,data/encodings/1796960/1796960_S05E12_18096_0.npy
397,1080,1920,0,459,704,255,500,60025,0.029,18120,/home/amos/media/tv/homeland/Homeland.S05.1080p.BluRay.x265-RARBG/Homeland.S05E12.1080p.BluRay.x265-RARBG.mp4,5,12,1796960,data/encodings/1796960/1796960_S05E12_18120_0.npy
398,1080,1920,0,459,704,255,500,60025,0.029,18144,/home/amos/media/tv/homeland/Homeland.S05.1080p.BluRay.x265-RARBG/Homeland.S05E12.1080p.BluRay.x265-RARBG.mp4,5,12,1796960,data/encodings/1796960/1796960_S05E12_18144_0.npy
399,1080,1920,0,509,753,231,475,59536,0.029,18168,/home/amos/media/tv/homeland/Homeland.S05.1080p.BluRay.x265-RARBG/Homeland.S05E12.1080p.BluRay.x265-RARBG.mp4,5,12,1796960,data/encodings/1796960/1796960_S05E12_18168_0.npy
400,1080,1920,0,509,753,231,475,59536,0.029,18192,/home/amos/media/tv/homeland/Homeland.S05.1080p.BluRay.x265-RARBG/Homeland.S05E12.1080p.BluRay.x265-RARBG.mp4,5,12,1796960,data/encodings/1796960/1796960_S05E12_18192_0.npy
401,1080,1920,0,484,729,181,426,60025,0.029,18216,/home/amos/media/tv/homeland/Homeland.S05.1080p.BluRay.x265-RARBG/Homeland.S05E12.1080p.BluRay.x265-RARBG.mp4,5,12,1796960,data/encodings/1796960/1796960_S05E12_18216_0.npy
402,1080,1920,0,999,1507,159,666,257556,0.124,18240,/home/amos/media/tv/homeland/Homeland.S05.1080p.BluRay.x265-RARBG/Homeland.S05E12.1080p.BluRay.x265-RARBG.mp4,5,12,1796960,data/encodings/1796960/1796960_S05E12_18240_0.npy
403,1080,1920,0,948,1455,159,666,257049,0.124,18264,/home/amos/media/tv/homeland/Homeland.S05.1080p.BluRay.x265-RARBG/Homeland.S05E12.1080p.BluRay.x265-RARBG.mp4,5,12,1796960,data/encodings/1796960/1796960_S05E12_18264_0.npy
404,1080,1920,0,999,1507,159,666,257556,0.124,18288,/home/amos/media/tv/homeland/Homeland.S05.1080p.BluRay.x265-RARBG/Homeland.S05E12.1080p.BluRay.x265-RARBG.mp4,5,12,1796960,data/encodings/1796960/1796960_S05E12_18288_0.npy
405,1080,1920,0,999,1507,159,666,257556,0.124,18312,/home/amos/media/tv/homeland/Homeland.S05.1080p.BluRay.x265-RARBG/Homeland.S05E12.1080p.BluRay.x265-RARBG.mp4,5,12,1796960,data/encodings/1796960/1796960_S05E12_18312_0.npy
406,1080,1920,0,1051,1558,159,666,257049,0.124,18336,/home/amos/media/tv/homeland/Homeland.S05.1080p.BluRay.x265-RARBG/Homeland.S05E12.1080p.BluRay.x265-RARBG.mp4,5,12,1796960,data/encodings/1796960/1796960_S05E12_18336_0.npy
407,1080,1920,0,509,753,181,426,59780,0.029,18360,/home/amos/media/tv/homeland/Homeland.S05.1080p.BluRay.x265-RARBG/Homeland.S05E12.1080p.BluRay.x265-RARBG.mp4,5,12,1796960,data/encodings/1796960/1796960_S05E12_18360_0.npy
408,1080,1920,0,537,741,202,406,41616,0.02,18384,/home/amos/media/tv/homeland/Homeland.S05.1080p.BluRay.x265-RARBG/Homeland.S05E12.1080p.BluRay.x265-RARBG.mp4,5,12,1796960,data/encodings/1796960/1796960_S05E12_18384_0.npy
409,1080,1920,0,534,778,181,426,59780,0.029,18408,/home/amos/media/tv/homeland/Homeland.S05.1080p.BluRay.x265-RARBG/Homeland.S05E12.1080p.BluRay.x265-RARBG.mp4,5,12,1796960,data/encodings/1796960/1796960_S05E12_18408_0.npy
410,1080,1920,0,534,778,181,426,59780,0.029,18432,/home/amos/media/tv/homeland/Homeland.S05.1080p.BluRay.x265-RARBG/Homeland.S05E12.1080p.BluRay.x265-RARBG.mp4,5,12,1796960,data/encodings/1796960/1796960_S05E12_18432_0.npy
411,1080,1920,0,534,778,181,426,59780,0.029,18456,/home/amos/media/tv/homeland/Homeland.S05.1080p.BluRay.x265-RARBG/Homeland.S05E12.1080p.BluRay.x265-RARBG.mp4,5,12,1796960,data/encodings/1796960/1796960_S05E12_18456_0.npy
412,1080,1920,0,558,803,181,426,60025,0.029,18480,/home/amos/media/tv/homeland/Homeland.S05.1080p.BluRay.x265-RARBG/Homeland.S05E12.1080p.BluRay.x265-RARBG.mp4,5,12,1796960,data/encodings/1796960/1796960_S05E12_18480_0.npy
413,1080,1920,0,558,803,181,426,60025,0.029,18504,/home/amos/media/tv/homeland/Homeland.S05.1080p.BluRay.x265-RARBG/Homeland.S05E12.1080p.BluRay.x265-RARBG.mp4,5,12,1796960,data/encodings/1796960/1796960_S05E12_18504_0.npy
414,1080,1920,0,1090,1384,166,459,86142,0.042,18528,/home/amos/media/tv/homeland/Homeland.S05.1080p.BluRay.x265-RARBG/Homeland.S05E12.1080p.BluRay.x265-RARBG.mp4,5,12,1796960,data/encodings/1796960/1796960_S05E12_18528_0.npy
415,1080,1920,0,1175,1527,315,667,123904,0.06,18552,/home/amos/media/tv/homeland/Homeland.S05.1080p.BluRay.x265-RARBG/Homeland.S05E12.1080p.BluRay.x265-RARBG.mp4,5,12,1796960,data/encodings/1796960/1796960_S05E12_18552_0.npy
416,1080,1920,0,1139,1491,172,525,124256,0.06,18576,/home/amos/media/tv/homeland/Homeland.S05.1080p.BluRay.x265-RARBG/Homeland.S05E12.1080p.BluRay.x265-RARBG.mp4,5,12,1796960,data/encodings/1796960/1796960_S05E12_18576_0.npy
417,1080,1920,0,1139,1491,208,560,123904,0.06,18600,/home/amos/media/tv/homeland/Homeland.S05.1080p.BluRay.x265-RARBG/Homeland.S05E12.1080p.BluRay.x265-RARBG.mp4,5,12,1796960,data/encodings/1796960/1796960_S05E12_18600_0.npy
418,1080,1920,0,1068,1420,208,560,123904,0.06,18624,/home/amos/media/tv/homeland/Homeland.S05.1080p.BluRay.x265-RARBG/Homeland.S05E12.1080p.BluRay.x265-RARBG.mp4,5,12,1796960,data/encodings/1796960/1796960_S05E12_18624_0.npy
419,1080,1920,0,1104,1456,208,560,123904,0.06,18648,/home/amos/media/tv/homeland/Homeland.S05.1080p.BluRay.x265-RARBG/Homeland.S05E12.1080p.BluRay.x265-RARBG.mp4,5,12,1796960,data/encodings/1796960/1796960_S05E12_18648_0.npy
420,1080,1920,0,534,778,206,450,59536,0.029,18672,/home/amos/media/tv/homeland/Homeland.S05.1080p.BluRay.x265-RARBG/Homeland.S05E12.1080p.BluRay.x265-RARBG.mp4,5,12,1796960,data/encodings/1796960/1796960_S05E12_18672_0.npy
421,1080,1920,0,534,778,206,450,59536,0.029,18696,/home/amos/media/tv/homeland/Homeland.S05.1080p.BluRay.x265-RARBG/Homeland.S05E12.1080p.BluRay.x265-RARBG.mp4,5,12,1796960,data/encodings/1796960/1796960_S05E12_18696_0.npy
422,1080,1920,0,558,803,181,426,60025,0.029,18720,/home/amos/media/tv/homeland/Homeland.S05.1080p.BluRay.x265-RARBG/Homeland.S05E12.1080p.BluRay.x265-RARBG.mp4,5,12,1796960,data/encodings/1796960/1796960_S05E12_18720_0.npy
423,1080,1920,0,1061,1670,284,892,370272,0.179,18744,/home/amos/media/tv/homeland/Homeland.S05.1080p.BluRay.x265-RARBG/Homeland.S05E12.1080p.BluRay.x265-RARBG.mp4,5,12,1796960,data/encodings/1796960/1796960_S05E12_18744_0.npy
424,1080,1920,0,815,1423,345,954,370272,0.179,18768,/home/amos/media/tv/homeland/Homeland.S05.1080p.BluRay.x265-RARBG/Homeland.S05E12.1080p.BluRay.x265-RARBG.mp4,5,12,1796960,data/encodings/1796960/1796960_S05E12_18768_0.npy
425,1080,1920,0,938,1546,160,769,370272,0.179,18792,/home/amos/media/tv/homeland/Homeland.S05.1080p.BluRay.x265-RARBG/Homeland.S05E12.1080p.BluRay.x265-RARBG.mp4,5,12,1796960,data/encodings/1796960/1796960_S05E12_18792_0.npy
426,1080,1920,0,938,1546,160,769,370272,0.179,18816,/home/amos/media/tv/homeland/Homeland.S05.1080p.BluRay.x265-RARBG/Homeland.S05E12.1080p.BluRay.x265-RARBG.mp4,5,12,1796960,data/encodings/1796960/1796960_S05E12_18816_0.npy
427,1080,1920,0,280,788,159,666,257556,0.124,18840,/home/amos/media/tv/homeland/Homeland.S05.1080p.BluRay.x265-RARBG/Homeland.S05E12.1080p.BluRay.x265-RARBG.mp4,5,12,1796960,data/encodings/1796960/1796960_S05E12_18840_0.npy
428,1080,1920,0,280,788,159,666,257556,0.124,18864,/home/amos/media/tv/homeland/Homeland.S05.1080p.BluRay.x265-RARBG/Homeland.S05E12.1080p.BluRay.x265-RARBG.mp4,5,12,1796960,data/encodings/1796960/1796960_S05E12_18864_0.npy
429,1080,1920,0,999,1608,222,830,370272,0.179,18888,/home/amos/media/tv/homeland/Homeland.S05.1080p.BluRay.x265-RARBG/Homeland.S05E12.1080p.BluRay.x265-RARBG.mp4,5,12,1796960,data/encodings/1796960/1796960_S05E12_18888_0.npy
430,1080,1920,0,1061,1670,222,830,370272,0.179,18912,/home/amos/media/tv/homeland/Homeland.S05.1080p.BluRay.x265-RARBG/Homeland.S05E12.1080p.BluRay.x265-RARBG.mp4,5,12,1796960,data/encodings/1796960/1796960_S05E12_18912_0.npy
431,1080,1920,0,999,1608,222,830,370272,0.179,18936,/home/amos/media/tv/homeland/Homeland.S05.1080p.BluRay.x265-RARBG/Homeland.S05E12.1080p.BluRay.x265-RARBG.mp4,5,12,1796960,data/encodings/1796960/1796960_S05E12_18936_0.npy
432,1080,1920,0,526,819,195,489,86142,0.042,18960,/home/amos/media/tv/homeland/Homeland.S05.1080p.BluRay.x265-RARBG/Homeland.S05E12.1080p.BluRay.x265-RARBG.mp4,5,12,1796960,data/encodings/1796960/1796960_S05E12_18960_0.npy
433,1080,1920,0,377,670,166,459,85849,0.041,18984,/home/amos/media/tv/homeland/Homeland.S05.1080p.BluRay.x265-RARBG/Homeland.S05E12.1080p.BluRay.x265-RARBG.mp4,5,12,1796960,data/encodings/1796960/1796960_S05E12_18984_0.npy
434,1080,1920,0,604,956,101,453,123904,0.06,19008,/home/amos/media/tv/homeland/Homeland.S05.1080p.BluRay.x265-RARBG/Homeland.S05E12.1080p.BluRay.x265-RARBG.mp4,5,12,1796960,data/encodings/1796960/1796960_S05E12_19008_0.npy
435,1080,1920,0,644,938,166,459,86142,0.042,19032,/home/amos/media/tv/homeland/Homeland.S05.1080p.BluRay.x265-RARBG/Homeland.S05E12.1080p.BluRay.x265-RARBG.mp4,5,12,1796960,data/encodings/1796960/1796960_S05E12_19032_0.npy
436,1080,1920,0,615,908,166,459,85849,0.041,19056,/home/amos/media/tv/homeland/Homeland.S05.1080p.BluRay.x265-RARBG/Homeland.S05E12.1080p.BluRay.x265-RARBG.mp4,5,12,1796960,data/encodings/1796960/1796960_S05E12_19056_0.npy
437,1080,1920,0,938,1546,222,830,369664,0.178,19080,/home/amos/media/tv/homeland/Homeland.S05.1080p.BluRay.x265-RARBG/Homeland.S05E12.1080p.BluRay.x265-RARBG.mp4,5,12,1796960,data/encodings/1796960/1796960_S05E12_19080_0.npy
438,1080,1920,0,938,1546,160,769,370272,0.179,19104,/home/amos/media/tv/homeland/Homeland.S05.1080p.BluRay.x265-RARBG/Homeland.S05E12.1080p.BluRay.x265-RARBG.mp4,5,12,1796960,data/encodings/1796960/1796960_S05E12_19104_0.npy
439,1080,1920,0,938,1546,222,830,369664,0.178,19128,/home/amos/media/tv/homeland/Homeland.S05.1080p.BluRay.x265-RARBG/Homeland.S05E12.1080p.BluRay.x265-RARBG.mp4,5,12,1796960,data/encodings/1796960/1796960_S05E12_19128_0.npy
440,1080,1920,0,948,1455,262,769,257049,0.124,19152,/home/amos/media/tv/homeland/Homeland.S05.1080p.BluRay.x265-RARBG/Homeland.S05E12.1080p.BluRay.x265-RARBG.mp4,5,12,1796960,data/encodings/1796960/1796960_S05E12_19152_0.npy
441,1080,1920,0,897,1404,262,769,257049,0.124,19176,/home/amos/media/tv/homeland/Homeland.S05.1080p.BluRay.x265-RARBG/Homeland.S05E12.1080p.BluRay.x265-RARBG.mp4,5,12,1796960,data/encodings/1796960/1796960_S05E12_19176_0.npy
442,1080,1920,0,497,849,137,489,123904,0.06,19200,/home/amos/media/tv/homeland/Homeland.S05.1080p.BluRay.x265-RARBG/Homeland.S05E12.1080p.BluRay.x265-RARBG.mp4,5,12,1796960,data/encodings/1796960/1796960_S05E12_19200_0.npy
443,1080,1920,0,497,849,137,489,123904,0.06,19224,/home/amos/media/tv/homeland/Homeland.S05.1080p.BluRay.x265-RARBG/Homeland.S05E12.1080p.BluRay.x265-RARBG.mp4,5,12,1796960,data/encodings/1796960/1796960_S05E12_19224_0.npy
444,1080,1920,0,497,849,137,489,123904,0.06,19248,/home/amos/media/tv/homeland/Homeland.S05.1080p.BluRay.x265-RARBG/Homeland.S05E12.1080p.BluRay.x265-RARBG.mp4,5,12,1796960,data/encodings/1796960/1796960_S05E12_19248_0.npy
445,1080,1920,0,1256,1763,159,666,257049,0.124,19272,/home/amos/media/tv/homeland/Homeland.S05.1080p.BluRay.x265-RARBG/Homeland.S05E12.1080p.BluRay.x265-RARBG.mp4,5,12,1796960,data/encodings/1796960/1796960_S05E12_19272_0.npy
446,1080,1920,0,999,1507,108,615,257556,0.124,19296,/home/amos/media/tv/homeland/Homeland.S05.1080p.BluRay.x265-RARBG/Homeland.S05E12.1080p.BluRay.x265-RARBG.mp4,5,12,1796960,data/encodings/1796960/1796960_S05E12_19296_0.npy
447,1080,1920,0,506,1115,37,646,370881,0.179,19320,/home/amos/media/tv/homeland/Homeland.S05.1080p.BluRay.x265-RARBG/Homeland.S05E12.1080p.BluRay.x265-RARBG.mp4,5,12,1796960,data/encodings/1796960/1796960_S05E12_19320_0.npy
448,1080,1920,0,526,819,136,429,85849,0.041,19344,/home/amos/media/tv/homeland/Homeland.S05.1080p.BluRay.x265-RARBG/Homeland.S05E12.1080p.BluRay.x265-RARBG.mp4,5,12,1796960,data/encodings/1796960/1796960_S05E12_19344_0.npy
449,1080,1920,0,462,814,137,489,123904,0.06,19368,/home/amos/media/tv/homeland/Homeland.S05.1080p.BluRay.x265-RARBG/Homeland.S05E12.1080p.BluRay.x265-RARBG.mp4,5,12,1796960,data/encodings/1796960/1796960_S05E12_19368_0.npy
450,1080,1920,0,845,1353,313,820,257556,0.124,19392,/home/amos/media/tv/homeland/Homeland.S05.1080p.BluRay.x265-RARBG/Homeland.S05E12.1080p.BluRay.x265-RARBG.mp4,5,12,1796960,data/encodings/1796960/1796960_S05E12_19392_0.npy
451,1080,1920,0,794,1301,262,769,257049,0.124,19416,/home/amos/media/tv/homeland/Homeland.S05.1080p.BluRay.x265-RARBG/Homeland.S05E12.1080p.BluRay.x265-RARBG.mp4,5,12,1796960,data/encodings/1796960/1796960_S05E12_19416_0.npy
452,1080,1920,0,794,1301,262,769,257049,0.124,19440,/home/amos/media/tv/homeland/Homeland.S05.1080p.BluRay.x265-RARBG/Homeland.S05E12.1080p.BluRay.x265-RARBG.mp4,5,12,1796960,data/encodings/1796960/1796960_S05E12_19440_0.npy
453,1080,1920,0,794,1301,262,769,257049,0.124,19464,/home/amos/media/tv/homeland/Homeland.S05.1080p.BluRay.x265-RARBG/Homeland.S05E12.1080p.BluRay.x265-RARBG.mp4,5,12,1796960,data/encodings/1796960/1796960_S05E12_19464_0.npy
454,1080,1920,0,435,942,262,769,257049,0.124,19488,/home/amos/media/tv/homeland/Homeland.S05.1080p.BluRay.x265-RARBG/Homeland.S05E12.1080p.BluRay.x265-RARBG.mp4,5,12,1796960,data/encodings/1796960/1796960_S05E12_19488_0.npy
455,1080,1920,0,486,993,262,769,257049,0.124,19512,/home/amos/media/tv/homeland/Homeland.S05.1080p.BluRay.x265-RARBG/Homeland.S05E12.1080p.BluRay.x265-RARBG.mp4,5,12,1796960,data/encodings/1796960/1796960_S05E12_19512_0.npy
456,1080,1920,0,383,992,222,830,370272,0.179,19536,/home/amos/media/tv/homeland/Homeland.S05.1080p.BluRay.x265-RARBG/Homeland.S05E12.1080p.BluRay.x265-RARBG.mp4,5,12,1796960,data/encodings/1796960/1796960_S05E12_19536_0.npy
457,1080,1920,0,486,993,262,769,257049,0.124,19560,/home/amos/media/tv/homeland/Homeland.S05.1080p.BluRay.x265-RARBG/Homeland.S05E12.1080p.BluRay.x265-RARBG.mp4,5,12,1796960,data/encodings/1796960/1796960_S05E12_19560_0.npy
458,1080,1920,0,486,993,262,769,257049,0.124,19584,/home/amos/media/tv/homeland/Homeland.S05.1080p.BluRay.x265-RARBG/Homeland.S05E12.1080p.BluRay.x265-RARBG.mp4,5,12,1796960,data/encodings/1796960/1796960_S05E12_19584_0.npy
459,1080,1920,0,445,1053,222,830,369664,0.178,19608,/home/amos/media/tv/homeland/Homeland.S05.1080p.BluRay.x265-RARBG/Homeland.S05E12.1080p.BluRay.x265-RARBG.mp4,5,12,1796960,data/encodings/1796960/1796960_S05E12_19608_0.npy
460,1080,1920,0,537,1044,262,769,257049,0.124,19632,/home/amos/media/tv/homeland/Homeland.S05.1080p.BluRay.x265-RARBG/Homeland.S05E12.1080p.BluRay.x265-RARBG.mp4,5,12,1796960,data/encodings/1796960/1796960_S05E12_19632_0.npy
461,1080,1920,0,589,1096,262,769,257049,0.124,19656,/home/amos/media/tv/homeland/Homeland.S05.1080p.BluRay.x265-RARBG/Homeland.S05E12.1080p.BluRay.x265-RARBG.mp4,5,12,1796960,data/encodings/1796960/1796960_S05E12_19656_0.npy
462,1080,1920,0,537,1044,262,769,257049,0.124,19680,/home/amos/media/tv/homeland/Homeland.S05.1080p.BluRay.x265-RARBG/Homeland.S05E12.1080p.BluRay.x265-RARBG.mp4,5,12,1796960,data/encodings/1796960/1796960_S05E12_19680_0.npy
463,1080,1920,0,537,1044,262,769,257049,0.124,19704,/home/amos/media/tv/homeland/Homeland.S05.1080p.BluRay.x265-RARBG/Homeland.S05E12.1080p.BluRay.x265-RARBG.mp4,5,12,1796960,data/encodings/1796960/1796960_S05E12_19704_0.npy
464,1080,1920,0,537,1044,210,717,257049,0.124,19728,/home/amos/media/tv/homeland/Homeland.S05.1080p.BluRay.x265-RARBG/Homeland.S05E12.1080p.BluRay.x265-RARBG.mp4,5,12,1796960,data/encodings/1796960/1796960_S05E12_19728_0.npy
465,1080,1920,0,845,1353,210,717,257556,0.124,19752,/home/amos/media/tv/homeland/Homeland.S05.1080p.BluRay.x265-RARBG/Homeland.S05E12.1080p.BluRay.x265-RARBG.mp4,5,12,1796960,data/encodings/1796960/1796960_S05E12_19752_0.npy
466,1080,1920,0,845,1353,262,769,257556,0.124,19776,/home/amos/media/tv/homeland/Homeland.S05.1080p.BluRay.x265-RARBG/Homeland.S05E12.1080p.BluRay.x265-RARBG.mp4,5,12,1796960,data/encodings/1796960/1796960_S05E12_19776_0.npy
467,1080,1920,0,897,1404,210,717,257049,0.124,19800,/home/amos/media/tv/homeland/Homeland.S05.1080p.BluRay.x265-RARBG/Homeland.S05E12.1080p.BluRay.x265-RARBG.mp4,5,12,1796960,data/encodings/1796960/1796960_S05E12_19800_0.npy
468,1080,1920,0,435,942,210,717,257049,0.124,19824,/home/amos/media/tv/homeland/Homeland.S05.1080p.BluRay.x265-RARBG/Homeland.S05E12.1080p.BluRay.x265-RARBG.mp4,5,12,1796960,data/encodings/1796960/1796960_S05E12_19824_0.npy
469,1080,1920,0,435,942,210,717,257049,0.124,19848,/home/amos/media/tv/homeland/Homeland.S05.1080p.BluRay.x265-RARBG/Homeland.S05E12.1080p.BluRay.x265-RARBG.mp4,5,12,1796960,data/encodings/1796960/1796960_S05E12_19848_0.npy
470,1080,1920,0,435,942,210,717,257049,0.124,19872,/home/amos/media/tv/homeland/Homeland.S05.1080p.BluRay.x265-RARBG/Homeland.S05E12.1080p.BluRay.x265-RARBG.mp4,5,12,1796960,data/encodings/1796960/1796960_S05E12_19872_0.npy
471,1080,1920,0,435,942,210,717,257049,0.124,19896,/home/amos/media/tv/homeland/Homeland.S05.1080p.BluRay.x265-RARBG/Homeland.S05E12.1080p.BluRay.x265-RARBG.mp4,5,12,1796960,data/encodings/1796960/1796960_S05E12_19896_0.npy
472,1080,1920,0,383,890,210,717,257049,0.124,19920,/home/amos/media/tv/homeland/Homeland.S05.1080p.BluRay.x265-RARBG/Homeland.S05E12.1080p.BluRay.x265-RARBG.mp4,5,12,1796960,data/encodings/1796960/1796960_S05E12_19920_0.npy
473,1080,1920,0,435,942,210,717,257049,0.124,19944,/home/amos/media/tv/homeland/Homeland.S05.1080p.BluRay.x265-RARBG/Homeland.S05E12.1080p.BluRay.x265-RARBG.mp4,5,12,1796960,data/encodings/1796960/1796960_S05E12_19944_0.npy
474,1080,1920,0,1102,1609,210,717,257049,0.124,19968,/home/amos/media/tv/homeland/Homeland.S05.1080p.BluRay.x265-RARBG/Homeland.S05E12.1080p.BluRay.x265-RARBG.mp4,5,12,1796960,data/encodings/1796960/1796960_S05E12_19968_0.npy
475,1080,1920,0,897,1404,210,717,257049,0.124,19992,/home/amos/media/tv/homeland/Homeland.S05.1080p.BluRay.x265-RARBG/Homeland.S05E12.1080p.BluRay.x265-RARBG.mp4,5,12,1796960,data/encodings/1796960/1796960_S05E12_19992_0.npy
476,1080,1920,0,383,890,262,769,257049,0.124,20016,/home/amos/media/tv/homeland/Homeland.S05.1080p.BluRay.x265-RARBG/Homeland.S05E12.1080p.BluRay.x265-RARBG.mp4,5,12,1796960,data/encodings/1796960/1796960_S05E12_20016_0.npy
477,1080,1920,0,383,890,262,769,257049,0.124,20040,/home/amos/media/tv/homeland/Homeland.S05.1080p.BluRay.x265-RARBG/Homeland.S05E12.1080p.BluRay.x265-RARBG.mp4,5,12,1796960,data/encodings/1796960/1796960_S05E12_20040_0.npy
478,1080,1920,0,383,890,262,769,257049,0.124,20064,/home/amos/media/tv/homeland/Homeland.S05.1080p.BluRay.x265-RARBG/Homeland.S05E12.1080p.BluRay.x265-RARBG.mp4,5,12,1796960,data/encodings/1796960/1796960_S05E12_20064_0.npy
479,1080,1920,0,897,1404,210,717,257049,0.124,20088,/home/amos/media/tv/homeland/Homeland.S05.1080p.BluRay.x265-RARBG/Homeland.S05E12.1080p.BluRay.x265-RARBG.mp4,5,12,1796960,data/encodings/1796960/1796960_S05E12_20088_0.npy
480,1080,1920,0,948,1455,210,717,257049,0.124,20112,/home/amos/media/tv/homeland/Homeland.S05.1080p.BluRay.x265-RARBG/Homeland.S05E12.1080p.BluRay.x265-RARBG.mp4,5,12,1796960,data/encodings/1796960/1796960_S05E12_20112_0.npy
481,1080,1920,0,897,1404,210,717,257049,0.124,20136,/home/amos/media/tv/homeland/Homeland.S05.1080p.BluRay.x265-RARBG/Homeland.S05E12.1080p.BluRay.x265-RARBG.mp4,5,12,1796960,data/encodings/1796960/1796960_S05E12_20136_0.npy
482,1080,1920,0,897,1404,210,717,257049,0.124,20160,/home/amos/media/tv/homeland/Homeland.S05.1080p.BluRay.x265-RARBG/Homeland.S05E12.1080p.BluRay.x265-RARBG.mp4,5,12,1796960,data/encodings/1796960/1796960_S05E12_20160_0.npy
483,1080,1920,0,897,1404,210,717,257049,0.124,20184,/home/amos/media/tv/homeland/Homeland.S05.1080p.BluRay.x265-RARBG/Homeland.S05E12.1080p.BluRay.x265-RARBG.mp4,5,12,1796960,data/encodings/1796960/1796960_S05E12_20184_0.npy
484,1080,1920,0,897,1404,210,717,257049,0.124,20208,/home/amos/media/tv/homeland/Homeland.S05.1080p.BluRay.x265-RARBG/Homeland.S05E12.1080p.BluRay.x265-RARBG.mp4,5,12,1796960,data/encodings/1796960/1796960_S05E12_20208_0.npy
485,1080,1920,0,897,1404,210,717,257049,0.124,20232,/home/amos/media/tv/homeland/Homeland.S05.1080p.BluRay.x265-RARBG/Homeland.S05E12.1080p.BluRay.x265-RARBG.mp4,5,12,1796960,data/encodings/1796960/1796960_S05E12_20232_0.npy
486,1080,1920,0,897,1404,210,717,257049,0.124,20256,/home/amos/media/tv/homeland/Homeland.S05.1080p.BluRay.x265-RARBG/Homeland.S05E12.1080p.BluRay.x265-RARBG.mp4,5,12,1796960,data/encodings/1796960/1796960_S05E12_20256_0.npy
487,1080,1920,0,948,1455,210,717,257049,0.124,20280,/home/amos/media/tv/homeland/Homeland.S05.1080p.BluRay.x265-RARBG/Homeland.S05E12.1080p.BluRay.x265-RARBG.mp4,5,12,1796960,data/encodings/1796960/1796960_S05E12_20280_0.npy
488,1080,1920,0,322,930,345,954,370272,0.179,20304,/home/amos/media/tv/homeland/Homeland.S05.1080p.BluRay.x265-RARBG/Homeland.S05E12.1080p.BluRay.x265-RARBG.mp4,5,12,1796960,data/encodings/1796960/1796960_S05E12_20304_0.npy
489,1080,1920,0,445,1053,284,892,369664,0.178,20328,/home/amos/media/tv/homeland/Homeland.S05.1080p.BluRay.x265-RARBG/Homeland.S05E12.1080p.BluRay.x265-RARBG.mp4,5,12,1796960,data/encodings/1796960/1796960_S05E12_20328_0.npy
490,1080,1920,0,506,1115,160,769,370881,0.179,20352,/home/amos/media/tv/homeland/Homeland.S05.1080p.BluRay.x265-RARBG/Homeland.S05E12.1080p.BluRay.x265-RARBG.mp4,5,12,1796960,data/encodings/1796960/1796960_S05E12_20352_0.npy
491,1080,1920,0,332,839,159,666,257049,0.124,20376,/home/amos/media/tv/homeland/Homeland.S05.1080p.BluRay.x265-RARBG/Homeland.S05E12.1080p.BluRay.x265-RARBG.mp4,5,12,1796960,data/encodings/1796960/1796960_S05E12_20376_0.npy
492,1080,1920,0,0,654,91,821,477420,0.23,20400,/home/amos/media/tv/homeland/Homeland.S05.1080p.BluRay.x265-RARBG/Homeland.S05E12.1080p.BluRay.x265-RARBG.mp4,5,12,1796960,data/encodings/1796960/1796960_S05E12_20400_0.npy
493,1080,1920,0,1001,1295,166,459,86142,0.042,20424,/home/amos/media/tv/homeland/Homeland.S05.1080p.BluRay.x265-RARBG/Homeland.S05E12.1080p.BluRay.x265-RARBG.mp4,5,12,1796960,data/encodings/1796960/1796960_S05E12_20424_0.npy
494,1080,1920,0,763,1057,225,519,86436,0.042,20448,/home/amos/media/tv/homeland/Homeland.S05.1080p.BluRay.x265-RARBG/Homeland.S05E12.1080p.BluRay.x265-RARBG.mp4,5,12,1796960,data/encodings/1796960/1796960_S05E12_20448_0.npy
495,1080,1920,0,676,1028,208,560,123904,0.06,20472,/home/amos/media/tv/homeland/Homeland.S05.1080p.BluRay.x265-RARBG/Homeland.S05E12.1080p.BluRay.x265-RARBG.mp4,5,12,1796960,data/encodings/1796960/1796960_S05E12_20472_0.npy
496,1080,1920,0,818,1170,244,596,123904,0.06,20496,/home/amos/media/tv/homeland/Homeland.S05.1080p.BluRay.x265-RARBG/Homeland.S05E12.1080p.BluRay.x265-RARBG.mp4,5,12,1796960,data/encodings/1796960/1796960_S05E12_20496_0.npy
497,1080,1920,0,890,1242,279,632,124256,0.06,20520,/home/amos/media/tv/homeland/Homeland.S05.1080p.BluRay.x265-RARBG/Homeland.S05E12.1080p.BluRay.x265-RARBG.mp4,5,12,1796960,data/encodings/1796960/1796960_S05E12_20520_0.npy
498,1080,1920,0,925,1277,279,632,124256,0.06,20544,/home/amos/media/tv/homeland/Homeland.S05.1080p.BluRay.x265-RARBG/Homeland.S05E12.1080p.BluRay.x265-RARBG.mp4,5,12,1796960,data/encodings/1796960/1796960_S05E12_20544_0.npy
499,1080,1920,0,961,1313,244,596,123904,0.06,20568,/home/amos/media/tv/homeland/Homeland.S05.1080p.BluRay.x265-RARBG/Homeland.S05E12.1080p.BluRay.x265-RARBG.mp4,5,12,1796960,data/encodings/1796960/1796960_S05E12_20568_0.npy
500,1080,1920,0,961,1313,244,596,123904,0.06,20592,/home/amos/media/tv/homeland/Homeland.S05.1080p.BluRay.x265-RARBG/Homeland.S05E12.1080p.BluRay.x265-RARBG.mp4,5,12,1796960,data/encodings/1796960/1796960_S05E12_20592_0.npy
501,1080,1920,0,585,878,195,489,86142,0.042,20616,/home/amos/media/tv/homeland/Homeland.S05.1080p.BluRay.x265-RARBG/Homeland.S05E12.1080p.BluRay.x265-RARBG.mp4,5,12,1796960,data/encodings/1796960/1796960_S05E12_20616_0.npy
502,1080,1920,0,555,849,195,489,86436,0.042,20640,/home/amos/media/tv/homeland/Homeland.S05.1080p.BluRay.x265-RARBG/Homeland.S05E12.1080p.BluRay.x265-RARBG.mp4,5,12,1796960,data/encodings/1796960/1796960_S05E12_20640_0.npy
503,1080,1920,0,496,789,166,459,85849,0.041,20664,/home/amos/media/tv/homeland/Homeland.S05.1080p.BluRay.x265-RARBG/Homeland.S05E12.1080p.BluRay.x265-RARBG.mp4,5,12,1796960,data/encodings/1796960/1796960_S05E12_20664_0.npy
504,1080,1920,0,876,1485,222,830,370272,0.179,20688,/home/amos/media/tv/homeland/Homeland.S05.1080p.BluRay.x265-RARBG/Homeland.S05E12.1080p.BluRay.x265-RARBG.mp4,5,12,1796960,data/encodings/1796960/1796960_S05E12_20688_0.npy
505,1080,1920,0,876,1485,284,892,370272,0.179,20712,/home/amos/media/tv/homeland/Homeland.S05.1080p.BluRay.x265-RARBG/Homeland.S05E12.1080p.BluRay.x265-RARBG.mp4,5,12,1796960,data/encodings/1796960/1796960_S05E12_20712_0.npy
506,1080,1920,0,876,1485,284,892,370272,0.179,20736,/home/amos/media/tv/homeland/Homeland.S05.1080p.BluRay.x265-RARBG/Homeland.S05E12.1080p.BluRay.x265-RARBG.mp4,5,12,1796960,data/encodings/1796960/1796960_S05E12_20736_0.npy
507,1080,1920,0,938,1546,222,830,369664,0.178,20760,/home/amos/media/tv/homeland/Homeland.S05.1080p.BluRay.x265-RARBG/Homeland.S05E12.1080p.BluRay.x265-RARBG.mp4,5,12,1796960,data/encodings/1796960/1796960_S05E12_20760_0.npy
508,1080,1920,0,876,1485,222,830,370272,0.179,20784,/home/amos/media/tv/homeland/Homeland.S05.1080p.BluRay.x265-RARBG/Homeland.S05E12.1080p.BluRay.x265-RARBG.mp4,5,12,1796960,data/encodings/1796960/1796960_S05E12_20784_0.npy
509,1080,1920,0,435,942,262,769,257049,0.124,20808,/home/amos/media/tv/homeland/Homeland.S05.1080p.BluRay.x265-RARBG/Homeland.S05E12.1080p.BluRay.x265-RARBG.mp4,5,12,1796960,data/encodings/1796960/1796960_S05E12_20808_0.npy
510,1080,1920,0,435,942,262,769,257049,0.124,20832,/home/amos/media/tv/homeland/Homeland.S05.1080p.BluRay.x265-RARBG/Homeland.S05E12.1080p.BluRay.x265-RARBG.mp4,5,12,1796960,data/encodings/1796960/1796960_S05E12_20832_0.npy
511,1080,1920,0,876,1485,222,830,370272,0.179,20856,/home/amos/media/tv/homeland/Homeland.S05.1080p.BluRay.x265-RARBG/Homeland.S05E12.1080p.BluRay.x265-RARBG.mp4,5,12,1796960,data/encodings/1796960/1796960_S05E12_20856_0.npy
512,1080,1920,0,876,1485,222,830,370272,0.179,20880,/home/amos/media/tv/homeland/Homeland.S05.1080p.BluRay.x265-RARBG/Homeland.S05E12.1080p.BluRay.x265-RARBG.mp4,5,12,1796960,data/encodings/1796960/1796960_S05E12_20880_0.npy
513,1080,1920,0,876,1485,222,830,370272,0.179,20904,/home/amos/media/tv/homeland/Homeland.S05.1080p.BluRay.x265-RARBG/Homeland.S05E12.1080p.BluRay.x265-RARBG.mp4,5,12,1796960,data/encodings/1796960/1796960_S05E12_20904_0.npy
514,1080,1920,0,999,1608,160,769,370881,0.179,20952,/home/amos/media/tv/homeland/Homeland.S05.1080p.BluRay.x265-RARBG/Homeland.S05E12.1080p.BluRay.x265-RARBG.mp4,5,12,1796960,data/encodings/1796960/1796960_S05E12_20952_0.npy
515,1080,1920,0,1184,1793,222,830,370272,0.179,21000,/home/amos/media/tv/homeland/Homeland.S05.1080p.BluRay.x265-RARBG/Homeland.S05E12.1080p.BluRay.x265-RARBG.mp4,5,12,1796960,data/encodings/1796960/1796960_S05E12_21000_0.npy
516,1080,1920,0,1154,1661,159,666,257049,0.124,21024,/home/amos/media/tv/homeland/Homeland.S05.1080p.BluRay.x265-RARBG/Homeland.S05E12.1080p.BluRay.x265-RARBG.mp4,5,12,1796960,data/encodings/1796960/1796960_S05E12_21024_0.npy
517,1080,1920,0,1068,1491,303,726,178929,0.086,21048,/home/amos/media/tv/homeland/Homeland.S05.1080p.BluRay.x265-RARBG/Homeland.S05E12.1080p.BluRay.x265-RARBG.mp4,5,12,1796960,data/encodings/1796960/1796960_S05E12_21048_0.npy
518,1080,1920,0,897,1404,210,717,257049,0.124,21072,/home/amos/media/tv/homeland/Homeland.S05.1080p.BluRay.x265-RARBG/Homeland.S05E12.1080p.BluRay.x265-RARBG.mp4,5,12,1796960,data/encodings/1796960/1796960_S05E12_21072_0.npy
519,1080,1920,0,999,1507,210,717,257556,0.124,21096,/home/amos/media/tv/homeland/Homeland.S05.1080p.BluRay.x265-RARBG/Homeland.S05E12.1080p.BluRay.x265-RARBG.mp4,5,12,1796960,data/encodings/1796960/1796960_S05E12_21096_0.npy
520,1080,1920,0,1068,1491,261,683,178506,0.086,21120,/home/amos/media/tv/homeland/Homeland.S05.1080p.BluRay.x265-RARBG/Homeland.S05E12.1080p.BluRay.x265-RARBG.mp4,5,12,1796960,data/encodings/1796960/1796960_S05E12_21120_0.npy
521,1080,1920,0,261,379,243,361,13924,0.007,21144,/home/amos/media/tv/homeland/Homeland.S05.1080p.BluRay.x265-RARBG/Homeland.S05E12.1080p.BluRay.x265-RARBG.mp4,5,12,1796960,data/encodings/1796960/1796960_S05E12_21144_0.npy
522,1080,1920,1,1610,1814,202,406,41616,0.02,21144,/home/amos/media/tv/homeland/Homeland.S05.1080p.BluRay.x265-RARBG/Homeland.S05E12.1080p.BluRay.x265-RARBG.mp4,5,12,1796960,data/encodings/1796960/1796960_S05E12_21144_1.npy
523,1080,1920,0,249,367,219,337,13924,0.007,21168,/home/amos/media/tv/homeland/Homeland.S05.1080p.BluRay.x265-RARBG/Homeland.S05E12.1080p.BluRay.x265-RARBG.mp4,5,12,1796960,data/encodings/1796960/1796960_S05E12_21168_0.npy
524,1080,1920,1,1590,1794,223,427,41616,0.02,21168,/home/amos/media/tv/homeland/Homeland.S05.1080p.BluRay.x265-RARBG/Homeland.S05E12.1080p.BluRay.x265-RARBG.mp4,5,12,1796960,data/encodings/1796960/1796960_S05E12_21168_1.npy
525,1080,1920,0,261,379,219,337,13924,0.007,21192,/home/amos/media/tv/homeland/Homeland.S05.1080p.BluRay.x265-RARBG/Homeland.S05E12.1080p.BluRay.x265-RARBG.mp4,5,12,1796960,data/encodings/1796960/1796960_S05E12_21192_0.npy
526,1080,1920,1,1610,1780,233,403,28900,0.014,21192,/home/amos/media/tv/homeland/Homeland.S05.1080p.BluRay.x265-RARBG/Homeland.S05E12.1080p.BluRay.x265-RARBG.mp4,5,12,1796960,data/encodings/1796960/1796960_S05E12_21192_1.npy
527,1080,1920,0,249,367,219,337,13924,0.007,21216,/home/amos/media/tv/homeland/Homeland.S05.1080p.BluRay.x265-RARBG/Homeland.S05E12.1080p.BluRay.x265-RARBG.mp4,5,12,1796960,data/encodings/1796960/1796960_S05E12_21216_0.npy
528,1080,1920,1,1593,1763,233,403,28900,0.014,21216,/home/amos/media/tv/homeland/Homeland.S05.1080p.BluRay.x265-RARBG/Homeland.S05E12.1080p.BluRay.x265-RARBG.mp4,5,12,1796960,data/encodings/1796960/1796960_S05E12_21216_1.npy
529,1080,1920,0,249,367,219,337,13924,0.007,21240,/home/amos/media/tv/homeland/Homeland.S05.1080p.BluRay.x265-RARBG/Homeland.S05E12.1080p.BluRay.x265-RARBG.mp4,5,12,1796960,data/encodings/1796960/1796960_S05E12_21240_0.npy
530,1080,1920,0,1204,1345,369,511,20022,0.01,21264,/home/amos/media/tv/homeland/Homeland.S05.1080p.BluRay.x265-RARBG/Homeland.S05E12.1080p.BluRay.x265-RARBG.mp4,5,12,1796960,data/encodings/1796960/1796960_S05E12_21264_0.npy
531,1080,1920,0,1218,1360,355,497,20164,0.01,21288,/home/amos/media/tv/homeland/Homeland.S05.1080p.BluRay.x265-RARBG/Homeland.S05E12.1080p.BluRay.x265-RARBG.mp4,5,12,1796960,data/encodings/1796960/1796960_S05E12_21288_0.npy
532,1080,1920,0,1218,1360,355,497,20164,0.01,21312,/home/amos/media/tv/homeland/Homeland.S05.1080p.BluRay.x265-RARBG/Homeland.S05E12.1080p.BluRay.x265-RARBG.mp4,5,12,1796960,data/encodings/1796960/1796960_S05E12_21312_0.npy
533,1080,1920,0,558,803,181,426,60025,0.029,21336,/home/amos/media/tv/homeland/Homeland.S05.1080p.BluRay.x265-RARBG/Homeland.S05E12.1080p.BluRay.x265-RARBG.mp4,5,12,1796960,data/encodings/1796960/1796960_S05E12_21336_0.npy
534,1080,1920,0,558,803,181,426,60025,0.029,21360,/home/amos/media/tv/homeland/Homeland.S05.1080p.BluRay.x265-RARBG/Homeland.S05E12.1080p.BluRay.x265-RARBG.mp4,5,12,1796960,data/encodings/1796960/1796960_S05E12_21360_0.npy
535,1080,1920,0,558,803,181,426,60025,0.029,21384,/home/amos/media/tv/homeland/Homeland.S05.1080p.BluRay.x265-RARBG/Homeland.S05E12.1080p.BluRay.x265-RARBG.mp4,5,12,1796960,data/encodings/1796960/1796960_S05E12_21384_0.npy
536,1080,1920,0,558,803,181,426,60025,0.029,21408,/home/amos/media/tv/homeland/Homeland.S05.1080p.BluRay.x265-RARBG/Homeland.S05E12.1080p.BluRay.x265-RARBG.mp4,5,12,1796960,data/encodings/1796960/1796960_S05E12_21408_0.npy
537,1080,1920,0,558,803,181,426,60025,0.029,21432,/home/amos/media/tv/homeland/Homeland.S05.1080p.BluRay.x265-RARBG/Homeland.S05E12.1080p.BluRay.x265-RARBG.mp4,5,12,1796960,data/encodings/1796960/1796960_S05E12_21432_0.npy
538,1080,1920,0,407,700,195,489,86142,0.042,21456,/home/amos/media/tv/homeland/Homeland.S05.1080p.BluRay.x265-RARBG/Homeland.S05E12.1080p.BluRay.x265-RARBG.mp4,5,12,1796960,data/encodings/1796960/1796960_S05E12_21456_0.npy
539,1080,1920,0,407,700,225,519,86142,0.042,21480,/home/amos/media/tv/homeland/Homeland.S05.1080p.BluRay.x265-RARBG/Homeland.S05E12.1080p.BluRay.x265-RARBG.mp4,5,12,1796960,data/encodings/1796960/1796960_S05E12_21480_0.npy
540,1080,1920,0,674,968,225,519,86436,0.042,21504,/home/amos/media/tv/homeland/Homeland.S05.1080p.BluRay.x265-RARBG/Homeland.S05E12.1080p.BluRay.x265-RARBG.mp4,5,12,1796960,data/encodings/1796960/1796960_S05E12_21504_0.npy
541,1080,1920,0,1261,1403,369,511,20164,0.01,21528,/home/amos/media/tv/homeland/Homeland.S05.1080p.BluRay.x265-RARBG/Homeland.S05E12.1080p.BluRay.x265-RARBG.mp4,5,12,1796960,data/encodings/1796960/1796960_S05E12_21528_0.npy
542,1080,1920,0,1275,1417,384,525,20022,0.01,21552,/home/amos/media/tv/homeland/Homeland.S05.1080p.BluRay.x265-RARBG/Homeland.S05E12.1080p.BluRay.x265-RARBG.mp4,5,12,1796960,data/encodings/1796960/1796960_S05E12_21552_0.npy
543,1080,1920,0,1232,1374,384,525,20022,0.01,21576,/home/amos/media/tv/homeland/Homeland.S05.1080p.BluRay.x265-RARBG/Homeland.S05E12.1080p.BluRay.x265-RARBG.mp4,5,12,1796960,data/encodings/1796960/1796960_S05E12_21576_0.npy
544,1080,1920,0,1232,1374,398,540,20164,0.01,21600,/home/amos/media/tv/homeland/Homeland.S05.1080p.BluRay.x265-RARBG/Homeland.S05E12.1080p.BluRay.x265-RARBG.mp4,5,12,1796960,data/encodings/1796960/1796960_S05E12_21600_0.npy
545,1080,1920,0,434,638,306,509,41412,0.02,21624,/home/amos/media/tv/homeland/Homeland.S05.1080p.BluRay.x265-RARBG/Homeland.S05E12.1080p.BluRay.x265-RARBG.mp4,5,12,1796960,data/encodings/1796960/1796960_S05E12_21624_0.npy
546,1080,1920,0,434,638,306,509,41412,0.02,21648,/home/amos/media/tv/homeland/Homeland.S05.1080p.BluRay.x265-RARBG/Homeland.S05E12.1080p.BluRay.x265-RARBG.mp4,5,12,1796960,data/encodings/1796960/1796960_S05E12_21648_0.npy
547,1080,1920,0,434,638,306,509,41412,0.02,21672,/home/amos/media/tv/homeland/Homeland.S05.1080p.BluRay.x265-RARBG/Homeland.S05E12.1080p.BluRay.x265-RARBG.mp4,5,12,1796960,data/encodings/1796960/1796960_S05E12_21672_0.npy
548,1080,1920,0,1031,1324,225,519,86142,0.042,21696,/home/amos/media/tv/homeland/Homeland.S05.1080p.BluRay.x265-RARBG/Homeland.S05E12.1080p.BluRay.x265-RARBG.mp4,5,12,1796960,data/encodings/1796960/1796960_S05E12_21696_0.npy
549,1080,1920,0,1061,1354,195,489,86142,0.042,21720,/home/amos/media/tv/homeland/Homeland.S05.1080p.BluRay.x265-RARBG/Homeland.S05E12.1080p.BluRay.x265-RARBG.mp4,5,12,1796960,data/encodings/1796960/1796960_S05E12_21720_0.npy
550,1080,1920,0,1031,1324,195,489,86142,0.042,21744,/home/amos/media/tv/homeland/Homeland.S05.1080p.BluRay.x265-RARBG/Homeland.S05E12.1080p.BluRay.x265-RARBG.mp4,5,12,1796960,data/encodings/1796960/1796960_S05E12_21744_0.npy
551,1080,1920,0,1031,1324,225,519,86142,0.042,21768,/home/amos/media/tv/homeland/Homeland.S05.1080p.BluRay.x265-RARBG/Homeland.S05E12.1080p.BluRay.x265-RARBG.mp4,5,12,1796960,data/encodings/1796960/1796960_S05E12_21768_0.npy
552,1080,1920,0,1001,1295,225,519,86436,0.042,21792,/home/amos/media/tv/homeland/Homeland.S05.1080p.BluRay.x265-RARBG/Homeland.S05E12.1080p.BluRay.x265-RARBG.mp4,5,12,1796960,data/encodings/1796960/1796960_S05E12_21792_0.npy
553,1080,1920,0,340,763,261,683,178506,0.086,21816,/home/amos/media/tv/homeland/Homeland.S05.1080p.BluRay.x265-RARBG/Homeland.S05E12.1080p.BluRay.x265-RARBG.mp4,5,12,1796960,data/encodings/1796960/1796960_S05E12_21816_0.npy
554,1080,1920,0,383,806,261,683,178506,0.086,21840,/home/amos/media/tv/homeland/Homeland.S05.1080p.BluRay.x265-RARBG/Homeland.S05E12.1080p.BluRay.x265-RARBG.mp4,5,12,1796960,data/encodings/1796960/1796960_S05E12_21840_0.npy
555,1080,1920,0,383,806,261,683,178506,0.086,21864,/home/amos/media/tv/homeland/Homeland.S05.1080p.BluRay.x265-RARBG/Homeland.S05E12.1080p.BluRay.x265-RARBG.mp4,5,12,1796960,data/encodings/1796960/1796960_S05E12_21864_0.npy
556,1080,1920,0,1051,1558,210,717,257049,0.124,21888,/home/amos/media/tv/homeland/Homeland.S05.1080p.BluRay.x265-RARBG/Homeland.S05E12.1080p.BluRay.x265-RARBG.mp4,5,12,1796960,data/encodings/1796960/1796960_S05E12_21888_0.npy
557,1080,1920,0,1051,1558,262,769,257049,0.124,21912,/home/amos/media/tv/homeland/Homeland.S05.1080p.BluRay.x265-RARBG/Homeland.S05E12.1080p.BluRay.x265-RARBG.mp4,5,12,1796960,data/encodings/1796960/1796960_S05E12_21912_0.npy
558,1080,1920,0,426,849,261,683,178506,0.086,21936,/home/amos/media/tv/homeland/Homeland.S05.1080p.BluRay.x265-RARBG/Homeland.S05E12.1080p.BluRay.x265-RARBG.mp4,5,12,1796960,data/encodings/1796960/1796960_S05E12_21936_0.npy
559,1080,1920,0,426,849,261,683,178506,0.086,21960,/home/amos/media/tv/homeland/Homeland.S05.1080p.BluRay.x265-RARBG/Homeland.S05E12.1080p.BluRay.x265-RARBG.mp4,5,12,1796960,data/encodings/1796960/1796960_S05E12_21960_0.npy
560,1080,1920,0,435,942,313,820,257049,0.124,21984,/home/amos/media/tv/homeland/Homeland.S05.1080p.BluRay.x265-RARBG/Homeland.S05E12.1080p.BluRay.x265-RARBG.mp4,5,12,1796960,data/encodings/1796960/1796960_S05E12_21984_0.npy
561,1080,1920,0,486,993,313,820,257049,0.124,22008,/home/amos/media/tv/homeland/Homeland.S05.1080p.BluRay.x265-RARBG/Homeland.S05E12.1080p.BluRay.x265-RARBG.mp4,5,12,1796960,data/encodings/1796960/1796960_S05E12_22008_0.npy
562,1080,1920,0,537,1044,313,820,257049,0.124,22032,/home/amos/media/tv/homeland/Homeland.S05.1080p.BluRay.x265-RARBG/Homeland.S05E12.1080p.BluRay.x265-RARBG.mp4,5,12,1796960,data/encodings/1796960/1796960_S05E12_22032_0.npy
563,1080,1920,0,1068,1491,303,726,178929,0.086,22056,/home/amos/media/tv/homeland/Homeland.S05.1080p.BluRay.x265-RARBG/Homeland.S05E12.1080p.BluRay.x265-RARBG.mp4,5,12,1796960,data/encodings/1796960/1796960_S05E12_22056_0.npy
564,1080,1920,0,1051,1558,210,717,257049,0.124,22080,/home/amos/media/tv/homeland/Homeland.S05.1080p.BluRay.x265-RARBG/Homeland.S05E12.1080p.BluRay.x265-RARBG.mp4,5,12,1796960,data/encodings/1796960/1796960_S05E12_22080_0.npy
565,1080,1920,0,469,891,175,598,178506,0.086,22104,/home/amos/media/tv/homeland/Homeland.S05.1080p.BluRay.x265-RARBG/Homeland.S05E12.1080p.BluRay.x265-RARBG.mp4,5,12,1796960,data/encodings/1796960/1796960_S05E12_22104_0.npy
566,1080,1920,0,554,977,218,640,178506,0.086,22128,/home/amos/media/tv/homeland/Homeland.S05.1080p.BluRay.x265-RARBG/Homeland.S05E12.1080p.BluRay.x265-RARBG.mp4,5,12,1796960,data/encodings/1796960/1796960_S05E12_22128_0.npy
567,1080,1920,0,486,993,159,666,257049,0.124,22152,/home/amos/media/tv/homeland/Homeland.S05.1080p.BluRay.x265-RARBG/Homeland.S05E12.1080p.BluRay.x265-RARBG.mp4,5,12,1796960,data/encodings/1796960/1796960_S05E12_22152_0.npy
568,1080,1920,0,554,977,261,683,178506,0.086,22176,/home/amos/media/tv/homeland/Homeland.S05.1080p.BluRay.x265-RARBG/Homeland.S05E12.1080p.BluRay.x265-RARBG.mp4,5,12,1796960,data/encodings/1796960/1796960_S05E12_22176_0.npy
569,1080,1920,0,597,1020,261,683,178506,0.086,22200,/home/amos/media/tv/homeland/Homeland.S05.1080p.BluRay.x265-RARBG/Homeland.S05E12.1080p.BluRay.x265-RARBG.mp4,5,12,1796960,data/encodings/1796960/1796960_S05E12_22200_0.npy
570,1080,1920,0,554,977,261,683,178506,0.086,22224,/home/amos/media/tv/homeland/Homeland.S05.1080p.BluRay.x265-RARBG/Homeland.S05E12.1080p.BluRay.x265-RARBG.mp4,5,12,1796960,data/encodings/1796960/1796960_S05E12_22224_0.npy
571,1080,1920,0,512,934,261,683,178084,0.086,22248,/home/amos/media/tv/homeland/Homeland.S05.1080p.BluRay.x265-RARBG/Homeland.S05E12.1080p.BluRay.x265-RARBG.mp4,5,12,1796960,data/encodings/1796960/1796960_S05E12_22248_0.npy
572,1080,1920,0,435,942,210,717,257049,0.124,22272,/home/amos/media/tv/homeland/Homeland.S05.1080p.BluRay.x265-RARBG/Homeland.S05E12.1080p.BluRay.x265-RARBG.mp4,5,12,1796960,data/encodings/1796960/1796960_S05E12_22272_0.npy
573,1080,1920,0,469,891,261,683,178084,0.086,22296,/home/amos/media/tv/homeland/Homeland.S05.1080p.BluRay.x265-RARBG/Homeland.S05E12.1080p.BluRay.x265-RARBG.mp4,5,12,1796960,data/encodings/1796960/1796960_S05E12_22296_0.npy
574,1080,1920,0,1102,1609,210,717,257049,0.124,22320,/home/amos/media/tv/homeland/Homeland.S05.1080p.BluRay.x265-RARBG/Homeland.S05E12.1080p.BluRay.x265-RARBG.mp4,5,12,1796960,data/encodings/1796960/1796960_S05E12_22320_0.npy
575,1080,1920,0,1102,1609,159,666,257049,0.124,22344,/home/amos/media/tv/homeland/Homeland.S05.1080p.BluRay.x265-RARBG/Homeland.S05E12.1080p.BluRay.x265-RARBG.mp4,5,12,1796960,data/encodings/1796960/1796960_S05E12_22344_0.npy
576,1080,1920,0,1102,1609,262,769,257049,0.124,22368,/home/amos/media/tv/homeland/Homeland.S05.1080p.BluRay.x265-RARBG/Homeland.S05E12.1080p.BluRay.x265-RARBG.mp4,5,12,1796960,data/encodings/1796960/1796960_S05E12_22368_0.npy
577,1080,1920,0,938,1546,99,707,369664,0.178,22392,/home/amos/media/tv/homeland/Homeland.S05.1080p.BluRay.x265-RARBG/Homeland.S05E12.1080p.BluRay.x265-RARBG.mp4,5,12,1796960,data/encodings/1796960/1796960_S05E12_22392_0.npy
578,1080,1920,0,876,1485,222,830,370272,0.179,22416,/home/amos/media/tv/homeland/Homeland.S05.1080p.BluRay.x265-RARBG/Homeland.S05E12.1080p.BluRay.x265-RARBG.mp4,5,12,1796960,data/encodings/1796960/1796960_S05E12_22416_0.npy
579,1080,1920,0,876,1485,222,830,370272,0.179,22440,/home/amos/media/tv/homeland/Homeland.S05.1080p.BluRay.x265-RARBG/Homeland.S05E12.1080p.BluRay.x265-RARBG.mp4,5,12,1796960,data/encodings/1796960/1796960_S05E12_22440_0.npy
580,1080,1920,0,938,1546,222,830,369664,0.178,22464,/home/amos/media/tv/homeland/Homeland.S05.1080p.BluRay.x265-RARBG/Homeland.S05E12.1080p.BluRay.x265-RARBG.mp4,5,12,1796960,data/encodings/1796960/1796960_S05E12_22464_0.npy
581,1080,1920,0,340,763,303,726,178929,0.086,22512,/home/amos/media/tv/homeland/Homeland.S05.1080p.BluRay.x265-RARBG/Homeland.S05E12.1080p.BluRay.x265-RARBG.mp4,5,12,1796960,data/encodings/1796960/1796960_S05E12_22512_0.npy
582,1080,1920,0,383,806,303,726,178929,0.086,22536,/home/amos/media/tv/homeland/Homeland.S05.1080p.BluRay.x265-RARBG/Homeland.S05E12.1080p.BluRay.x265-RARBG.mp4,5,12,1796960,data/encodings/1796960/1796960_S05E12_22536_0.npy
583,1080,1920,0,383,806,303,726,178929,0.086,22560,/home/amos/media/tv/homeland/Homeland.S05.1080p.BluRay.x265-RARBG/Homeland.S05E12.1080p.BluRay.x265-RARBG.mp4,5,12,1796960,data/encodings/1796960/1796960_S05E12_22560_0.npy
584,1080,1920,0,999,1608,222,830,370272,0.179,22584,/home/amos/media/tv/homeland/Homeland.S05.1080p.BluRay.x265-RARBG/Homeland.S05E12.1080p.BluRay.x265-RARBG.mp4,5,12,1796960,data/encodings/1796960/1796960_S05E12_22584_0.npy
585,1080,1920,0,938,1546,222,830,369664,0.178,22608,/home/amos/media/tv/homeland/Homeland.S05.1080p.BluRay.x265-RARBG/Homeland.S05E12.1080p.BluRay.x265-RARBG.mp4,5,12,1796960,data/encodings/1796960/1796960_S05E12_22608_0.npy
586,1080,1920,0,938,1546,160,769,370272,0.179,22632,/home/amos/media/tv/homeland/Homeland.S05.1080p.BluRay.x265-RARBG/Homeland.S05E12.1080p.BluRay.x265-RARBG.mp4,5,12,1796960,data/encodings/1796960/1796960_S05E12_22632_0.npy
587,1080,1920,0,999,1608,160,769,370881,0.179,22656,/home/amos/media/tv/homeland/Homeland.S05.1080p.BluRay.x265-RARBG/Homeland.S05E12.1080p.BluRay.x265-RARBG.mp4,5,12,1796960,data/encodings/1796960/1796960_S05E12_22656_0.npy
588,1080,1920,0,999,1608,160,769,370881,0.179,22680,/home/amos/media/tv/homeland/Homeland.S05.1080p.BluRay.x265-RARBG/Homeland.S05E12.1080p.BluRay.x265-RARBG.mp4,5,12,1796960,data/encodings/1796960/1796960_S05E12_22680_0.npy
589,1080,1920,0,999,1608,160,769,370881,0.179,22704,/home/amos/media/tv/homeland/Homeland.S05.1080p.BluRay.x265-RARBG/Homeland.S05E12.1080p.BluRay.x265-RARBG.mp4,5,12,1796960,data/encodings/1796960/1796960_S05E12_22704_0.npy
590,1080,1920,0,999,1608,160,769,370881,0.179,22728,/home/amos/media/tv/homeland/Homeland.S05.1080p.BluRay.x265-RARBG/Homeland.S05E12.1080p.BluRay.x265-RARBG.mp4,5,12,1796960,data/encodings/1796960/1796960_S05E12_22728_0.npy
591,1080,1920,0,469,891,261,683,178084,0.086,22752,/home/amos/media/tv/homeland/Homeland.S05.1080p.BluRay.x265-RARBG/Homeland.S05E12.1080p.BluRay.x265-RARBG.mp4,5,12,1796960,data/encodings/1796960/1796960_S05E12_22752_0.npy
592,1080,1920,0,469,891,261,683,178084,0.086,22776,/home/amos/media/tv/homeland/Homeland.S05.1080p.BluRay.x265-RARBG/Homeland.S05E12.1080p.BluRay.x265-RARBG.mp4,5,12,1796960,data/encodings/1796960/1796960_S05E12_22776_0.npy
593,1080,1920,0,469,891,261,683,178084,0.086,22800,/home/amos/media/tv/homeland/Homeland.S05.1080p.BluRay.x265-RARBG/Homeland.S05E12.1080p.BluRay.x265-RARBG.mp4,5,12,1796960,data/encodings/1796960/1796960_S05E12_22800_0.npy
594,1080,1920,0,469,891,261,683,178084,0.086,22824,/home/amos/media/tv/homeland/Homeland.S05.1080p.BluRay.x265-RARBG/Homeland.S05E12.1080p.BluRay.x265-RARBG.mp4,5,12,1796960,data/encodings/1796960/1796960_S05E12_22824_0.npy
595,1080,1920,0,469,891,261,683,178084,0.086,22848,/home/amos/media/tv/homeland/Homeland.S05.1080p.BluRay.x265-RARBG/Homeland.S05E12.1080p.BluRay.x265-RARBG.mp4,5,12,1796960,data/encodings/1796960/1796960_S05E12_22848_0.npy
596,1080,1920,0,383,890,262,769,257049,0.124,22872,/home/amos/media/tv/homeland/Homeland.S05.1080p.BluRay.x265-RARBG/Homeland.S05E12.1080p.BluRay.x265-RARBG.mp4,5,12,1796960,data/encodings/1796960/1796960_S05E12_22872_0.npy
597,1080,1920,0,383,890,313,820,257049,0.124,22896,/home/amos/media/tv/homeland/Homeland.S05.1080p.BluRay.x265-RARBG/Homeland.S05E12.1080p.BluRay.x265-RARBG.mp4,5,12,1796960,data/encodings/1796960/1796960_S05E12_22896_0.npy
598,1080,1920,0,469,891,175,598,178506,0.086,22920,/home/amos/media/tv/homeland/Homeland.S05.1080p.BluRay.x265-RARBG/Homeland.S05E12.1080p.BluRay.x265-RARBG.mp4,5,12,1796960,data/encodings/1796960/1796960_S05E12_22920_0.npy
599,1080,1920,0,280,788,56,563,257556,0.124,22944,/home/amos/media/tv/homeland/Homeland.S05.1080p.BluRay.x265-RARBG/Homeland.S05E12.1080p.BluRay.x265-RARBG.mp4,5,12,1796960,data/encodings/1796960/1796960_S05E12_22944_0.npy
600,1080,1920,0,876,1485,222,830,370272,0.179,22968,/home/amos/media/tv/homeland/Homeland.S05.1080p.BluRay.x265-RARBG/Homeland.S05E12.1080p.BluRay.x265-RARBG.mp4,5,12,1796960,data/encodings/1796960/1796960_S05E12_22968_0.npy
601,1080,1920,0,811,1542,165,895,533630,0.257,22992,/home/amos/media/tv/homeland/Homeland.S05.1080p.BluRay.x265-RARBG/Homeland.S05E12.1080p.BluRay.x265-RARBG.mp4,5,12,1796960,data/encodings/1796960/1796960_S05E12_22992_0.npy
602,1080,1920,0,876,1485,160,769,370881,0.179,23016,/home/amos/media/tv/homeland/Homeland.S05.1080p.BluRay.x265-RARBG/Homeland.S05E12.1080p.BluRay.x265-RARBG.mp4,5,12,1796960,data/encodings/1796960/1796960_S05E12_23016_0.npy
603,1080,1920,0,938,1546,99,707,369664,0.178,23040,/home/amos/media/tv/homeland/Homeland.S05.1080p.BluRay.x265-RARBG/Homeland.S05E12.1080p.BluRay.x265-RARBG.mp4,5,12,1796960,data/encodings/1796960/1796960_S05E12_23040_0.npy
604,1080,1920,0,938,1546,160,769,370272,0.179,23064,/home/amos/media/tv/homeland/Homeland.S05.1080p.BluRay.x265-RARBG/Homeland.S05E12.1080p.BluRay.x265-RARBG.mp4,5,12,1796960,data/encodings/1796960/1796960_S05E12_23064_0.npy
605,1080,1920,0,938,1546,160,769,370272,0.179,23088,/home/amos/media/tv/homeland/Homeland.S05.1080p.BluRay.x265-RARBG/Homeland.S05E12.1080p.BluRay.x265-RARBG.mp4,5,12,1796960,data/encodings/1796960/1796960_S05E12_23088_0.npy
606,1080,1920,0,938,1546,160,769,370272,0.179,23112,/home/amos/media/tv/homeland/Homeland.S05.1080p.BluRay.x265-RARBG/Homeland.S05E12.1080p.BluRay.x265-RARBG.mp4,5,12,1796960,data/encodings/1796960/1796960_S05E12_23112_0.npy
607,1080,1920,0,999,1608,160,769,370881,0.179,23136,/home/amos/media/tv/homeland/Homeland.S05.1080p.BluRay.x265-RARBG/Homeland.S05E12.1080p.BluRay.x265-RARBG.mp4,5,12,1796960,data/encodings/1796960/1796960_S05E12_23136_0.npy
608,1080,1920,0,938,1546,99,707,369664,0.178,23160,/home/amos/media/tv/homeland/Homeland.S05.1080p.BluRay.x265-RARBG/Homeland.S05E12.1080p.BluRay.x265-RARBG.mp4,5,12,1796960,data/encodings/1796960/1796960_S05E12_23160_0.npy
609,1080,1920,0,332,839,159,666,257049,0.124,23184,/home/amos/media/tv/homeland/Homeland.S05.1080p.BluRay.x265-RARBG/Homeland.S05E12.1080p.BluRay.x265-RARBG.mp4,5,12,1796960,data/encodings/1796960/1796960_S05E12_23184_0.npy
610,1080,1920,0,332,839,159,666,257049,0.124,23208,/home/amos/media/tv/homeland/Homeland.S05.1080p.BluRay.x265-RARBG/Homeland.S05E12.1080p.BluRay.x265-RARBG.mp4,5,12,1796960,data/encodings/1796960/1796960_S05E12_23208_0.npy
611,1080,1920,0,938,1546,284,892,369664,0.178,23232,/home/amos/media/tv/homeland/Homeland.S05.1080p.BluRay.x265-RARBG/Homeland.S05E12.1080p.BluRay.x265-RARBG.mp4,5,12,1796960,data/encodings/1796960/1796960_S05E12_23232_0.npy
612,1080,1920,0,938,1546,222,830,369664,0.178,23256,/home/amos/media/tv/homeland/Homeland.S05.1080p.BluRay.x265-RARBG/Homeland.S05E12.1080p.BluRay.x265-RARBG.mp4,5,12,1796960,data/encodings/1796960/1796960_S05E12_23256_0.npy
613,1080,1920,0,938,1546,222,830,369664,0.178,23280,/home/amos/media/tv/homeland/Homeland.S05.1080p.BluRay.x265-RARBG/Homeland.S05E12.1080p.BluRay.x265-RARBG.mp4,5,12,1796960,data/encodings/1796960/1796960_S05E12_23280_0.npy
614,1080,1920,0,383,890,210,717,257049,0.124,23304,/home/amos/media/tv/homeland/Homeland.S05.1080p.BluRay.x265-RARBG/Homeland.S05E12.1080p.BluRay.x265-RARBG.mp4,5,12,1796960,data/encodings/1796960/1796960_S05E12_23304_0.npy
615,1080,1920,0,383,890,210,717,257049,0.124,23328,/home/amos/media/tv/homeland/Homeland.S05.1080p.BluRay.x265-RARBG/Homeland.S05E12.1080p.BluRay.x265-RARBG.mp4,5,12,1796960,data/encodings/1796960/1796960_S05E12_23328_0.npy
616,1080,1920,0,383,890,210,717,257049,0.124,23352,/home/amos/media/tv/homeland/Homeland.S05.1080p.BluRay.x265-RARBG/Homeland.S05E12.1080p.BluRay.x265-RARBG.mp4,5,12,1796960,data/encodings/1796960/1796960_S05E12_23352_0.npy
617,1080,1920,0,435,942,262,769,257049,0.124,23376,/home/amos/media/tv/homeland/Homeland.S05.1080p.BluRay.x265-RARBG/Homeland.S05E12.1080p.BluRay.x265-RARBG.mp4,5,12,1796960,data/encodings/1796960/1796960_S05E12_23376_0.npy
618,1080,1920,0,486,993,313,820,257049,0.124,23400,/home/amos/media/tv/homeland/Homeland.S05.1080p.BluRay.x265-RARBG/Homeland.S05E12.1080p.BluRay.x265-RARBG.mp4,5,12,1796960,data/encodings/1796960/1796960_S05E12_23400_0.npy
619,1080,1920,0,486,993,262,769,257049,0.124,23424,/home/amos/media/tv/homeland/Homeland.S05.1080p.BluRay.x265-RARBG/Homeland.S05E12.1080p.BluRay.x265-RARBG.mp4,5,12,1796960,data/encodings/1796960/1796960_S05E12_23424_0.npy
620,1080,1920,0,512,934,175,598,178506,0.086,23448,/home/amos/media/tv/homeland/Homeland.S05.1080p.BluRay.x265-RARBG/Homeland.S05E12.1080p.BluRay.x265-RARBG.mp4,5,12,1796960,data/encodings/1796960/1796960_S05E12_23448_0.npy
621,1080,1920,0,486,993,108,615,257049,0.124,23472,/home/amos/media/tv/homeland/Homeland.S05.1080p.BluRay.x265-RARBG/Homeland.S05E12.1080p.BluRay.x265-RARBG.mp4,5,12,1796960,data/encodings/1796960/1796960_S05E12_23472_0.npy
622,1080,1920,0,512,934,175,598,178506,0.086,23496,/home/amos/media/tv/homeland/Homeland.S05.1080p.BluRay.x265-RARBG/Homeland.S05E12.1080p.BluRay.x265-RARBG.mp4,5,12,1796960,data/encodings/1796960/1796960_S05E12_23496_0.npy
623,1080,1920,0,512,934,175,598,178506,0.086,23520,/home/amos/media/tv/homeland/Homeland.S05.1080p.BluRay.x265-RARBG/Homeland.S05E12.1080p.BluRay.x265-RARBG.mp4,5,12,1796960,data/encodings/1796960/1796960_S05E12_23520_0.npy
624,1080,1920,0,512,934,218,640,178084,0.086,23544,/home/amos/media/tv/homeland/Homeland.S05.1080p.BluRay.x265-RARBG/Homeland.S05E12.1080p.BluRay.x265-RARBG.mp4,5,12,1796960,data/encodings/1796960/1796960_S05E12_23544_0.npy
625,1080,1920,0,512,934,218,640,178084,0.086,23568,/home/amos/media/tv/homeland/Homeland.S05.1080p.BluRay.x265-RARBG/Homeland.S05E12.1080p.BluRay.x265-RARBG.mp4,5,12,1796960,data/encodings/1796960/1796960_S05E12_23568_0.npy
626,1080,1920,0,512,934,218,640,178084,0.086,23592,/home/amos/media/tv/homeland/Homeland.S05.1080p.BluRay.x265-RARBG/Homeland.S05E12.1080p.BluRay.x265-RARBG.mp4,5,12,1796960,data/encodings/1796960/1796960_S05E12_23592_0.npy
627,1080,1920,0,999,1608,160,769,370881,0.179,23616,/home/amos/media/tv/homeland/Homeland.S05.1080p.BluRay.x265-RARBG/Homeland.S05E12.1080p.BluRay.x265-RARBG.mp4,5,12,1796960,data/encodings/1796960/1796960_S05E12_23616_0.npy
628,1080,1920,0,999,1608,160,769,370881,0.179,23640,/home/amos/media/tv/homeland/Homeland.S05.1080p.BluRay.x265-RARBG/Homeland.S05E12.1080p.BluRay.x265-RARBG.mp4,5,12,1796960,data/encodings/1796960/1796960_S05E12_23640_0.npy
629,1080,1920,0,999,1608,160,769,370881,0.179,23664,/home/amos/media/tv/homeland/Homeland.S05.1080p.BluRay.x265-RARBG/Homeland.S05E12.1080p.BluRay.x265-RARBG.mp4,5,12,1796960,data/encodings/1796960/1796960_S05E12_23664_0.npy
630,1080,1920,0,938,1546,222,830,369664,0.178,23688,/home/amos/media/tv/homeland/Homeland.S05.1080p.BluRay.x265-RARBG/Homeland.S05E12.1080p.BluRay.x265-RARBG.mp4,5,12,1796960,data/encodings/1796960/1796960_S05E12_23688_0.npy
631,1080,1920,0,1184,1793,37,646,370881,0.179,23712,/home/amos/media/tv/homeland/Homeland.S05.1080p.BluRay.x265-RARBG/Homeland.S05E12.1080p.BluRay.x265-RARBG.mp4,5,12,1796960,data/encodings/1796960/1796960_S05E12_23712_0.npy
632,1080,1920,0,486,993,210,717,257049,0.124,23784,/home/amos/media/tv/homeland/Homeland.S05.1080p.BluRay.x265-RARBG/Homeland.S05E12.1080p.BluRay.x265-RARBG.mp4,5,12,1796960,data/encodings/1796960/1796960_S05E12_23784_0.npy
633,1080,1920,0,640,1063,218,640,178506,0.086,23808,/home/amos/media/tv/homeland/Homeland.S05.1080p.BluRay.x265-RARBG/Homeland.S05E12.1080p.BluRay.x265-RARBG.mp4,5,12,1796960,data/encodings/1796960/1796960_S05E12_23808_0.npy
634,1080,1920,0,691,1198,159,666,257049,0.124,23832,/home/amos/media/tv/homeland/Homeland.S05.1080p.BluRay.x265-RARBG/Homeland.S05E12.1080p.BluRay.x265-RARBG.mp4,5,12,1796960,data/encodings/1796960/1796960_S05E12_23832_0.npy
635,1080,1920,0,811,1234,218,640,178506,0.086,23856,/home/amos/media/tv/homeland/Homeland.S05.1080p.BluRay.x265-RARBG/Homeland.S05E12.1080p.BluRay.x265-RARBG.mp4,5,12,1796960,data/encodings/1796960/1796960_S05E12_23856_0.npy
636,1080,1920,0,854,1277,218,640,178506,0.086,23880,/home/amos/media/tv/homeland/Homeland.S05.1080p.BluRay.x265-RARBG/Homeland.S05E12.1080p.BluRay.x265-RARBG.mp4,5,12,1796960,data/encodings/1796960/1796960_S05E12_23880_0.npy
637,1080,1920,0,854,1277,218,640,178506,0.086,23904,/home/amos/media/tv/homeland/Homeland.S05.1080p.BluRay.x265-RARBG/Homeland.S05E12.1080p.BluRay.x265-RARBG.mp4,5,12,1796960,data/encodings/1796960/1796960_S05E12_23904_0.npy
638,1080,1920,0,319,671,101,453,123904,0.06,23928,/home/amos/media/tv/homeland/Homeland.S05.1080p.BluRay.x265-RARBG/Homeland.S05E12.1080p.BluRay.x265-RARBG.mp4,5,12,1796960,data/encodings/1796960/1796960_S05E12_23928_0.npy
639,1080,1920,0,355,707,137,489,123904,0.06,23952,/home/amos/media/tv/homeland/Homeland.S05.1080p.BluRay.x265-RARBG/Homeland.S05E12.1080p.BluRay.x265-RARBG.mp4,5,12,1796960,data/encodings/1796960/1796960_S05E12_23952_0.npy
640,1080,1920,0,355,707,137,489,123904,0.06,23976,/home/amos/media/tv/homeland/Homeland.S05.1080p.BluRay.x265-RARBG/Homeland.S05E12.1080p.BluRay.x265-RARBG.mp4,5,12,1796960,data/encodings/1796960/1796960_S05E12_23976_0.npy
641,1080,1920,0,355,707,137,489,123904,0.06,24000,/home/amos/media/tv/homeland/Homeland.S05.1080p.BluRay.x265-RARBG/Homeland.S05E12.1080p.BluRay.x265-RARBG.mp4,5,12,1796960,data/encodings/1796960/1796960_S05E12_24000_0.npy
642,1080,1920,0,340,763,132,555,178929,0.086,24024,/home/amos/media/tv/homeland/Homeland.S05.1080p.BluRay.x265-RARBG/Homeland.S05E12.1080p.BluRay.x265-RARBG.mp4,5,12,1796960,data/encodings/1796960/1796960_S05E12_24024_0.npy
643,1080,1920,0,597,1020,218,640,178506,0.086,24048,/home/amos/media/tv/homeland/Homeland.S05.1080p.BluRay.x265-RARBG/Homeland.S05E12.1080p.BluRay.x265-RARBG.mp4,5,12,1796960,data/encodings/1796960/1796960_S05E12_24048_0.npy
644,1080,1920,0,554,977,218,640,178506,0.086,24072,/home/amos/media/tv/homeland/Homeland.S05.1080p.BluRay.x265-RARBG/Homeland.S05E12.1080p.BluRay.x265-RARBG.mp4,5,12,1796960,data/encodings/1796960/1796960_S05E12_24072_0.npy
645,1080,1920,0,554,977,218,640,178506,0.086,24096,/home/amos/media/tv/homeland/Homeland.S05.1080p.BluRay.x265-RARBG/Homeland.S05E12.1080p.BluRay.x265-RARBG.mp4,5,12,1796960,data/encodings/1796960/1796960_S05E12_24096_0.npy
646,1080,1920,0,512,934,218,640,178084,0.086,24120,/home/amos/media/tv/homeland/Homeland.S05.1080p.BluRay.x265-RARBG/Homeland.S05E12.1080p.BluRay.x265-RARBG.mp4,5,12,1796960,data/encodings/1796960/1796960_S05E12_24120_0.npy
647,1080,1920,0,486,993,159,666,257049,0.124,24144,/home/amos/media/tv/homeland/Homeland.S05.1080p.BluRay.x265-RARBG/Homeland.S05E12.1080p.BluRay.x265-RARBG.mp4,5,12,1796960,data/encodings/1796960/1796960_S05E12_24144_0.npy
648,1080,1920,0,897,1319,132,555,178506,0.086,24168,/home/amos/media/tv/homeland/Homeland.S05.1080p.BluRay.x265-RARBG/Homeland.S05E12.1080p.BluRay.x265-RARBG.mp4,5,12,1796960,data/encodings/1796960/1796960_S05E12_24168_0.npy
649,1080,1920,0,897,1319,132,555,178506,0.086,24192,/home/amos/media/tv/homeland/Homeland.S05.1080p.BluRay.x265-RARBG/Homeland.S05E12.1080p.BluRay.x265-RARBG.mp4,5,12,1796960,data/encodings/1796960/1796960_S05E12_24192_0.npy
650,1080,1920,0,897,1319,132,555,178506,0.086,24216,/home/amos/media/tv/homeland/Homeland.S05.1080p.BluRay.x265-RARBG/Homeland.S05E12.1080p.BluRay.x265-RARBG.mp4,5,12,1796960,data/encodings/1796960/1796960_S05E12_24216_0.npy
651,1080,1920,0,897,1319,132,555,178506,0.086,24240,/home/amos/media/tv/homeland/Homeland.S05.1080p.BluRay.x265-RARBG/Homeland.S05E12.1080p.BluRay.x265-RARBG.mp4,5,12,1796960,data/encodings/1796960/1796960_S05E12_24240_0.npy
652,1080,1920,0,512,934,218,640,178084,0.086,24264,/home/amos/media/tv/homeland/Homeland.S05.1080p.BluRay.x265-RARBG/Homeland.S05E12.1080p.BluRay.x265-RARBG.mp4,5,12,1796960,data/encodings/1796960/1796960_S05E12_24264_0.npy
653,1080,1920,0,512,934,218,640,178084,0.086,24288,/home/amos/media/tv/homeland/Homeland.S05.1080p.BluRay.x265-RARBG/Homeland.S05E12.1080p.BluRay.x265-RARBG.mp4,5,12,1796960,data/encodings/1796960/1796960_S05E12_24288_0.npy
654,1080,1920,0,554,977,261,683,178506,0.086,24312,/home/amos/media/tv/homeland/Homeland.S05.1080p.BluRay.x265-RARBG/Homeland.S05E12.1080p.BluRay.x265-RARBG.mp4,5,12,1796960,data/encodings/1796960/1796960_S05E12_24312_0.npy
655,1080,1920,0,554,977,218,640,178506,0.086,24336,/home/amos/media/tv/homeland/Homeland.S05.1080p.BluRay.x265-RARBG/Homeland.S05E12.1080p.BluRay.x265-RARBG.mp4,5,12,1796960,data/encodings/1796960/1796960_S05E12_24336_0.npy
656,1080,1920,0,435,942,108,615,257049,0.124,24360,/home/amos/media/tv/homeland/Homeland.S05.1080p.BluRay.x265-RARBG/Homeland.S05E12.1080p.BluRay.x265-RARBG.mp4,5,12,1796960,data/encodings/1796960/1796960_S05E12_24360_0.npy
657,1080,1920,0,426,849,132,555,178929,0.086,24384,/home/amos/media/tv/homeland/Homeland.S05.1080p.BluRay.x265-RARBG/Homeland.S05E12.1080p.BluRay.x265-RARBG.mp4,5,12,1796960,data/encodings/1796960/1796960_S05E12_24384_0.npy
658,1080,1920,0,469,891,132,555,178506,0.086,24408,/home/amos/media/tv/homeland/Homeland.S05.1080p.BluRay.x265-RARBG/Homeland.S05E12.1080p.BluRay.x265-RARBG.mp4,5,12,1796960,data/encodings/1796960/1796960_S05E12_24408_0.npy
659,1080,1920,0,469,891,175,598,178506,0.086,24432,/home/amos/media/tv/homeland/Homeland.S05.1080p.BluRay.x265-RARBG/Homeland.S05E12.1080p.BluRay.x265-RARBG.mp4,5,12,1796960,data/encodings/1796960/1796960_S05E12_24432_0.npy
660,1080,1920,0,512,934,218,640,178084,0.086,24456,/home/amos/media/tv/homeland/Homeland.S05.1080p.BluRay.x265-RARBG/Homeland.S05E12.1080p.BluRay.x265-RARBG.mp4,5,12,1796960,data/encodings/1796960/1796960_S05E12_24456_0.npy
661,1080,1920,0,512,934,218,640,178084,0.086,24480,/home/amos/media/tv/homeland/Homeland.S05.1080p.BluRay.x265-RARBG/Homeland.S05E12.1080p.BluRay.x265-RARBG.mp4,5,12,1796960,data/encodings/1796960/1796960_S05E12_24480_0.npy
662,1080,1920,0,1025,1448,132,555,178929,0.086,24504,/home/amos/media/tv/homeland/Homeland.S05.1080p.BluRay.x265-RARBG/Homeland.S05E12.1080p.BluRay.x265-RARBG.mp4,5,12,1796960,data/encodings/1796960/1796960_S05E12_24504_0.npy
663,1080,1920,0,982,1405,132,555,178929,0.086,24528,/home/amos/media/tv/homeland/Homeland.S05.1080p.BluRay.x265-RARBG/Homeland.S05E12.1080p.BluRay.x265-RARBG.mp4,5,12,1796960,data/encodings/1796960/1796960_S05E12_24528_0.npy
664,1080,1920,0,982,1405,132,555,178929,0.086,24552,/home/amos/media/tv/homeland/Homeland.S05.1080p.BluRay.x265-RARBG/Homeland.S05E12.1080p.BluRay.x265-RARBG.mp4,5,12,1796960,data/encodings/1796960/1796960_S05E12_24552_0.npy
665,1080,1920,0,854,1277,218,640,178506,0.086,24576,/home/amos/media/tv/homeland/Homeland.S05.1080p.BluRay.x265-RARBG/Homeland.S05E12.1080p.BluRay.x265-RARBG.mp4,5,12,1796960,data/encodings/1796960/1796960_S05E12_24576_0.npy
666,1080,1920,0,897,1319,47,469,178084,0.086,24600,/home/amos/media/tv/homeland/Homeland.S05.1080p.BluRay.x265-RARBG/Homeland.S05E12.1080p.BluRay.x265-RARBG.mp4,5,12,1796960,data/encodings/1796960/1796960_S05E12_24600_0.npy
667,1080,1920,0,815,1423,99,707,369664,0.178,24672,/home/amos/media/tv/homeland/Homeland.S05.1080p.BluRay.x265-RARBG/Homeland.S05E12.1080p.BluRay.x265-RARBG.mp4,5,12,1796960,data/encodings/1796960/1796960_S05E12_24672_0.npy
668,1080,1920,0,999,1608,160,769,370881,0.179,24696,/home/amos/media/tv/homeland/Homeland.S05.1080p.BluRay.x265-RARBG/Homeland.S05E12.1080p.BluRay.x265-RARBG.mp4,5,12,1796960,data/encodings/1796960/1796960_S05E12_24696_0.npy
669,1080,1920,0,885,1616,17,747,533630,0.257,24720,/home/amos/media/tv/homeland/Homeland.S05.1080p.BluRay.x265-RARBG/Homeland.S05E12.1080p.BluRay.x265-RARBG.mp4,5,12,1796960,data/encodings/1796960/1796960_S05E12_24720_0.npy
670,1080,1920,0,938,1546,99,707,369664,0.178,24744,/home/amos/media/tv/homeland/Homeland.S05.1080p.BluRay.x265-RARBG/Homeland.S05E12.1080p.BluRay.x265-RARBG.mp4,5,12,1796960,data/encodings/1796960/1796960_S05E12_24744_0.npy
671,1080,1920,0,938,1546,160,769,370272,0.179,24768,/home/amos/media/tv/homeland/Homeland.S05.1080p.BluRay.x265-RARBG/Homeland.S05E12.1080p.BluRay.x265-RARBG.mp4,5,12,1796960,data/encodings/1796960/1796960_S05E12_24768_0.npy
672,1080,1920,0,885,1616,165,895,533630,0.257,24792,/home/amos/media/tv/homeland/Homeland.S05.1080p.BluRay.x265-RARBG/Homeland.S05E12.1080p.BluRay.x265-RARBG.mp4,5,12,1796960,data/encodings/1796960/1796960_S05E12_24792_0.npy
673,1080,1920,0,938,1546,222,830,369664,0.178,24816,/home/amos/media/tv/homeland/Homeland.S05.1080p.BluRay.x265-RARBG/Homeland.S05E12.1080p.BluRay.x265-RARBG.mp4,5,12,1796960,data/encodings/1796960/1796960_S05E12_24816_0.npy
674,1080,1920,0,885,1616,165,895,533630,0.257,24840,/home/amos/media/tv/homeland/Homeland.S05.1080p.BluRay.x265-RARBG/Homeland.S05E12.1080p.BluRay.x265-RARBG.mp4,5,12,1796960,data/encodings/1796960/1796960_S05E12_24840_0.npy
675,1080,1920,0,503,560,350,407,3249,0.002,25392,/home/amos/media/tv/homeland/Homeland.S05.1080p.BluRay.x265-RARBG/Homeland.S05E12.1080p.BluRay.x265-RARBG.mp4,5,12,1796960,data/encodings/1796960/1796960_S05E12_25392_0.npy
676,1080,1920,0,459,704,181,426,60025,0.029,25464,/home/amos/media/tv/homeland/Homeland.S05.1080p.BluRay.x265-RARBG/Homeland.S05E12.1080p.BluRay.x265-RARBG.mp4,5,12,1796960,data/encodings/1796960/1796960_S05E12_25464_0.npy
677,1080,1920,0,806,1051,132,376,59780,0.029,25488,/home/amos/media/tv/homeland/Homeland.S05.1080p.BluRay.x265-RARBG/Homeland.S05E12.1080p.BluRay.x265-RARBG.mp4,5,12,1796960,data/encodings/1796960/1796960_S05E12_25488_0.npy
678,1080,1920,0,793,1087,166,459,86142,0.042,25512,/home/amos/media/tv/homeland/Homeland.S05.1080p.BluRay.x265-RARBG/Homeland.S05E12.1080p.BluRay.x265-RARBG.mp4,5,12,1796960,data/encodings/1796960/1796960_S05E12_25512_0.npy
679,1080,1920,0,644,938,195,489,86436,0.042,25536,/home/amos/media/tv/homeland/Homeland.S05.1080p.BluRay.x265-RARBG/Homeland.S05E12.1080p.BluRay.x265-RARBG.mp4,5,12,1796960,data/encodings/1796960/1796960_S05E12_25536_0.npy
680,1080,1920,0,633,877,255,500,59780,0.029,25560,/home/amos/media/tv/homeland/Homeland.S05.1080p.BluRay.x265-RARBG/Homeland.S05E12.1080p.BluRay.x265-RARBG.mp4,5,12,1796960,data/encodings/1796960/1796960_S05E12_25560_0.npy
681,1080,1920,0,526,819,136,429,85849,0.041,25584,/home/amos/media/tv/homeland/Homeland.S05.1080p.BluRay.x265-RARBG/Homeland.S05E12.1080p.BluRay.x265-RARBG.mp4,5,12,1796960,data/encodings/1796960/1796960_S05E12_25584_0.npy
682,1080,1920,0,1001,1295,255,548,86142,0.042,25608,/home/amos/media/tv/homeland/Homeland.S05.1080p.BluRay.x265-RARBG/Homeland.S05E12.1080p.BluRay.x265-RARBG.mp4,5,12,1796960,data/encodings/1796960/1796960_S05E12_25608_0.npy
683,1080,1920,1,0,284,195,489,83496,0.04,25608,/home/amos/media/tv/homeland/Homeland.S05.1080p.BluRay.x265-RARBG/Homeland.S05E12.1080p.BluRay.x265-RARBG.mp4,5,12,1796960,data/encodings/1796960/1796960_S05E12_25608_1.npy
684,1080,1920,0,317,611,195,489,86436,0.042,25632,/home/amos/media/tv/homeland/Homeland.S05.1080p.BluRay.x265-RARBG/Homeland.S05E12.1080p.BluRay.x265-RARBG.mp4,5,12,1796960,data/encodings/1796960/1796960_S05E12_25632_0.npy
685,1080,1920,1,1090,1384,195,489,86436,0.042,25632,/home/amos/media/tv/homeland/Homeland.S05.1080p.BluRay.x265-RARBG/Homeland.S05E12.1080p.BluRay.x265-RARBG.mp4,5,12,1796960,data/encodings/1796960/1796960_S05E12_25632_1.npy
686,1080,1920,0,176,529,244,596,124256,0.06,25656,/home/amos/media/tv/homeland/Homeland.S05.1080p.BluRay.x265-RARBG/Homeland.S05E12.1080p.BluRay.x265-RARBG.mp4,5,12,1796960,data/encodings/1796960/1796960_S05E12_25656_0.npy
687,1080,1920,1,1103,1348,305,550,60025,0.029,25656,/home/amos/media/tv/homeland/Homeland.S05.1080p.BluRay.x265-RARBG/Homeland.S05E12.1080p.BluRay.x265-RARBG.mp4,5,12,1796960,data/encodings/1796960/1796960_S05E12_25656_1.npy
688,1080,1920,0,1227,1472,255,500,60025,0.029,25680,/home/amos/media/tv/homeland/Homeland.S05.1080p.BluRay.x265-RARBG/Homeland.S05E12.1080p.BluRay.x265-RARBG.mp4,5,12,1796960,data/encodings/1796960/1796960_S05E12_25680_0.npy
689,1080,1920,1,212,564,172,525,124256,0.06,25680,/home/amos/media/tv/homeland/Homeland.S05.1080p.BluRay.x265-RARBG/Homeland.S05E12.1080p.BluRay.x265-RARBG.mp4,5,12,1796960,data/encodings/1796960/1796960_S05E12_25680_1.npy
690,1080,1920,0,735,803,208,276,4624,0.002,25896,/home/amos/media/tv/homeland/Homeland.S05.1080p.BluRay.x265-RARBG/Homeland.S05E12.1080p.BluRay.x265-RARBG.mp4,5,12,1796960,data/encodings/1796960/1796960_S05E12_25896_0.npy
691,1080,1920,0,1060,1128,201,269,4624,0.002,26544,/home/amos/media/tv/homeland/Homeland.S05.1080p.BluRay.x265-RARBG/Homeland.S05E12.1080p.BluRay.x265-RARBG.mp4,5,12,1796960,data/encodings/1796960/1796960_S05E12_26544_0.npy
692,1080,1920,0,512,934,261,683,178084,0.086,26568,/home/amos/media/tv/homeland/Homeland.S05.1080p.BluRay.x265-RARBG/Homeland.S05E12.1080p.BluRay.x265-RARBG.mp4,5,12,1796960,data/encodings/1796960/1796960_S05E12_26568_0.npy
693,1080,1920,0,512,934,303,726,178506,0.086,26736,/home/amos/media/tv/homeland/Homeland.S05.1080p.BluRay.x265-RARBG/Homeland.S05E12.1080p.BluRay.x265-RARBG.mp4,5,12,1796960,data/encodings/1796960/1796960_S05E12_26736_0.npy
694,1080,1920,0,469,891,261,683,178084,0.086,26760,/home/amos/media/tv/homeland/Homeland.S05.1080p.BluRay.x265-RARBG/Homeland.S05E12.1080p.BluRay.x265-RARBG.mp4,5,12,1796960,data/encodings/1796960/1796960_S05E12_26760_0.npy
695,1080,1920,0,533,885,315,667,123904,0.06,26784,/home/amos/media/tv/homeland/Homeland.S05.1080p.BluRay.x265-RARBG/Homeland.S05E12.1080p.BluRay.x265-RARBG.mp4,5,12,1796960,data/encodings/1796960/1796960_S05E12_26784_0.npy
696,1080,1920,0,569,921,315,667,123904,0.06,26808,/home/amos/media/tv/homeland/Homeland.S05.1080p.BluRay.x265-RARBG/Homeland.S05E12.1080p.BluRay.x265-RARBG.mp4,5,12,1796960,data/encodings/1796960/1796960_S05E12_26808_0.npy
697,1080,1920,0,533,885,315,667,123904,0.06,26832,/home/amos/media/tv/homeland/Homeland.S05.1080p.BluRay.x265-RARBG/Homeland.S05E12.1080p.BluRay.x265-RARBG.mp4,5,12,1796960,data/encodings/1796960/1796960_S05E12_26832_0.npy
698,1080,1920,0,723,927,244,447,41412,0.02,26856,/home/amos/media/tv/homeland/Homeland.S05.1080p.BluRay.x265-RARBG/Homeland.S05E12.1080p.BluRay.x265-RARBG.mp4,5,12,1796960,data/encodings/1796960/1796960_S05E12_26856_0.npy
699,1080,1920,0,644,938,195,489,86436,0.042,26880,/home/amos/media/tv/homeland/Homeland.S05.1080p.BluRay.x265-RARBG/Homeland.S05E12.1080p.BluRay.x265-RARBG.mp4,5,12,1796960,data/encodings/1796960/1796960_S05E12_26880_0.npy
700,1080,1920,0,974,1056,378,460,6724,0.003,26904,/home/amos/media/tv/homeland/Homeland.S05.1080p.BluRay.x265-RARBG/Homeland.S05E12.1080p.BluRay.x265-RARBG.mp4,5,12,1796960,data/encodings/1796960/1796960_S05E12_26904_0.npy
701,1080,1920,0,965,1047,378,460,6724,0.003,26928,/home/amos/media/tv/homeland/Homeland.S05.1080p.BluRay.x265-RARBG/Homeland.S05E12.1080p.BluRay.x265-RARBG.mp4,5,12,1796960,data/encodings/1796960/1796960_S05E12_26928_0.npy
702,1080,1920,0,1290,1431,140,282,20022,0.01,27000,/home/amos/media/tv/homeland/Homeland.S05.1080p.BluRay.x265-RARBG/Homeland.S05E12.1080p.BluRay.x265-RARBG.mp4,5,12,1796960,data/encodings/1796960/1796960_S05E12_27000_0.npy
703,1080,1920,0,858,976,255,373,13924,0.007,27048,/home/amos/media/tv/homeland/Homeland.S05.1080p.BluRay.x265-RARBG/Homeland.S05E12.1080p.BluRay.x265-RARBG.mp4,5,12,1796960,data/encodings/1796960/1796960_S05E12_27048_0.npy
704,1080,1920,0,785,955,284,454,28900,0.014,27072,/home/amos/media/tv/homeland/Homeland.S05.1080p.BluRay.x265-RARBG/Homeland.S05E12.1080p.BluRay.x265-RARBG.mp4,5,12,1796960,data/encodings/1796960/1796960_S05E12_27072_0.npy
705,1080,1920,0,682,852,147,317,28900,0.014,27216,/home/amos/media/tv/homeland/Homeland.S05.1080p.BluRay.x265-RARBG/Homeland.S05E12.1080p.BluRay.x265-RARBG.mp4,5,12,1796960,data/encodings/1796960/1796960_S05E12_27216_0.npy
706,1080,1920,0,1383,1501,279,397,13924,0.007,27336,/home/amos/media/tv/homeland/Homeland.S05.1080p.BluRay.x265-RARBG/Homeland.S05E12.1080p.BluRay.x265-RARBG.mp4,5,12,1796960,data/encodings/1796960/1796960_S05E12_27336_0.npy
707,1080,1920,0,974,1116,140,282,20164,0.01,27360,/home/amos/media/tv/homeland/Homeland.S05.1080p.BluRay.x265-RARBG/Homeland.S05E12.1080p.BluRay.x265-RARBG.mp4,5,12,1796960,data/encodings/1796960/1796960_S05E12_27360_0.npy
708,1080,1920,1,1419,1537,279,397,13924,0.007,27360,/home/amos/media/tv/homeland/Homeland.S05.1080p.BluRay.x265-RARBG/Homeland.S05E12.1080p.BluRay.x265-RARBG.mp4,5,12,1796960,data/encodings/1796960/1796960_S05E12_27360_1.npy
709,1080,1920,0,176,529,137,489,124256,0.06,27384,/home/amos/media/tv/homeland/Homeland.S05.1080p.BluRay.x265-RARBG/Homeland.S05E12.1080p.BluRay.x265-RARBG.mp4,5,12,1796960,data/encodings/1796960/1796960_S05E12_27384_0.npy
710,1080,1920,1,997,1349,351,703,123904,0.06,27384,/home/amos/media/tv/homeland/Homeland.S05.1080p.BluRay.x265-RARBG/Homeland.S05E12.1080p.BluRay.x265-RARBG.mp4,5,12,1796960,data/encodings/1796960/1796960_S05E12_27384_1.npy
711,1080,1920,0,882,1176,314,608,86436,0.042,27408,/home/amos/media/tv/homeland/Homeland.S05.1080p.BluRay.x265-RARBG/Homeland.S05E12.1080p.BluRay.x265-RARBG.mp4,5,12,1796960,data/encodings/1796960/1796960_S05E12_27408_0.npy
712,1080,1920,0,1032,1384,279,632,124256,0.06,27432,/home/amos/media/tv/homeland/Homeland.S05.1080p.BluRay.x265-RARBG/Homeland.S05E12.1080p.BluRay.x265-RARBG.mp4,5,12,1796960,data/encodings/1796960/1796960_S05E12_27432_0.npy
713,1080,1920,0,818,1170,279,632,124256,0.06,27456,/home/amos/media/tv/homeland/Homeland.S05.1080p.BluRay.x265-RARBG/Homeland.S05E12.1080p.BluRay.x265-RARBG.mp4,5,12,1796960,data/encodings/1796960/1796960_S05E12_27456_0.npy
714,1080,1920,0,633,877,181,426,59780,0.029,27672,/home/amos/media/tv/homeland/Homeland.S05.1080p.BluRay.x265-RARBG/Homeland.S05E12.1080p.BluRay.x265-RARBG.mp4,5,12,1796960,data/encodings/1796960/1796960_S05E12_27672_0.npy
715,1080,1920,0,620,824,140,344,41616,0.02,27696,/home/amos/media/tv/homeland/Homeland.S05.1080p.BluRay.x265-RARBG/Homeland.S05E12.1080p.BluRay.x265-RARBG.mp4,5,12,1796960,data/encodings/1796960/1796960_S05E12_27696_0.npy
716,1080,1920,0,854,1206,172,525,124256,0.06,27720,/home/amos/media/tv/homeland/Homeland.S05.1080p.BluRay.x265-RARBG/Homeland.S05E12.1080p.BluRay.x265-RARBG.mp4,5,12,1796960,data/encodings/1796960/1796960_S05E12_27720_0.npy
717,1080,1920,0,818,1170,208,560,123904,0.06,27744,/home/amos/media/tv/homeland/Homeland.S05.1080p.BluRay.x265-RARBG/Homeland.S05E12.1080p.BluRay.x265-RARBG.mp4,5,12,1796960,data/encodings/1796960/1796960_S05E12_27744_0.npy
718,1080,1920,0,818,1170,208,560,123904,0.06,27768,/home/amos/media/tv/homeland/Homeland.S05.1080p.BluRay.x265-RARBG/Homeland.S05E12.1080p.BluRay.x265-RARBG.mp4,5,12,1796960,data/encodings/1796960/1796960_S05E12_27768_0.npy
719,1080,1920,0,484,729,132,376,59780,0.029,27792,/home/amos/media/tv/homeland/Homeland.S05.1080p.BluRay.x265-RARBG/Homeland.S05E12.1080p.BluRay.x265-RARBG.mp4,5,12,1796960,data/encodings/1796960/1796960_S05E12_27792_0.npy
720,1080,1920,0,534,778,132,376,59536,0.029,27864,/home/amos/media/tv/homeland/Homeland.S05.1080p.BluRay.x265-RARBG/Homeland.S05E12.1080p.BluRay.x265-RARBG.mp4,5,12,1796960,data/encodings/1796960/1796960_S05E12_27864_0.npy
721,1080,1920,0,1068,1420,208,560,123904,0.06,27888,/home/amos/media/tv/homeland/Homeland.S05.1080p.BluRay.x265-RARBG/Homeland.S05E12.1080p.BluRay.x265-RARBG.mp4,5,12,1796960,data/encodings/1796960/1796960_S05E12_27888_0.npy
722,1080,1920,0,982,1405,261,683,178506,0.086,27912,/home/amos/media/tv/homeland/Homeland.S05.1080p.BluRay.x265-RARBG/Homeland.S05E12.1080p.BluRay.x265-RARBG.mp4,5,12,1796960,data/encodings/1796960/1796960_S05E12_27912_0.npy
723,1080,1920,0,982,1405,303,726,178929,0.086,27936,/home/amos/media/tv/homeland/Homeland.S05.1080p.BluRay.x265-RARBG/Homeland.S05E12.1080p.BluRay.x265-RARBG.mp4,5,12,1796960,data/encodings/1796960/1796960_S05E12_27936_0.npy
724,1080,1920,0,1025,1448,346,769,178929,0.086,27960,/home/amos/media/tv/homeland/Homeland.S05.1080p.BluRay.x265-RARBG/Homeland.S05E12.1080p.BluRay.x265-RARBG.mp4,5,12,1796960,data/encodings/1796960/1796960_S05E12_27960_0.npy
725,1080,1920,0,1068,1491,346,769,178929,0.086,27984,/home/amos/media/tv/homeland/Homeland.S05.1080p.BluRay.x265-RARBG/Homeland.S05E12.1080p.BluRay.x265-RARBG.mp4,5,12,1796960,data/encodings/1796960/1796960_S05E12_27984_0.npy
726,1080,1920,0,1068,1491,346,769,178929,0.086,28008,/home/amos/media/tv/homeland/Homeland.S05.1080p.BluRay.x265-RARBG/Homeland.S05E12.1080p.BluRay.x265-RARBG.mp4,5,12,1796960,data/encodings/1796960/1796960_S05E12_28008_0.npy
727,1080,1920,0,469,891,218,640,178084,0.086,28032,/home/amos/media/tv/homeland/Homeland.S05.1080p.BluRay.x265-RARBG/Homeland.S05E12.1080p.BluRay.x265-RARBG.mp4,5,12,1796960,data/encodings/1796960/1796960_S05E12_28032_0.npy
728,1080,1920,0,426,849,261,683,178506,0.086,28056,/home/amos/media/tv/homeland/Homeland.S05.1080p.BluRay.x265-RARBG/Homeland.S05E12.1080p.BluRay.x265-RARBG.mp4,5,12,1796960,data/encodings/1796960/1796960_S05E12_28056_0.npy
729,1080,1920,0,426,849,261,683,178506,0.086,28080,/home/amos/media/tv/homeland/Homeland.S05.1080p.BluRay.x265-RARBG/Homeland.S05E12.1080p.BluRay.x265-RARBG.mp4,5,12,1796960,data/encodings/1796960/1796960_S05E12_28080_0.npy
730,1080,1920,0,426,849,261,683,178506,0.086,28104,/home/amos/media/tv/homeland/Homeland.S05.1080p.BluRay.x265-RARBG/Homeland.S05E12.1080p.BluRay.x265-RARBG.mp4,5,12,1796960,data/encodings/1796960/1796960_S05E12_28104_0.npy
731,1080,1920,0,512,934,389,812,178506,0.086,28128,/home/amos/media/tv/homeland/Homeland.S05.1080p.BluRay.x265-RARBG/Homeland.S05E12.1080p.BluRay.x265-RARBG.mp4,5,12,1796960,data/encodings/1796960/1796960_S05E12_28128_0.npy
732,1080,1920,0,578,748,95,265,28900,0.014,28248,/home/amos/media/tv/homeland/Homeland.S05.1080p.BluRay.x265-RARBG/Homeland.S05E12.1080p.BluRay.x265-RARBG.mp4,5,12,1796960,data/encodings/1796960/1796960_S05E12_28248_0.npy
733,1080,1920,0,544,714,112,282,28900,0.014,28272,/home/amos/media/tv/homeland/Homeland.S05.1080p.BluRay.x265-RARBG/Homeland.S05E12.1080p.BluRay.x265-RARBG.mp4,5,12,1796960,data/encodings/1796960/1796960_S05E12_28272_0.npy
734,1080,1920,0,758,840,345,427,6724,0.003,28296,/home/amos/media/tv/homeland/Homeland.S05.1080p.BluRay.x265-RARBG/Homeland.S05E12.1080p.BluRay.x265-RARBG.mp4,5,12,1796960,data/encodings/1796960/1796960_S05E12_28296_0.npy
735,1080,1920,0,599,803,99,303,41616,0.02,28320,/home/amos/media/tv/homeland/Homeland.S05.1080p.BluRay.x265-RARBG/Homeland.S05E12.1080p.BluRay.x265-RARBG.mp4,5,12,1796960,data/encodings/1796960/1796960_S05E12_28320_0.npy
736,1080,1920,0,1004,1249,231,475,59780,0.029,28416,/home/amos/media/tv/homeland/Homeland.S05.1080p.BluRay.x265-RARBG/Homeland.S05E12.1080p.BluRay.x265-RARBG.mp4,5,12,1796960,data/encodings/1796960/1796960_S05E12_28416_0.npy
737,1080,1920,0,243,385,83,224,20022,0.01,28488,/home/amos/media/tv/homeland/Homeland.S05.1080p.BluRay.x265-RARBG/Homeland.S05E12.1080p.BluRay.x265-RARBG.mp4,5,12,1796960,data/encodings/1796960/1796960_S05E12_28488_0.npy
738,1080,1920,0,974,1056,113,194,6642,0.003,28512,/home/amos/media/tv/homeland/Homeland.S05.1080p.BluRay.x265-RARBG/Homeland.S05E12.1080p.BluRay.x265-RARBG.mp4,5,12,1796960,data/encodings/1796960/1796960_S05E12_28512_0.npy
739,1080,1920,0,774,892,148,266,13924,0.007,28536,/home/amos/media/tv/homeland/Homeland.S05.1080p.BluRay.x265-RARBG/Homeland.S05E12.1080p.BluRay.x265-RARBG.mp4,5,12,1796960,data/encodings/1796960/1796960_S05E12_28536_0.npy
740,1080,1920,0,854,1024,95,265,28900,0.014,28560,/home/amos/media/tv/homeland/Homeland.S05.1080p.BluRay.x265-RARBG/Homeland.S05E12.1080p.BluRay.x265-RARBG.mp4,5,12,1796960,data/encodings/1796960/1796960_S05E12_28560_0.npy
741,1080,1920,0,1029,1273,280,525,59780,0.029,28584,/home/amos/media/tv/homeland/Homeland.S05.1080p.BluRay.x265-RARBG/Homeland.S05E12.1080p.BluRay.x265-RARBG.mp4,5,12,1796960,data/encodings/1796960/1796960_S05E12_28584_0.npy
742,1080,1920,1,1679,1849,267,437,28900,0.014,28584,/home/amos/media/tv/homeland/Homeland.S05.1080p.BluRay.x265-RARBG/Homeland.S05E12.1080p.BluRay.x265-RARBG.mp4,5,12,1796960,data/encodings/1796960/1796960_S05E12_28584_1.npy
743,1080,1920,0,1590,1794,161,365,41616,0.02,28608,/home/amos/media/tv/homeland/Homeland.S05.1080p.BluRay.x265-RARBG/Homeland.S05E12.1080p.BluRay.x265-RARBG.mp4,5,12,1796960,data/encodings/1796960/1796960_S05E12_28608_0.npy
744,1080,1920,1,1001,1295,136,429,86142,0.042,28608,/home/amos/media/tv/homeland/Homeland.S05.1080p.BluRay.x265-RARBG/Homeland.S05E12.1080p.BluRay.x265-RARBG.mp4,5,12,1796960,data/encodings/1796960/1796960_S05E12_28608_1.npy
745,1080,1920,0,961,1313,172,525,124256,0.06,28632,/home/amos/media/tv/homeland/Homeland.S05.1080p.BluRay.x265-RARBG/Homeland.S05E12.1080p.BluRay.x265-RARBG.mp4,5,12,1796960,data/encodings/1796960/1796960_S05E12_28632_0.npy
746,1080,1920,0,826,1030,264,468,41616,0.02,28656,/home/amos/media/tv/homeland/Homeland.S05.1080p.BluRay.x265-RARBG/Homeland.S05E12.1080p.BluRay.x265-RARBG.mp4,5,12,1796960,data/encodings/1796960/1796960_S05E12_28656_0.npy
747,1080,1920,0,764,968,202,406,41616,0.02,28680,/home/amos/media/tv/homeland/Homeland.S05.1080p.BluRay.x265-RARBG/Homeland.S05E12.1080p.BluRay.x265-RARBG.mp4,5,12,1796960,data/encodings/1796960/1796960_S05E12_28680_0.npy
748,1080,1920,0,597,1020,218,640,178506,0.086,28728,/home/amos/media/tv/homeland/Homeland.S05.1080p.BluRay.x265-RARBG/Homeland.S05E12.1080p.BluRay.x265-RARBG.mp4,5,12,1796960,data/encodings/1796960/1796960_S05E12_28728_0.npy
749,1080,1920,0,554,977,175,598,178929,0.086,28752,/home/amos/media/tv/homeland/Homeland.S05.1080p.BluRay.x265-RARBG/Homeland.S05E12.1080p.BluRay.x265-RARBG.mp4,5,12,1796960,data/encodings/1796960/1796960_S05E12_28752_0.npy
750,1080,1920,0,854,1206,208,560,123904,0.06,28776,/home/amos/media/tv/homeland/Homeland.S05.1080p.BluRay.x265-RARBG/Homeland.S05E12.1080p.BluRay.x265-RARBG.mp4,5,12,1796960,data/encodings/1796960/1796960_S05E12_28776_0.npy
751,1080,1920,1,1566,1859,166,459,85849,0.041,28776,/home/amos/media/tv/homeland/Homeland.S05.1080p.BluRay.x265-RARBG/Homeland.S05E12.1080p.BluRay.x265-RARBG.mp4,5,12,1796960,data/encodings/1796960/1796960_S05E12_28776_1.npy
752,1080,1920,0,897,1319,132,555,178506,0.086,28800,/home/amos/media/tv/homeland/Homeland.S05.1080p.BluRay.x265-RARBG/Homeland.S05E12.1080p.BluRay.x265-RARBG.mp4,5,12,1796960,data/encodings/1796960/1796960_S05E12_28800_0.npy
753,1080,1920,1,1566,1859,136,429,85849,0.041,28800,/home/amos/media/tv/homeland/Homeland.S05.1080p.BluRay.x265-RARBG/Homeland.S05E12.1080p.BluRay.x265-RARBG.mp4,5,12,1796960,data/encodings/1796960/1796960_S05E12_28800_1.npy
754,1080,1920,0,948,1455,108,615,257049,0.124,28824,/home/amos/media/tv/homeland/Homeland.S05.1080p.BluRay.x265-RARBG/Homeland.S05E12.1080p.BluRay.x265-RARBG.mp4,5,12,1796960,data/encodings/1796960/1796960_S05E12_28824_0.npy
755,1080,1920,0,435,942,159,666,257049,0.124,28848,/home/amos/media/tv/homeland/Homeland.S05.1080p.BluRay.x265-RARBG/Homeland.S05E12.1080p.BluRay.x265-RARBG.mp4,5,12,1796960,data/encodings/1796960/1796960_S05E12_28848_0.npy
756,1080,1920,0,469,891,132,555,178506,0.086,28872,/home/amos/media/tv/homeland/Homeland.S05.1080p.BluRay.x265-RARBG/Homeland.S05E12.1080p.BluRay.x265-RARBG.mp4,5,12,1796960,data/encodings/1796960/1796960_S05E12_28872_0.npy
757,1080,1920,0,390,742,137,489,123904,0.06,28896,/home/amos/media/tv/homeland/Homeland.S05.1080p.BluRay.x265-RARBG/Homeland.S05E12.1080p.BluRay.x265-RARBG.mp4,5,12,1796960,data/encodings/1796960/1796960_S05E12_28896_0.npy
758,1080,1920,1,1536,1830,136,429,86142,0.042,28896,/home/amos/media/tv/homeland/Homeland.S05.1080p.BluRay.x265-RARBG/Homeland.S05E12.1080p.BluRay.x265-RARBG.mp4,5,12,1796960,data/encodings/1796960/1796960_S05E12_28896_1.npy
759,1080,1920,0,1522,1579,171,228,3249,0.002,28920,/home/amos/media/tv/homeland/Homeland.S05.1080p.BluRay.x265-RARBG/Homeland.S05E12.1080p.BluRay.x265-RARBG.mp4,5,12,1796960,data/encodings/1796960/1796960_S05E12_28920_0.npy
760,1080,1920,1,791,873,154,236,6724,0.003,28920,/home/amos/media/tv/homeland/Homeland.S05.1080p.BluRay.x265-RARBG/Homeland.S05E12.1080p.BluRay.x265-RARBG.mp4,5,12,1796960,data/encodings/1796960/1796960_S05E12_28920_1.npy
761,1080,1920,2,1024,1123,108,206,9702,0.005,28920,/home/amos/media/tv/homeland/Homeland.S05.1080p.BluRay.x265-RARBG/Homeland.S05E12.1080p.BluRay.x265-RARBG.mp4,5,12,1796960,data/encodings/1796960/1796960_S05E12_28920_2.npy
762,1080,1920,3,1787,1834,225,273,2256,0.001,28920,/home/amos/media/tv/homeland/Homeland.S05.1080p.BluRay.x265-RARBG/Homeland.S05E12.1080p.BluRay.x265-RARBG.mp4,5,12,1796960,data/encodings/1796960/1796960_S05E12_28920_3.npy
763,1080,1920,4,1430,1487,200,257,3249,0.002,28920,/home/amos/media/tv/homeland/Homeland.S05.1080p.BluRay.x265-RARBG/Homeland.S05E12.1080p.BluRay.x265-RARBG.mp4,5,12,1796960,data/encodings/1796960/1796960_S05E12_28920_4.npy
764,1080,1920,0,520,577,206,263,3249,0.002,28944,/home/amos/media/tv/homeland/Homeland.S05.1080p.BluRay.x265-RARBG/Homeland.S05E12.1080p.BluRay.x265-RARBG.mp4,5,12,1796960,data/encodings/1796960/1796960_S05E12_28944_0.npy
765,1080,1920,1,1034,1133,148,246,9702,0.005,28944,/home/amos/media/tv/homeland/Homeland.S05.1080p.BluRay.x265-RARBG/Homeland.S05E12.1080p.BluRay.x265-RARBG.mp4,5,12,1796960,data/encodings/1796960/1796960_S05E12_28944_1.npy
766,1080,1920,0,422,479,206,263,3249,0.002,28968,/home/amos/media/tv/homeland/Homeland.S05.1080p.BluRay.x265-RARBG/Homeland.S05E12.1080p.BluRay.x265-RARBG.mp4,5,12,1796960,data/encodings/1796960/1796960_S05E12_28968_0.npy
767,1080,1920,0,1074,1172,118,216,9604,0.005,28992,/home/amos/media/tv/homeland/Homeland.S05.1080p.BluRay.x265-RARBG/Homeland.S05E12.1080p.BluRay.x265-RARBG.mp4,5,12,1796960,data/encodings/1796960/1796960_S05E12_28992_0.npy
768,1080,1920,1,497,554,200,257,3249,0.002,28992,/home/amos/media/tv/homeland/Homeland.S05.1080p.BluRay.x265-RARBG/Homeland.S05E12.1080p.BluRay.x265-RARBG.mp4,5,12,1796960,data/encodings/1796960/1796960_S05E12_28992_1.npy
769,1080,1920,2,428,485,200,257,3249,0.002,28992,/home/amos/media/tv/homeland/Homeland.S05.1080p.BluRay.x265-RARBG/Homeland.S05E12.1080p.BluRay.x265-RARBG.mp4,5,12,1796960,data/encodings/1796960/1796960_S05E12_28992_2.npy
770,1080,1920,0,1114,1212,108,206,9604,0.005,29016,/home/amos/media/tv/homeland/Homeland.S05.1080p.BluRay.x265-RARBG/Homeland.S05E12.1080p.BluRay.x265-RARBG.mp4,5,12,1796960,data/encodings/1796960/1796960_S05E12_29016_0.npy
771,1080,1920,1,500,568,194,262,4624,0.002,29016,/home/amos/media/tv/homeland/Homeland.S05.1080p.BluRay.x265-RARBG/Homeland.S05E12.1080p.BluRay.x265-RARBG.mp4,5,12,1796960,data/encodings/1796960/1796960_S05E12_29016_1.npy
772,1080,1920,0,474,531,206,263,3249,0.002,29040,/home/amos/media/tv/homeland/Homeland.S05.1080p.BluRay.x265-RARBG/Homeland.S05E12.1080p.BluRay.x265-RARBG.mp4,5,12,1796960,data/encodings/1796960/1796960_S05E12_29040_0.npy
773,1080,1920,1,1064,1163,138,236,9702,0.005,29040,/home/amos/media/tv/homeland/Homeland.S05.1080p.BluRay.x265-RARBG/Homeland.S05E12.1080p.BluRay.x265-RARBG.mp4,5,12,1796960,data/encodings/1796960/1796960_S05E12_29040_1.npy
774,1080,1920,0,458,628,95,265,28900,0.014,29064,/home/amos/media/tv/homeland/Homeland.S05.1080p.BluRay.x265-RARBG/Homeland.S05E12.1080p.BluRay.x265-RARBG.mp4,5,12,1796960,data/encodings/1796960/1796960_S05E12_29064_0.npy
775,1080,1920,1,1503,1621,172,290,13924,0.007,29064,/home/amos/media/tv/homeland/Homeland.S05.1080p.BluRay.x265-RARBG/Homeland.S05E12.1080p.BluRay.x265-RARBG.mp4,5,12,1796960,data/encodings/1796960/1796960_S05E12_29064_1.npy
776,1080,1920,2,1146,1316,233,403,28900,0.014,29064,/home/amos/media/tv/homeland/Homeland.S05.1080p.BluRay.x265-RARBG/Homeland.S05E12.1080p.BluRay.x265-RARBG.mp4,5,12,1796960,data/encodings/1796960/1796960_S05E12_29064_2.npy
777,1080,1920,3,1821,1919,148,246,9604,0.005,29064,/home/amos/media/tv/homeland/Homeland.S05.1080p.BluRay.x265-RARBG/Homeland.S05E12.1080p.BluRay.x265-RARBG.mp4,5,12,1796960,data/encodings/1796960/1796960_S05E12_29064_3.npy
778,1080,1920,0,707,952,132,376,59780,0.029,29088,/home/amos/media/tv/homeland/Homeland.S05.1080p.BluRay.x265-RARBG/Homeland.S05E12.1080p.BluRay.x265-RARBG.mp4,5,12,1796960,data/encodings/1796960/1796960_S05E12_29088_0.npy
779,1080,1920,0,942,1235,195,489,86142,0.042,29112,/home/amos/media/tv/homeland/Homeland.S05.1080p.BluRay.x265-RARBG/Homeland.S05E12.1080p.BluRay.x265-RARBG.mp4,5,12,1796960,data/encodings/1796960/1796960_S05E12_29112_0.npy
780,1080,1920,1,1549,1752,120,324,41412,0.02,29112,/home/amos/media/tv/homeland/Homeland.S05.1080p.BluRay.x265-RARBG/Homeland.S05E12.1080p.BluRay.x265-RARBG.mp4,5,12,1796960,data/encodings/1796960/1796960_S05E12_29112_1.npy
781,1080,1920,0,486,993,5,512,257049,0.124,29160,/home/amos/media/tv/homeland/Homeland.S05.1080p.BluRay.x265-RARBG/Homeland.S05E12.1080p.BluRay.x265-RARBG.mp4,5,12,1796960,data/encodings/1796960/1796960_S05E12_29160_0.npy
782,1080,1920,0,486,993,56,563,257049,0.124,29184,/home/amos/media/tv/homeland/Homeland.S05.1080p.BluRay.x265-RARBG/Homeland.S05E12.1080p.BluRay.x265-RARBG.mp4,5,12,1796960,data/encodings/1796960/1796960_S05E12_29184_0.npy
783,1080,1920,0,1068,1491,218,640,178506,0.086,29232,/home/amos/media/tv/homeland/Homeland.S05.1080p.BluRay.x265-RARBG/Homeland.S05E12.1080p.BluRay.x265-RARBG.mp4,5,12,1796960,data/encodings/1796960/1796960_S05E12_29232_0.npy
784,1080,1920,0,965,1083,136,254,13924,0.007,29256,/home/amos/media/tv/homeland/Homeland.S05.1080p.BluRay.x265-RARBG/Homeland.S05E12.1080p.BluRay.x265-RARBG.mp4,5,12,1796960,data/encodings/1796960/1796960_S05E12_29256_0.npy
785,1080,1920,1,1312,1430,112,230,13924,0.007,29256,/home/amos/media/tv/homeland/Homeland.S05.1080p.BluRay.x265-RARBG/Homeland.S05E12.1080p.BluRay.x265-RARBG.mp4,5,12,1796960,data/encodings/1796960/1796960_S05E12_29256_1.npy
786,1080,1920,0,544,686,68,210,20164,0.01,29280,/home/amos/media/tv/homeland/Homeland.S05.1080p.BluRay.x265-RARBG/Homeland.S05E12.1080p.BluRay.x265-RARBG.mp4,5,12,1796960,data/encodings/1796960/1796960_S05E12_29280_0.npy
787,1080,1920,1,974,1116,154,296,20164,0.01,29280,/home/amos/media/tv/homeland/Homeland.S05.1080p.BluRay.x265-RARBG/Homeland.S05E12.1080p.BluRay.x265-RARBG.mp4,5,12,1796960,data/encodings/1796960/1796960_S05E12_29280_1.npy
788,1080,1920,0,955,1199,82,327,59780,0.029,29352,/home/amos/media/tv/homeland/Homeland.S05.1080p.BluRay.x265-RARBG/Homeland.S05E12.1080p.BluRay.x265-RARBG.mp4,5,12,1796960,data/encodings/1796960/1796960_S05E12_29352_0.npy
789,1080,1920,1,640,844,17,220,41412,0.02,29352,/home/amos/media/tv/homeland/Homeland.S05.1080p.BluRay.x265-RARBG/Homeland.S05E12.1080p.BluRay.x265-RARBG.mp4,5,12,1796960,data/encodings/1796960/1796960_S05E12_29352_1.npy
790,1080,1920,0,492,662,112,282,28900,0.014,29376,/home/amos/media/tv/homeland/Homeland.S05.1080p.BluRay.x265-RARBG/Homeland.S05E12.1080p.BluRay.x265-RARBG.mp4,5,12,1796960,data/encodings/1796960/1796960_S05E12_29376_0.npy
791,1080,1920,0,458,628,95,265,28900,0.014,29400,/home/amos/media/tv/homeland/Homeland.S05.1080p.BluRay.x265-RARBG/Homeland.S05E12.1080p.BluRay.x265-RARBG.mp4,5,12,1796960,data/encodings/1796960/1796960_S05E12_29400_0.npy
792,1080,1920,0,630,772,126,267,20022,0.01,29424,/home/amos/media/tv/homeland/Homeland.S05.1080p.BluRay.x265-RARBG/Homeland.S05E12.1080p.BluRay.x265-RARBG.mp4,5,12,1796960,data/encodings/1796960/1796960_S05E12_29424_0.npy
793,1080,1920,0,645,786,154,296,20022,0.01,29448,/home/amos/media/tv/homeland/Homeland.S05.1080p.BluRay.x265-RARBG/Homeland.S05E12.1080p.BluRay.x265-RARBG.mp4,5,12,1796960,data/encodings/1796960/1796960_S05E12_29448_0.npy
794,1080,1920,0,587,729,154,296,20164,0.01,29472,/home/amos/media/tv/homeland/Homeland.S05.1080p.BluRay.x265-RARBG/Homeland.S05E12.1080p.BluRay.x265-RARBG.mp4,5,12,1796960,data/encodings/1796960/1796960_S05E12_29472_0.npy
795,1080,1920,0,1239,1532,403,697,86142,0.042,29496,/home/amos/media/tv/homeland/Homeland.S05.1080p.BluRay.x265-RARBG/Homeland.S05E12.1080p.BluRay.x265-RARBG.mp4,5,12,1796960,data/encodings/1796960/1796960_S05E12_29496_0.npy
796,1080,1920,1,497,849,101,453,123904,0.06,29496,/home/amos/media/tv/homeland/Homeland.S05.1080p.BluRay.x265-RARBG/Homeland.S05E12.1080p.BluRay.x265-RARBG.mp4,5,12,1796960,data/encodings/1796960/1796960_S05E12_29496_1.npy
797,1080,1920,0,1175,1527,351,703,123904,0.06,29520,/home/amos/media/tv/homeland/Homeland.S05.1080p.BluRay.x265-RARBG/Homeland.S05E12.1080p.BluRay.x265-RARBG.mp4,5,12,1796960,data/encodings/1796960/1796960_S05E12_29520_0.npy
798,1080,1920,0,608,852,33,277,59536,0.029,29568,/home/amos/media/tv/homeland/Homeland.S05.1080p.BluRay.x265-RARBG/Homeland.S05E12.1080p.BluRay.x265-RARBG.mp4,5,12,1796960,data/encodings/1796960/1796960_S05E12_29568_0.npy
799,1080,1920,0,682,927,82,327,60025,0.029,29592,/home/amos/media/tv/homeland/Homeland.S05.1080p.BluRay.x265-RARBG/Homeland.S05E12.1080p.BluRay.x265-RARBG.mp4,5,12,1796960,data/encodings/1796960/1796960_S05E12_29592_0.npy
800,1080,1920,0,682,927,132,376,59780,0.029,29616,/home/amos/media/tv/homeland/Homeland.S05.1080p.BluRay.x265-RARBG/Homeland.S05E12.1080p.BluRay.x265-RARBG.mp4,5,12,1796960,data/encodings/1796960/1796960_S05E12_29616_0.npy
801,1080,1920,0,547,645,128,226,9604,0.005,29640,/home/amos/media/tv/homeland/Homeland.S05.1080p.BluRay.x265-RARBG/Homeland.S05E12.1080p.BluRay.x265-RARBG.mp4,5,12,1796960,data/encodings/1796960/1796960_S05E12_29640_0.npy
802,1080,1920,0,645,786,68,210,20022,0.01,29664,/home/amos/media/tv/homeland/Homeland.S05.1080p.BluRay.x265-RARBG/Homeland.S05E12.1080p.BluRay.x265-RARBG.mp4,5,12,1796960,data/encodings/1796960/1796960_S05E12_29664_0.npy
803,1080,1920,0,578,748,95,265,28900,0.014,29688,/home/amos/media/tv/homeland/Homeland.S05.1080p.BluRay.x265-RARBG/Homeland.S05E12.1080p.BluRay.x265-RARBG.mp4,5,12,1796960,data/encodings/1796960/1796960_S05E12_29688_0.npy
804,1080,1920,0,1198,1367,198,368,28730,0.014,29712,/home/amos/media/tv/homeland/Homeland.S05.1080p.BluRay.x265-RARBG/Homeland.S05E12.1080p.BluRay.x265-RARBG.mp4,5,12,1796960,data/encodings/1796960/1796960_S05E12_29712_0.npy
805,1080,1920,0,806,1009,99,303,41412,0.02,29736,/home/amos/media/tv/homeland/Homeland.S05.1080p.BluRay.x265-RARBG/Homeland.S05E12.1080p.BluRay.x265-RARBG.mp4,5,12,1796960,data/encodings/1796960/1796960_S05E12_29736_0.npy
806,1080,1920,0,1301,1546,231,475,59780,0.029,29808,/home/amos/media/tv/homeland/Homeland.S05.1080p.BluRay.x265-RARBG/Homeland.S05E12.1080p.BluRay.x265-RARBG.mp4,5,12,1796960,data/encodings/1796960/1796960_S05E12_29808_0.npy
807,1080,1920,0,1228,1285,171,228,3249,0.002,29832,/home/amos/media/tv/homeland/Homeland.S05.1080p.BluRay.x265-RARBG/Homeland.S05E12.1080p.BluRay.x265-RARBG.mp4,5,12,1796960,data/encodings/1796960/1796960_S05E12_29832_0.npy
808,1080,1920,0,1005,1073,180,248,4624,0.002,29856,/home/amos/media/tv/homeland/Homeland.S05.1080p.BluRay.x265-RARBG/Homeland.S05E12.1080p.BluRay.x265-RARBG.mp4,5,12,1796960,data/encodings/1796960/1796960_S05E12_29856_0.npy
809,1080,1920,0,655,773,148,266,13924,0.007,29880,/home/amos/media/tv/homeland/Homeland.S05.1080p.BluRay.x265-RARBG/Homeland.S05E12.1080p.BluRay.x265-RARBG.mp4,5,12,1796960,data/encodings/1796960/1796960_S05E12_29880_0.npy
810,1080,1920,0,441,611,95,265,28900,0.014,29904,/home/amos/media/tv/homeland/Homeland.S05.1080p.BluRay.x265-RARBG/Homeland.S05E12.1080p.BluRay.x265-RARBG.mp4,5,12,1796960,data/encodings/1796960/1796960_S05E12_29904_0.npy
811,1080,1920,0,854,1206,279,632,124256,0.06,29952,/home/amos/media/tv/homeland/Homeland.S05.1080p.BluRay.x265-RARBG/Homeland.S05E12.1080p.BluRay.x265-RARBG.mp4,5,12,1796960,data/encodings/1796960/1796960_S05E12_29952_0.npy
812,1080,1920,0,747,1099,315,667,123904,0.06,29976,/home/amos/media/tv/homeland/Homeland.S05.1080p.BluRay.x265-RARBG/Homeland.S05E12.1080p.BluRay.x265-RARBG.mp4,5,12,1796960,data/encodings/1796960/1796960_S05E12_29976_0.npy
813,1080,1920,0,783,1135,315,667,123904,0.06,30000,/home/amos/media/tv/homeland/Homeland.S05.1080p.BluRay.x265-RARBG/Homeland.S05E12.1080p.BluRay.x265-RARBG.mp4,5,12,1796960,data/encodings/1796960/1796960_S05E12_30000_0.npy
814,1080,1920,0,524,641,434,552,13806,0.007,30216,/home/amos/media/tv/homeland/Homeland.S05.1080p.BluRay.x265-RARBG/Homeland.S05E12.1080p.BluRay.x265-RARBG.mp4,5,12,1796960,data/encodings/1796960/1796960_S05E12_30216_0.npy
815,1080,1920,0,500,618,434,552,13924,0.007,30240,/home/amos/media/tv/homeland/Homeland.S05.1080p.BluRay.x265-RARBG/Homeland.S05E12.1080p.BluRay.x265-RARBG.mp4,5,12,1796960,data/encodings/1796960/1796960_S05E12_30240_0.npy
816,1080,1920,0,512,630,399,517,13924,0.007,30264,/home/amos/media/tv/homeland/Homeland.S05.1080p.BluRay.x265-RARBG/Homeland.S05E12.1080p.BluRay.x265-RARBG.mp4,5,12,1796960,data/encodings/1796960/1796960_S05E12_30264_0.npy
817,1080,1920,0,319,671,172,525,124256,0.06,30504,/home/amos/media/tv/homeland/Homeland.S05.1080p.BluRay.x265-RARBG/Homeland.S05E12.1080p.BluRay.x265-RARBG.mp4,5,12,1796960,data/encodings/1796960/1796960_S05E12_30504_0.npy
818,1080,1920,0,1090,1384,314,608,86436,0.042,30624,/home/amos/media/tv/homeland/Homeland.S05.1080p.BluRay.x265-RARBG/Homeland.S05E12.1080p.BluRay.x265-RARBG.mp4,5,12,1796960,data/encodings/1796960/1796960_S05E12_30624_0.npy
819,1080,1920,0,1068,1420,244,596,123904,0.06,30648,/home/amos/media/tv/homeland/Homeland.S05.1080p.BluRay.x265-RARBG/Homeland.S05E12.1080p.BluRay.x265-RARBG.mp4,5,12,1796960,data/encodings/1796960/1796960_S05E12_30648_0.npy
820,1080,1920,0,1032,1384,172,525,124256,0.06,30672,/home/amos/media/tv/homeland/Homeland.S05.1080p.BluRay.x265-RARBG/Homeland.S05E12.1080p.BluRay.x265-RARBG.mp4,5,12,1796960,data/encodings/1796960/1796960_S05E12_30672_0.npy
821,1080,1920,0,462,814,172,525,124256,0.06,30840,/home/amos/media/tv/homeland/Homeland.S05.1080p.BluRay.x265-RARBG/Homeland.S05E12.1080p.BluRay.x265-RARBG.mp4,5,12,1796960,data/encodings/1796960/1796960_S05E12_30840_0.npy
822,1080,1920,0,426,778,208,560,123904,0.06,30864,/home/amos/media/tv/homeland/Homeland.S05.1080p.BluRay.x265-RARBG/Homeland.S05E12.1080p.BluRay.x265-RARBG.mp4,5,12,1796960,data/encodings/1796960/1796960_S05E12_30864_0.npy
823,1080,1920,0,426,778,208,560,123904,0.06,30888,/home/amos/media/tv/homeland/Homeland.S05.1080p.BluRay.x265-RARBG/Homeland.S05E12.1080p.BluRay.x265-RARBG.mp4,5,12,1796960,data/encodings/1796960/1796960_S05E12_30888_0.npy
824,1080,1920,0,426,778,208,560,123904,0.06,30912,/home/amos/media/tv/homeland/Homeland.S05.1080p.BluRay.x265-RARBG/Homeland.S05E12.1080p.BluRay.x265-RARBG.mp4,5,12,1796960,data/encodings/1796960/1796960_S05E12_30912_0.npy
825,1080,1920,0,426,778,208,560,123904,0.06,30936,/home/amos/media/tv/homeland/Homeland.S05.1080p.BluRay.x265-RARBG/Homeland.S05E12.1080p.BluRay.x265-RARBG.mp4,5,12,1796960,data/encodings/1796960/1796960_S05E12_30936_0.npy
826,1080,1920,0,390,742,208,560,123904,0.06,31176,/home/amos/media/tv/homeland/Homeland.S05.1080p.BluRay.x265-RARBG/Homeland.S05E12.1080p.BluRay.x265-RARBG.mp4,5,12,1796960,data/encodings/1796960/1796960_S05E12_31176_0.npy
827,1080,1920,0,390,742,208,560,123904,0.06,31200,/home/amos/media/tv/homeland/Homeland.S05.1080p.BluRay.x265-RARBG/Homeland.S05E12.1080p.BluRay.x265-RARBG.mp4,5,12,1796960,data/encodings/1796960/1796960_S05E12_31200_0.npy
828,1080,1920,0,390,742,208,560,123904,0.06,31224,/home/amos/media/tv/homeland/Homeland.S05.1080p.BluRay.x265-RARBG/Homeland.S05E12.1080p.BluRay.x265-RARBG.mp4,5,12,1796960,data/encodings/1796960/1796960_S05E12_31224_0.npy
829,1080,1920,0,322,930,160,769,370272,0.179,31368,/home/amos/media/tv/homeland/Homeland.S05.1080p.BluRay.x265-RARBG/Homeland.S05E12.1080p.BluRay.x265-RARBG.mp4,5,12,1796960,data/encodings/1796960/1796960_S05E12_31368_0.npy
830,1080,1920,0,383,992,160,769,370881,0.179,31392,/home/amos/media/tv/homeland/Homeland.S05.1080p.BluRay.x265-RARBG/Homeland.S05E12.1080p.BluRay.x265-RARBG.mp4,5,12,1796960,data/encodings/1796960/1796960_S05E12_31392_0.npy
831,1080,1920,0,383,992,160,769,370881,0.179,31416,/home/amos/media/tv/homeland/Homeland.S05.1080p.BluRay.x265-RARBG/Homeland.S05E12.1080p.BluRay.x265-RARBG.mp4,5,12,1796960,data/encodings/1796960/1796960_S05E12_31416_0.npy
832,1080,1920,0,322,930,99,707,369664,0.178,31488,/home/amos/media/tv/homeland/Homeland.S05.1080p.BluRay.x265-RARBG/Homeland.S05E12.1080p.BluRay.x265-RARBG.mp4,5,12,1796960,data/encodings/1796960/1796960_S05E12_31488_0.npy
833,1080,1920,0,322,930,99,707,369664,0.178,31512,/home/amos/media/tv/homeland/Homeland.S05.1080p.BluRay.x265-RARBG/Homeland.S05E12.1080p.BluRay.x265-RARBG.mp4,5,12,1796960,data/encodings/1796960/1796960_S05E12_31512_0.npy
834,1080,1920,0,322,930,160,769,370272,0.179,31704,/home/amos/media/tv/homeland/Homeland.S05.1080p.BluRay.x265-RARBG/Homeland.S05E12.1080p.BluRay.x265-RARBG.mp4,5,12,1796960,data/encodings/1796960/1796960_S05E12_31704_0.npy
835,1080,1920,0,322,930,160,769,370272,0.179,31728,/home/amos/media/tv/homeland/Homeland.S05.1080p.BluRay.x265-RARBG/Homeland.S05E12.1080p.BluRay.x265-RARBG.mp4,5,12,1796960,data/encodings/1796960/1796960_S05E12_31728_0.npy
836,1080,1920,0,322,930,160,769,370272,0.179,31776,/home/amos/media/tv/homeland/Homeland.S05.1080p.BluRay.x265-RARBG/Homeland.S05E12.1080p.BluRay.x265-RARBG.mp4,5,12,1796960,data/encodings/1796960/1796960_S05E12_31776_0.npy
837,1080,1920,0,322,930,160,769,370272,0.179,31800,/home/amos/media/tv/homeland/Homeland.S05.1080p.BluRay.x265-RARBG/Homeland.S05E12.1080p.BluRay.x265-RARBG.mp4,5,12,1796960,data/encodings/1796960/1796960_S05E12_31800_0.npy
838,1080,1920,0,322,930,160,769,370272,0.179,31824,/home/amos/media/tv/homeland/Homeland.S05.1080p.BluRay.x265-RARBG/Homeland.S05E12.1080p.BluRay.x265-RARBG.mp4,5,12,1796960,data/encodings/1796960/1796960_S05E12_31824_0.npy
839,1080,1920,0,743,1250,159,666,257049,0.124,32616,/home/amos/media/tv/homeland/Homeland.S05.1080p.BluRay.x265-RARBG/Homeland.S05E12.1080p.BluRay.x265-RARBG.mp4,5,12,1796960,data/encodings/1796960/1796960_S05E12_32616_0.npy
840,1080,1920,0,92,160,387,456,4692,0.002,32904,/home/amos/media/tv/homeland/Homeland.S05.1080p.BluRay.x265-RARBG/Homeland.S05E12.1080p.BluRay.x265-RARBG.mp4,5,12,1796960,data/encodings/1796960/1796960_S05E12_32904_0.npy
841,1080,1920,0,99,167,401,469,4624,0.002,32952,/home/amos/media/tv/homeland/Homeland.S05.1080p.BluRay.x265-RARBG/Homeland.S05E12.1080p.BluRay.x265-RARBG.mp4,5,12,1796960,data/encodings/1796960/1796960_S05E12_32952_0.npy
842,1080,1920,0,92,160,401,469,4624,0.002,32976,/home/amos/media/tv/homeland/Homeland.S05.1080p.BluRay.x265-RARBG/Homeland.S05E12.1080p.BluRay.x265-RARBG.mp4,5,12,1796960,data/encodings/1796960/1796960_S05E12_32976_0.npy
843,1080,1920,0,1025,1448,218,640,178506,0.086,33072,/home/amos/media/tv/homeland/Homeland.S05.1080p.BluRay.x265-RARBG/Homeland.S05E12.1080p.BluRay.x265-RARBG.mp4,5,12,1796960,data/encodings/1796960/1796960_S05E12_33072_0.npy
844,1080,1920,0,940,1362,261,683,178084,0.086,33096,/home/amos/media/tv/homeland/Homeland.S05.1080p.BluRay.x265-RARBG/Homeland.S05E12.1080p.BluRay.x265-RARBG.mp4,5,12,1796960,data/encodings/1796960/1796960_S05E12_33096_0.npy
845,1080,1920,0,578,782,244,447,41412,0.02,33192,/home/amos/media/tv/homeland/Homeland.S05.1080p.BluRay.x265-RARBG/Homeland.S05E12.1080p.BluRay.x265-RARBG.mp4,5,12,1796960,data/encodings/1796960/1796960_S05E12_33192_0.npy
846,1080,1920,1,462,814,172,525,124256,0.06,33192,/home/amos/media/tv/homeland/Homeland.S05.1080p.BluRay.x265-RARBG/Homeland.S05E12.1080p.BluRay.x265-RARBG.mp4,5,12,1796960,data/encodings/1796960/1796960_S05E12_33192_1.npy
847,1080,1920,0,585,878,225,519,86142,0.042,33216,/home/amos/media/tv/homeland/Homeland.S05.1080p.BluRay.x265-RARBG/Homeland.S05E12.1080p.BluRay.x265-RARBG.mp4,5,12,1796960,data/encodings/1796960/1796960_S05E12_33216_0.npy
848,1080,1920,0,526,819,225,519,86142,0.042,33240,/home/amos/media/tv/homeland/Homeland.S05.1080p.BluRay.x265-RARBG/Homeland.S05E12.1080p.BluRay.x265-RARBG.mp4,5,12,1796960,data/encodings/1796960/1796960_S05E12_33240_0.npy
849,1080,1920,0,496,789,225,519,86142,0.042,33264,/home/amos/media/tv/homeland/Homeland.S05.1080p.BluRay.x265-RARBG/Homeland.S05E12.1080p.BluRay.x265-RARBG.mp4,5,12,1796960,data/encodings/1796960/1796960_S05E12_33264_0.npy
850,1080,1920,0,604,956,279,632,124256,0.06,33336,/home/amos/media/tv/homeland/Homeland.S05.1080p.BluRay.x265-RARBG/Homeland.S05E12.1080p.BluRay.x265-RARBG.mp4,5,12,1796960,data/encodings/1796960/1796960_S05E12_33336_0.npy
851,1080,1920,0,533,885,244,596,123904,0.06,33360,/home/amos/media/tv/homeland/Homeland.S05.1080p.BluRay.x265-RARBG/Homeland.S05E12.1080p.BluRay.x265-RARBG.mp4,5,12,1796960,data/encodings/1796960/1796960_S05E12_33360_0.npy
852,1080,1920,0,585,878,195,489,86142,0.042,33432,/home/amos/media/tv/homeland/Homeland.S05.1080p.BluRay.x265-RARBG/Homeland.S05E12.1080p.BluRay.x265-RARBG.mp4,5,12,1796960,data/encodings/1796960/1796960_S05E12_33432_0.npy
853,1080,1920,0,466,760,195,489,86436,0.042,33456,/home/amos/media/tv/homeland/Homeland.S05.1080p.BluRay.x265-RARBG/Homeland.S05E12.1080p.BluRay.x265-RARBG.mp4,5,12,1796960,data/encodings/1796960/1796960_S05E12_33456_0.npy
854,1080,1920,0,496,789,225,519,86142,0.042,33480,/home/amos/media/tv/homeland/Homeland.S05.1080p.BluRay.x265-RARBG/Homeland.S05E12.1080p.BluRay.x265-RARBG.mp4,5,12,1796960,data/encodings/1796960/1796960_S05E12_33480_0.npy
855,1080,1920,0,496,789,195,489,86142,0.042,33504,/home/amos/media/tv/homeland/Homeland.S05.1080p.BluRay.x265-RARBG/Homeland.S05E12.1080p.BluRay.x265-RARBG.mp4,5,12,1796960,data/encodings/1796960/1796960_S05E12_33504_0.npy
856,1080,1920,0,496,789,195,489,86142,0.042,33528,/home/amos/media/tv/homeland/Homeland.S05.1080p.BluRay.x265-RARBG/Homeland.S05E12.1080p.BluRay.x265-RARBG.mp4,5,12,1796960,data/encodings/1796960/1796960_S05E12_33528_0.npy
857,1080,1920,0,555,849,195,489,86436,0.042,33552,/home/amos/media/tv/homeland/Homeland.S05.1080p.BluRay.x265-RARBG/Homeland.S05E12.1080p.BluRay.x265-RARBG.mp4,5,12,1796960,data/encodings/1796960/1796960_S05E12_33552_0.npy
858,1080,1920,0,526,819,195,489,86142,0.042,33576,/home/amos/media/tv/homeland/Homeland.S05.1080p.BluRay.x265-RARBG/Homeland.S05E12.1080p.BluRay.x265-RARBG.mp4,5,12,1796960,data/encodings/1796960/1796960_S05E12_33576_0.npy
859,1080,1920,0,1061,1354,225,519,86142,0.042,33648,/home/amos/media/tv/homeland/Homeland.S05.1080p.BluRay.x265-RARBG/Homeland.S05E12.1080p.BluRay.x265-RARBG.mp4,5,12,1796960,data/encodings/1796960/1796960_S05E12_33648_0.npy
860,1080,1920,0,293,361,318,386,4624,0.002,33696,/home/amos/media/tv/homeland/Homeland.S05.1080p.BluRay.x265-RARBG/Homeland.S05E12.1080p.BluRay.x265-RARBG.mp4,5,12,1796960,data/encodings/1796960/1796960_S05E12_33696_0.npy
861,1080,1920,0,376,444,311,380,4692,0.002,33744,/home/amos/media/tv/homeland/Homeland.S05.1080p.BluRay.x265-RARBG/Homeland.S05E12.1080p.BluRay.x265-RARBG.mp4,5,12,1796960,data/encodings/1796960/1796960_S05E12_33744_0.npy
862,1080,1920,0,1061,1354,195,489,86142,0.042,33768,/home/amos/media/tv/homeland/Homeland.S05.1080p.BluRay.x265-RARBG/Homeland.S05E12.1080p.BluRay.x265-RARBG.mp4,5,12,1796960,data/encodings/1796960/1796960_S05E12_33768_0.npy
863,1080,1920,0,1104,1456,172,525,124256,0.06,33792,/home/amos/media/tv/homeland/Homeland.S05.1080p.BluRay.x265-RARBG/Homeland.S05E12.1080p.BluRay.x265-RARBG.mp4,5,12,1796960,data/encodings/1796960/1796960_S05E12_33792_0.npy
864,1080,1920,0,569,921,208,560,123904,0.06,33816,/home/amos/media/tv/homeland/Homeland.S05.1080p.BluRay.x265-RARBG/Homeland.S05E12.1080p.BluRay.x265-RARBG.mp4,5,12,1796960,data/encodings/1796960/1796960_S05E12_33816_0.npy
865,1080,1920,0,569,921,101,453,123904,0.06,33840,/home/amos/media/tv/homeland/Homeland.S05.1080p.BluRay.x265-RARBG/Homeland.S05E12.1080p.BluRay.x265-RARBG.mp4,5,12,1796960,data/encodings/1796960/1796960_S05E12_33840_0.npy
866,1080,1920,0,897,1319,89,512,178506,0.086,33888,/home/amos/media/tv/homeland/Homeland.S05.1080p.BluRay.x265-RARBG/Homeland.S05E12.1080p.BluRay.x265-RARBG.mp4,5,12,1796960,data/encodings/1796960/1796960_S05E12_33888_0.npy
867,1080,1920,0,794,1301,108,615,257049,0.124,33912,/home/amos/media/tv/homeland/Homeland.S05.1080p.BluRay.x265-RARBG/Homeland.S05E12.1080p.BluRay.x265-RARBG.mp4,5,12,1796960,data/encodings/1796960/1796960_S05E12_33912_0.npy
868,1080,1920,0,659,727,194,262,4624,0.002,33936,/home/amos/media/tv/homeland/Homeland.S05.1080p.BluRay.x265-RARBG/Homeland.S05E12.1080p.BluRay.x265-RARBG.mp4,5,12,1796960,data/encodings/1796960/1796960_S05E12_33936_0.npy
869,1080,1920,1,949,1031,162,244,6724,0.003,33936,/home/amos/media/tv/homeland/Homeland.S05.1080p.BluRay.x265-RARBG/Homeland.S05E12.1080p.BluRay.x265-RARBG.mp4,5,12,1796960,data/encodings/1796960/1796960_S05E12_33936_1.npy
870,1080,1920,0,1043,1213,302,471,28730,0.014,33984,/home/amos/media/tv/homeland/Homeland.S05.1080p.BluRay.x265-RARBG/Homeland.S05E12.1080p.BluRay.x265-RARBG.mp4,5,12,1796960,data/encodings/1796960/1796960_S05E12_33984_0.npy
871,1080,1920,0,1033,1236,264,468,41412,0.02,34008,/home/amos/media/tv/homeland/Homeland.S05.1080p.BluRay.x265-RARBG/Homeland.S05E12.1080p.BluRay.x265-RARBG.mp4,5,12,1796960,data/encodings/1796960/1796960_S05E12_34008_0.npy
872,1080,1920,0,392,510,208,325,13806,0.007,34032,/home/amos/media/tv/homeland/Homeland.S05.1080p.BluRay.x265-RARBG/Homeland.S05E12.1080p.BluRay.x265-RARBG.mp4,5,12,1796960,data/encodings/1796960/1796960_S05E12_34032_0.npy
873,1080,1920,0,995,1042,451,498,2209,0.001,34056,/home/amos/media/tv/homeland/Homeland.S05.1080p.BluRay.x265-RARBG/Homeland.S05E12.1080p.BluRay.x265-RARBG.mp4,5,12,1796960,data/encodings/1796960/1796960_S05E12_34056_0.npy
874,1080,1920,1,701,740,453,493,1560,0.001,34056,/home/amos/media/tv/homeland/Homeland.S05.1080p.BluRay.x265-RARBG/Homeland.S05E12.1080p.BluRay.x265-RARBG.mp4,5,12,1796960,data/encodings/1796960/1796960_S05E12_34056_1.npy
875,1080,1920,0,0,146,284,454,24820,0.012,34080,/home/amos/media/tv/homeland/Homeland.S05.1080p.BluRay.x265-RARBG/Homeland.S05E12.1080p.BluRay.x265-RARBG.mp4,5,12,1796960,data/encodings/1796960/1796960_S05E12_34080_0.npy
876,1080,1920,0,997,1036,541,581,1560,0.001,34200,/home/amos/media/tv/homeland/Homeland.S05.1080p.BluRay.x265-RARBG/Homeland.S05E12.1080p.BluRay.x265-RARBG.mp4,5,12,1796960,data/encodings/1796960/1796960_S05E12_34200_0.npy
877,1080,1920,0,993,1032,525,565,1560,0.001,34296,/home/amos/media/tv/homeland/Homeland.S05.1080p.BluRay.x265-RARBG/Homeland.S05E12.1080p.BluRay.x265-RARBG.mp4,5,12,1796960,data/encodings/1796960/1796960_S05E12_34296_0.npy
878,1080,1920,0,1029,1273,206,450,59536,0.029,34440,/home/amos/media/tv/homeland/Homeland.S05.1080p.BluRay.x265-RARBG/Homeland.S05E12.1080p.BluRay.x265-RARBG.mp4,5,12,1796960,data/encodings/1796960/1796960_S05E12_34440_0.npy
879,1080,1920,0,1012,1216,223,427,41616,0.02,34464,/home/amos/media/tv/homeland/Homeland.S05.1080p.BluRay.x265-RARBG/Homeland.S05E12.1080p.BluRay.x265-RARBG.mp4,5,12,1796960,data/encodings/1796960/1796960_S05E12_34464_0.npy
880,1080,1920,0,1239,1443,202,406,41616,0.02,34488,/home/amos/media/tv/homeland/Homeland.S05.1080p.BluRay.x265-RARBG/Homeland.S05E12.1080p.BluRay.x265-RARBG.mp4,5,12,1796960,data/encodings/1796960/1796960_S05E12_34488_0.npy
881,1080,1920,0,723,927,264,468,41616,0.02,34512,/home/amos/media/tv/homeland/Homeland.S05.1080p.BluRay.x265-RARBG/Homeland.S05E12.1080p.BluRay.x265-RARBG.mp4,5,12,1796960,data/encodings/1796960/1796960_S05E12_34512_0.npy
882,1080,1920,0,702,906,244,447,41412,0.02,34536,/home/amos/media/tv/homeland/Homeland.S05.1080p.BluRay.x265-RARBG/Homeland.S05E12.1080p.BluRay.x265-RARBG.mp4,5,12,1796960,data/encodings/1796960/1796960_S05E12_34536_0.npy
883,1080,1920,0,702,906,244,447,41412,0.02,34560,/home/amos/media/tv/homeland/Homeland.S05.1080p.BluRay.x265-RARBG/Homeland.S05E12.1080p.BluRay.x265-RARBG.mp4,5,12,1796960,data/encodings/1796960/1796960_S05E12_34560_0.npy
884,1080,1920,0,1218,1422,202,406,41616,0.02,34584,/home/amos/media/tv/homeland/Homeland.S05.1080p.BluRay.x265-RARBG/Homeland.S05E12.1080p.BluRay.x265-RARBG.mp4,5,12,1796960,data/encodings/1796960/1796960_S05E12_34584_0.npy
885,1080,1920,0,1239,1443,202,406,41616,0.02,34608,/home/amos/media/tv/homeland/Homeland.S05.1080p.BluRay.x265-RARBG/Homeland.S05E12.1080p.BluRay.x265-RARBG.mp4,5,12,1796960,data/encodings/1796960/1796960_S05E12_34608_0.npy
886,1080,1920,0,1218,1422,182,385,41412,0.02,34632,/home/amos/media/tv/homeland/Homeland.S05.1080p.BluRay.x265-RARBG/Homeland.S05E12.1080p.BluRay.x265-RARBG.mp4,5,12,1796960,data/encodings/1796960/1796960_S05E12_34632_0.npy
887,1080,1920,0,1218,1422,202,406,41616,0.02,34656,/home/amos/media/tv/homeland/Homeland.S05.1080p.BluRay.x265-RARBG/Homeland.S05E12.1080p.BluRay.x265-RARBG.mp4,5,12,1796960,data/encodings/1796960/1796960_S05E12_34656_0.npy
888,1080,1920,0,620,824,223,427,41616,0.02,34680,/home/amos/media/tv/homeland/Homeland.S05.1080p.BluRay.x265-RARBG/Homeland.S05E12.1080p.BluRay.x265-RARBG.mp4,5,12,1796960,data/encodings/1796960/1796960_S05E12_34680_0.npy
889,1080,1920,0,558,803,156,401,60025,0.029,34704,/home/amos/media/tv/homeland/Homeland.S05.1080p.BluRay.x265-RARBG/Homeland.S05E12.1080p.BluRay.x265-RARBG.mp4,5,12,1796960,data/encodings/1796960/1796960_S05E12_34704_0.npy
890,1080,1920,0,1239,1443,202,406,41616,0.02,34728,/home/amos/media/tv/homeland/Homeland.S05.1080p.BluRay.x265-RARBG/Homeland.S05E12.1080p.BluRay.x265-RARBG.mp4,5,12,1796960,data/encodings/1796960/1796960_S05E12_34728_0.npy
891,1080,1920,0,1260,1463,202,406,41412,0.02,34752,/home/amos/media/tv/homeland/Homeland.S05.1080p.BluRay.x265-RARBG/Homeland.S05E12.1080p.BluRay.x265-RARBG.mp4,5,12,1796960,data/encodings/1796960/1796960_S05E12_34752_0.npy
892,1080,1920,0,1218,1422,202,406,41616,0.02,34776,/home/amos/media/tv/homeland/Homeland.S05.1080p.BluRay.x265-RARBG/Homeland.S05E12.1080p.BluRay.x265-RARBG.mp4,5,12,1796960,data/encodings/1796960/1796960_S05E12_34776_0.npy
893,1080,1920,0,558,762,223,427,41616,0.02,34800,/home/amos/media/tv/homeland/Homeland.S05.1080p.BluRay.x265-RARBG/Homeland.S05E12.1080p.BluRay.x265-RARBG.mp4,5,12,1796960,data/encodings/1796960/1796960_S05E12_34800_0.npy
894,1080,1920,0,558,762,202,406,41616,0.02,34824,/home/amos/media/tv/homeland/Homeland.S05.1080p.BluRay.x265-RARBG/Homeland.S05E12.1080p.BluRay.x265-RARBG.mp4,5,12,1796960,data/encodings/1796960/1796960_S05E12_34824_0.npy
895,1080,1920,0,558,762,182,385,41412,0.02,34848,/home/amos/media/tv/homeland/Homeland.S05.1080p.BluRay.x265-RARBG/Homeland.S05E12.1080p.BluRay.x265-RARBG.mp4,5,12,1796960,data/encodings/1796960/1796960_S05E12_34848_0.npy
896,1080,1920,0,1280,1484,161,365,41616,0.02,34872,/home/amos/media/tv/homeland/Homeland.S05.1080p.BluRay.x265-RARBG/Homeland.S05E12.1080p.BluRay.x265-RARBG.mp4,5,12,1796960,data/encodings/1796960/1796960_S05E12_34872_0.npy
897,1080,1920,0,764,968,140,344,41616,0.02,34896,/home/amos/media/tv/homeland/Homeland.S05.1080p.BluRay.x265-RARBG/Homeland.S05E12.1080p.BluRay.x265-RARBG.mp4,5,12,1796960,data/encodings/1796960/1796960_S05E12_34896_0.npy
898,1080,1920,0,764,968,202,406,41616,0.02,34920,/home/amos/media/tv/homeland/Homeland.S05.1080p.BluRay.x265-RARBG/Homeland.S05E12.1080p.BluRay.x265-RARBG.mp4,5,12,1796960,data/encodings/1796960/1796960_S05E12_34920_0.npy
899,1080,1920,0,785,989,202,406,41616,0.02,34944,/home/amos/media/tv/homeland/Homeland.S05.1080p.BluRay.x265-RARBG/Homeland.S05E12.1080p.BluRay.x265-RARBG.mp4,5,12,1796960,data/encodings/1796960/1796960_S05E12_34944_0.npy
900,1080,1920,0,785,989,244,447,41412,0.02,34968,/home/amos/media/tv/homeland/Homeland.S05.1080p.BluRay.x265-RARBG/Homeland.S05E12.1080p.BluRay.x265-RARBG.mp4,5,12,1796960,data/encodings/1796960/1796960_S05E12_34968_0.npy
901,1080,1920,0,1078,1323,132,376,59780,0.029,34992,/home/amos/media/tv/homeland/Homeland.S05.1080p.BluRay.x265-RARBG/Homeland.S05E12.1080p.BluRay.x265-RARBG.mp4,5,12,1796960,data/encodings/1796960/1796960_S05E12_34992_0.npy
902,1080,1920,1,578,748,302,471,28730,0.014,34992,/home/amos/media/tv/homeland/Homeland.S05.1080p.BluRay.x265-RARBG/Homeland.S05E12.1080p.BluRay.x265-RARBG.mp4,5,12,1796960,data/encodings/1796960/1796960_S05E12_34992_1.npy
903,1080,1920,0,1094,1298,161,365,41616,0.02,35016,/home/amos/media/tv/homeland/Homeland.S05.1080p.BluRay.x265-RARBG/Homeland.S05E12.1080p.BluRay.x265-RARBG.mp4,5,12,1796960,data/encodings/1796960/1796960_S05E12_35016_0.npy
904,1080,1920,1,578,748,284,454,28900,0.014,35016,/home/amos/media/tv/homeland/Homeland.S05.1080p.BluRay.x265-RARBG/Homeland.S05E12.1080p.BluRay.x265-RARBG.mp4,5,12,1796960,data/encodings/1796960/1796960_S05E12_35016_1.npy
905,1080,1920,0,1094,1298,161,365,41616,0.02,35040,/home/amos/media/tv/homeland/Homeland.S05.1080p.BluRay.x265-RARBG/Homeland.S05E12.1080p.BluRay.x265-RARBG.mp4,5,12,1796960,data/encodings/1796960/1796960_S05E12_35040_0.npy
906,1080,1920,1,527,697,216,385,28730,0.014,35040,/home/amos/media/tv/homeland/Homeland.S05.1080p.BluRay.x265-RARBG/Homeland.S05E12.1080p.BluRay.x265-RARBG.mp4,5,12,1796960,data/encodings/1796960/1796960_S05E12_35040_1.npy
907,1080,1920,0,1078,1323,132,376,59780,0.029,35064,/home/amos/media/tv/homeland/Homeland.S05.1080p.BluRay.x265-RARBG/Homeland.S05E12.1080p.BluRay.x265-RARBG.mp4,5,12,1796960,data/encodings/1796960/1796960_S05E12_35064_0.npy
908,1080,1920,1,544,714,198,368,28900,0.014,35064,/home/amos/media/tv/homeland/Homeland.S05.1080p.BluRay.x265-RARBG/Homeland.S05E12.1080p.BluRay.x265-RARBG.mp4,5,12,1796960,data/encodings/1796960/1796960_S05E12_35064_1.npy
909,1080,1920,0,1094,1298,182,385,41412,0.02,35088,/home/amos/media/tv/homeland/Homeland.S05.1080p.BluRay.x265-RARBG/Homeland.S05E12.1080p.BluRay.x265-RARBG.mp4,5,12,1796960,data/encodings/1796960/1796960_S05E12_35088_0.npy
910,1080,1920,0,1094,1298,182,385,41412,0.02,35112,/home/amos/media/tv/homeland/Homeland.S05.1080p.BluRay.x265-RARBG/Homeland.S05E12.1080p.BluRay.x265-RARBG.mp4,5,12,1796960,data/encodings/1796960/1796960_S05E12_35112_0.npy
911,1080,1920,1,561,731,267,437,28900,0.014,35112,/home/amos/media/tv/homeland/Homeland.S05.1080p.BluRay.x265-RARBG/Homeland.S05E12.1080p.BluRay.x265-RARBG.mp4,5,12,1796960,data/encodings/1796960/1796960_S05E12_35112_1.npy
912,1080,1920,0,1094,1298,182,385,41412,0.02,35136,/home/amos/media/tv/homeland/Homeland.S05.1080p.BluRay.x265-RARBG/Homeland.S05E12.1080p.BluRay.x265-RARBG.mp4,5,12,1796960,data/encodings/1796960/1796960_S05E12_35136_0.npy
913,1080,1920,0,1094,1298,161,365,41616,0.02,35160,/home/amos/media/tv/homeland/Homeland.S05.1080p.BluRay.x265-RARBG/Homeland.S05E12.1080p.BluRay.x265-RARBG.mp4,5,12,1796960,data/encodings/1796960/1796960_S05E12_35160_0.npy
914,1080,1920,0,1153,1397,156,401,59780,0.029,35184,/home/amos/media/tv/homeland/Homeland.S05.1080p.BluRay.x265-RARBG/Homeland.S05E12.1080p.BluRay.x265-RARBG.mp4,5,12,1796960,data/encodings/1796960/1796960_S05E12_35184_0.npy
915,1080,1920,0,1177,1381,140,344,41616,0.02,35208,/home/amos/media/tv/homeland/Homeland.S05.1080p.BluRay.x265-RARBG/Homeland.S05E12.1080p.BluRay.x265-RARBG.mp4,5,12,1796960,data/encodings/1796960/1796960_S05E12_35208_0.npy
916,1080,1920,0,1153,1397,132,376,59536,0.029,35232,/home/amos/media/tv/homeland/Homeland.S05.1080p.BluRay.x265-RARBG/Homeland.S05E12.1080p.BluRay.x265-RARBG.mp4,5,12,1796960,data/encodings/1796960/1796960_S05E12_35232_0.npy
917,1080,1920,0,1178,1422,132,376,59536,0.029,35256,/home/amos/media/tv/homeland/Homeland.S05.1080p.BluRay.x265-RARBG/Homeland.S05E12.1080p.BluRay.x265-RARBG.mp4,5,12,1796960,data/encodings/1796960/1796960_S05E12_35256_0.npy
918,1080,1920,0,1178,1422,156,401,59780,0.029,35280,/home/amos/media/tv/homeland/Homeland.S05.1080p.BluRay.x265-RARBG/Homeland.S05E12.1080p.BluRay.x265-RARBG.mp4,5,12,1796960,data/encodings/1796960/1796960_S05E12_35280_0.npy
919,1080,1920,0,1202,1447,132,376,59780,0.029,35304,/home/amos/media/tv/homeland/Homeland.S05.1080p.BluRay.x265-RARBG/Homeland.S05E12.1080p.BluRay.x265-RARBG.mp4,5,12,1796960,data/encodings/1796960/1796960_S05E12_35304_0.npy
920,1080,1920,0,1178,1422,156,401,59780,0.029,35328,/home/amos/media/tv/homeland/Homeland.S05.1080p.BluRay.x265-RARBG/Homeland.S05E12.1080p.BluRay.x265-RARBG.mp4,5,12,1796960,data/encodings/1796960/1796960_S05E12_35328_0.npy
921,1080,1920,0,707,952,107,351,59780,0.029,35352,/home/amos/media/tv/homeland/Homeland.S05.1080p.BluRay.x265-RARBG/Homeland.S05E12.1080p.BluRay.x265-RARBG.mp4,5,12,1796960,data/encodings/1796960/1796960_S05E12_35352_0.npy
922,1080,1920,0,707,952,107,351,59780,0.029,35376,/home/amos/media/tv/homeland/Homeland.S05.1080p.BluRay.x265-RARBG/Homeland.S05E12.1080p.BluRay.x265-RARBG.mp4,5,12,1796960,data/encodings/1796960/1796960_S05E12_35376_0.npy
923,1080,1920,0,744,947,140,344,41412,0.02,35400,/home/amos/media/tv/homeland/Homeland.S05.1080p.BluRay.x265-RARBG/Homeland.S05E12.1080p.BluRay.x265-RARBG.mp4,5,12,1796960,data/encodings/1796960/1796960_S05E12_35400_0.npy
924,1080,1920,0,657,902,132,376,59780,0.029,35424,/home/amos/media/tv/homeland/Homeland.S05.1080p.BluRay.x265-RARBG/Homeland.S05E12.1080p.BluRay.x265-RARBG.mp4,5,12,1796960,data/encodings/1796960/1796960_S05E12_35424_0.npy
925,1080,1920,0,702,906,161,365,41616,0.02,35448,/home/amos/media/tv/homeland/Homeland.S05.1080p.BluRay.x265-RARBG/Homeland.S05E12.1080p.BluRay.x265-RARBG.mp4,5,12,1796960,data/encodings/1796960/1796960_S05E12_35448_0.npy
926,1080,1920,0,682,885,140,344,41412,0.02,35472,/home/amos/media/tv/homeland/Homeland.S05.1080p.BluRay.x265-RARBG/Homeland.S05E12.1080p.BluRay.x265-RARBG.mp4,5,12,1796960,data/encodings/1796960/1796960_S05E12_35472_0.npy
927,1080,1920,0,682,885,244,447,41209,0.02,35496,/home/amos/media/tv/homeland/Homeland.S05.1080p.BluRay.x265-RARBG/Homeland.S05E12.1080p.BluRay.x265-RARBG.mp4,5,12,1796960,data/encodings/1796960/1796960_S05E12_35496_0.npy
928,1080,1920,0,682,885,161,365,41412,0.02,35520,/home/amos/media/tv/homeland/Homeland.S05.1080p.BluRay.x265-RARBG/Homeland.S05E12.1080p.BluRay.x265-RARBG.mp4,5,12,1796960,data/encodings/1796960/1796960_S05E12_35520_0.npy
929,1080,1920,0,1277,1521,156,401,59780,0.029,35544,/home/amos/media/tv/homeland/Homeland.S05.1080p.BluRay.x265-RARBG/Homeland.S05E12.1080p.BluRay.x265-RARBG.mp4,5,12,1796960,data/encodings/1796960/1796960_S05E12_35544_0.npy
930,1080,1920,0,1252,1496,156,401,59780,0.029,35568,/home/amos/media/tv/homeland/Homeland.S05.1080p.BluRay.x265-RARBG/Homeland.S05E12.1080p.BluRay.x265-RARBG.mp4,5,12,1796960,data/encodings/1796960/1796960_S05E12_35568_0.npy
931,1080,1920,0,1280,1484,182,385,41412,0.02,35592,/home/amos/media/tv/homeland/Homeland.S05.1080p.BluRay.x265-RARBG/Homeland.S05E12.1080p.BluRay.x265-RARBG.mp4,5,12,1796960,data/encodings/1796960/1796960_S05E12_35592_0.npy
932,1080,1920,0,1260,1463,161,365,41412,0.02,35616,/home/amos/media/tv/homeland/Homeland.S05.1080p.BluRay.x265-RARBG/Homeland.S05E12.1080p.BluRay.x265-RARBG.mp4,5,12,1796960,data/encodings/1796960/1796960_S05E12_35616_0.npy
933,1080,1920,0,1260,1463,140,344,41412,0.02,35640,/home/amos/media/tv/homeland/Homeland.S05.1080p.BluRay.x265-RARBG/Homeland.S05E12.1080p.BluRay.x265-RARBG.mp4,5,12,1796960,data/encodings/1796960/1796960_S05E12_35640_0.npy
934,1080,1920,0,426,849,218,640,178506,0.086,35664,/home/amos/media/tv/homeland/Homeland.S05.1080p.BluRay.x265-RARBG/Homeland.S05E12.1080p.BluRay.x265-RARBG.mp4,5,12,1796960,data/encodings/1796960/1796960_S05E12_35664_0.npy
935,1080,1920,0,383,806,218,640,178506,0.086,35688,/home/amos/media/tv/homeland/Homeland.S05.1080p.BluRay.x265-RARBG/Homeland.S05E12.1080p.BluRay.x265-RARBG.mp4,5,12,1796960,data/encodings/1796960/1796960_S05E12_35688_0.npy
936,1080,1920,0,426,849,261,683,178506,0.086,35712,/home/amos/media/tv/homeland/Homeland.S05.1080p.BluRay.x265-RARBG/Homeland.S05E12.1080p.BluRay.x265-RARBG.mp4,5,12,1796960,data/encodings/1796960/1796960_S05E12_35712_0.npy
937,1080,1920,0,426,849,261,683,178506,0.086,35736,/home/amos/media/tv/homeland/Homeland.S05.1080p.BluRay.x265-RARBG/Homeland.S05E12.1080p.BluRay.x265-RARBG.mp4,5,12,1796960,data/encodings/1796960/1796960_S05E12_35736_0.npy
938,1080,1920,0,1068,1420,208,560,123904,0.06,35760,/home/amos/media/tv/homeland/Homeland.S05.1080p.BluRay.x265-RARBG/Homeland.S05E12.1080p.BluRay.x265-RARBG.mp4,5,12,1796960,data/encodings/1796960/1796960_S05E12_35760_0.npy
939,1080,1920,0,1139,1491,244,596,123904,0.06,35784,/home/amos/media/tv/homeland/Homeland.S05.1080p.BluRay.x265-RARBG/Homeland.S05E12.1080p.BluRay.x265-RARBG.mp4,5,12,1796960,data/encodings/1796960/1796960_S05E12_35784_0.npy
940,1080,1920,0,1139,1491,279,632,124256,0.06,35808,/home/amos/media/tv/homeland/Homeland.S05.1080p.BluRay.x265-RARBG/Homeland.S05E12.1080p.BluRay.x265-RARBG.mp4,5,12,1796960,data/encodings/1796960/1796960_S05E12_35808_0.npy
941,1080,1920,0,1139,1491,279,632,124256,0.06,35832,/home/amos/media/tv/homeland/Homeland.S05.1080p.BluRay.x265-RARBG/Homeland.S05E12.1080p.BluRay.x265-RARBG.mp4,5,12,1796960,data/encodings/1796960/1796960_S05E12_35832_0.npy
942,1080,1920,0,1104,1456,244,596,123904,0.06,35856,/home/amos/media/tv/homeland/Homeland.S05.1080p.BluRay.x265-RARBG/Homeland.S05E12.1080p.BluRay.x265-RARBG.mp4,5,12,1796960,data/encodings/1796960/1796960_S05E12_35856_0.npy
943,1080,1920,0,383,806,261,683,178506,0.086,35880,/home/amos/media/tv/homeland/Homeland.S05.1080p.BluRay.x265-RARBG/Homeland.S05E12.1080p.BluRay.x265-RARBG.mp4,5,12,1796960,data/encodings/1796960/1796960_S05E12_35880_0.npy
944,1080,1920,0,383,806,261,683,178506,0.086,35904,/home/amos/media/tv/homeland/Homeland.S05.1080p.BluRay.x265-RARBG/Homeland.S05E12.1080p.BluRay.x265-RARBG.mp4,5,12,1796960,data/encodings/1796960/1796960_S05E12_35904_0.npy
945,1080,1920,0,383,806,261,683,178506,0.086,35928,/home/amos/media/tv/homeland/Homeland.S05.1080p.BluRay.x265-RARBG/Homeland.S05E12.1080p.BluRay.x265-RARBG.mp4,5,12,1796960,data/encodings/1796960/1796960_S05E12_35928_0.npy
946,1080,1920,0,1139,1491,244,596,123904,0.06,35952,/home/amos/media/tv/homeland/Homeland.S05.1080p.BluRay.x265-RARBG/Homeland.S05E12.1080p.BluRay.x265-RARBG.mp4,5,12,1796960,data/encodings/1796960/1796960_S05E12_35952_0.npy
947,1080,1920,0,1139,1491,244,596,123904,0.06,35976,/home/amos/media/tv/homeland/Homeland.S05.1080p.BluRay.x265-RARBG/Homeland.S05E12.1080p.BluRay.x265-RARBG.mp4,5,12,1796960,data/encodings/1796960/1796960_S05E12_35976_0.npy
948,1080,1920,0,1111,1533,218,640,178084,0.086,36000,/home/amos/media/tv/homeland/Homeland.S05.1080p.BluRay.x265-RARBG/Homeland.S05E12.1080p.BluRay.x265-RARBG.mp4,5,12,1796960,data/encodings/1796960/1796960_S05E12_36000_0.npy
949,1080,1920,0,383,806,261,683,178506,0.086,36024,/home/amos/media/tv/homeland/Homeland.S05.1080p.BluRay.x265-RARBG/Homeland.S05E12.1080p.BluRay.x265-RARBG.mp4,5,12,1796960,data/encodings/1796960/1796960_S05E12_36024_0.npy
950,1080,1920,0,383,806,261,683,178506,0.086,36048,/home/amos/media/tv/homeland/Homeland.S05.1080p.BluRay.x265-RARBG/Homeland.S05E12.1080p.BluRay.x265-RARBG.mp4,5,12,1796960,data/encodings/1796960/1796960_S05E12_36048_0.npy
951,1080,1920,0,383,806,261,683,178506,0.086,36072,/home/amos/media/tv/homeland/Homeland.S05.1080p.BluRay.x265-RARBG/Homeland.S05E12.1080p.BluRay.x265-RARBG.mp4,5,12,1796960,data/encodings/1796960/1796960_S05E12_36072_0.npy
952,1080,1920,0,383,806,303,726,178929,0.086,36096,/home/amos/media/tv/homeland/Homeland.S05.1080p.BluRay.x265-RARBG/Homeland.S05E12.1080p.BluRay.x265-RARBG.mp4,5,12,1796960,data/encodings/1796960/1796960_S05E12_36096_0.npy
953,1080,1920,0,426,849,261,683,178506,0.086,36120,/home/amos/media/tv/homeland/Homeland.S05.1080p.BluRay.x265-RARBG/Homeland.S05E12.1080p.BluRay.x265-RARBG.mp4,5,12,1796960,data/encodings/1796960/1796960_S05E12_36120_0.npy
954,1080,1920,0,469,891,432,854,178084,0.086,36144,/home/amos/media/tv/homeland/Homeland.S05.1080p.BluRay.x265-RARBG/Homeland.S05E12.1080p.BluRay.x265-RARBG.mp4,5,12,1796960,data/encodings/1796960/1796960_S05E12_36144_0.npy
955,1080,1920,0,512,934,432,854,178084,0.086,36168,/home/amos/media/tv/homeland/Homeland.S05.1080p.BluRay.x265-RARBG/Homeland.S05E12.1080p.BluRay.x265-RARBG.mp4,5,12,1796960,data/encodings/1796960/1796960_S05E12_36168_0.npy
956,1080,1920,0,512,934,218,640,178084,0.086,36192,/home/amos/media/tv/homeland/Homeland.S05.1080p.BluRay.x265-RARBG/Homeland.S05E12.1080p.BluRay.x265-RARBG.mp4,5,12,1796960,data/encodings/1796960/1796960_S05E12_36192_0.npy
957,1080,1920,0,469,891,261,683,178084,0.086,36216,/home/amos/media/tv/homeland/Homeland.S05.1080p.BluRay.x265-RARBG/Homeland.S05E12.1080p.BluRay.x265-RARBG.mp4,5,12,1796960,data/encodings/1796960/1796960_S05E12_36216_0.npy
958,1080,1920,0,512,934,261,683,178084,0.086,36240,/home/amos/media/tv/homeland/Homeland.S05.1080p.BluRay.x265-RARBG/Homeland.S05E12.1080p.BluRay.x265-RARBG.mp4,5,12,1796960,data/encodings/1796960/1796960_S05E12_36240_0.npy
959,1080,1920,0,469,891,261,683,178084,0.086,36264,/home/amos/media/tv/homeland/Homeland.S05.1080p.BluRay.x265-RARBG/Homeland.S05E12.1080p.BluRay.x265-RARBG.mp4,5,12,1796960,data/encodings/1796960/1796960_S05E12_36264_0.npy
960,1080,1920,0,1139,1491,244,596,123904,0.06,36288,/home/amos/media/tv/homeland/Homeland.S05.1080p.BluRay.x265-RARBG/Homeland.S05E12.1080p.BluRay.x265-RARBG.mp4,5,12,1796960,data/encodings/1796960/1796960_S05E12_36288_0.npy
961,1080,1920,0,1139,1491,244,596,123904,0.06,36312,/home/amos/media/tv/homeland/Homeland.S05.1080p.BluRay.x265-RARBG/Homeland.S05E12.1080p.BluRay.x265-RARBG.mp4,5,12,1796960,data/encodings/1796960/1796960_S05E12_36312_0.npy
962,1080,1920,0,1139,1491,244,596,123904,0.06,36336,/home/amos/media/tv/homeland/Homeland.S05.1080p.BluRay.x265-RARBG/Homeland.S05E12.1080p.BluRay.x265-RARBG.mp4,5,12,1796960,data/encodings/1796960/1796960_S05E12_36336_0.npy
963,1080,1920,0,1139,1491,244,596,123904,0.06,36360,/home/amos/media/tv/homeland/Homeland.S05.1080p.BluRay.x265-RARBG/Homeland.S05E12.1080p.BluRay.x265-RARBG.mp4,5,12,1796960,data/encodings/1796960/1796960_S05E12_36360_0.npy
964,1080,1920,0,1282,1634,208,560,123904,0.06,36384,/home/amos/media/tv/homeland/Homeland.S05.1080p.BluRay.x265-RARBG/Homeland.S05E12.1080p.BluRay.x265-RARBG.mp4,5,12,1796960,data/encodings/1796960/1796960_S05E12_36384_0.npy
965,1080,1920,0,1239,1662,218,640,178506,0.086,36408,/home/amos/media/tv/homeland/Homeland.S05.1080p.BluRay.x265-RARBG/Homeland.S05E12.1080p.BluRay.x265-RARBG.mp4,5,12,1796960,data/encodings/1796960/1796960_S05E12_36408_0.npy
966,1080,1920,0,512,934,261,683,178084,0.086,36432,/home/amos/media/tv/homeland/Homeland.S05.1080p.BluRay.x265-RARBG/Homeland.S05E12.1080p.BluRay.x265-RARBG.mp4,5,12,1796960,data/encodings/1796960/1796960_S05E12_36432_0.npy
967,1080,1920,0,84,506,261,683,178084,0.086,36480,/home/amos/media/tv/homeland/Homeland.S05.1080p.BluRay.x265-RARBG/Homeland.S05E12.1080p.BluRay.x265-RARBG.mp4,5,12,1796960,data/encodings/1796960/1796960_S05E12_36480_0.npy
968,1080,1920,0,965,1047,395,476,6642,0.003,36504,/home/amos/media/tv/homeland/Homeland.S05.1080p.BluRay.x265-RARBG/Homeland.S05E12.1080p.BluRay.x265-RARBG.mp4,5,12,1796960,data/encodings/1796960/1796960_S05E12_36504_0.npy
969,1080,1920,0,816,898,187,269,6724,0.003,36528,/home/amos/media/tv/homeland/Homeland.S05.1080p.BluRay.x265-RARBG/Homeland.S05E12.1080p.BluRay.x265-RARBG.mp4,5,12,1796960,data/encodings/1796960/1796960_S05E12_36528_0.npy
970,1080,1920,1,990,1072,395,476,6642,0.003,36528,/home/amos/media/tv/homeland/Homeland.S05.1080p.BluRay.x265-RARBG/Homeland.S05E12.1080p.BluRay.x265-RARBG.mp4,5,12,1796960,data/encodings/1796960/1796960_S05E12_36528_1.npy
971,1080,1920,0,905,1003,108,206,9604,0.005,36552,/home/amos/media/tv/homeland/Homeland.S05.1080p.BluRay.x265-RARBG/Homeland.S05E12.1080p.BluRay.x265-RARBG.mp4,5,12,1796960,data/encodings/1796960/1796960_S05E12_36552_0.npy
972,1080,1920,1,1023,1105,403,485,6724,0.003,36552,/home/amos/media/tv/homeland/Homeland.S05.1080p.BluRay.x265-RARBG/Homeland.S05E12.1080p.BluRay.x265-RARBG.mp4,5,12,1796960,data/encodings/1796960/1796960_S05E12_36552_1.npy
973,1080,1920,0,1154,1252,118,216,9604,0.005,36576,/home/amos/media/tv/homeland/Homeland.S05.1080p.BluRay.x265-RARBG/Homeland.S05E12.1080p.BluRay.x265-RARBG.mp4,5,12,1796960,data/encodings/1796960/1796960_S05E12_36576_0.npy
974,1080,1920,0,1243,1342,138,236,9702,0.005,36600,/home/amos/media/tv/homeland/Homeland.S05.1080p.BluRay.x265-RARBG/Homeland.S05E12.1080p.BluRay.x265-RARBG.mp4,5,12,1796960,data/encodings/1796960/1796960_S05E12_36600_0.npy
975,1080,1920,0,1419,1537,148,266,13924,0.007,36624,/home/amos/media/tv/homeland/Homeland.S05.1080p.BluRay.x265-RARBG/Homeland.S05E12.1080p.BluRay.x265-RARBG.mp4,5,12,1796960,data/encodings/1796960/1796960_S05E12_36624_0.npy
976,1080,1920,0,1094,1298,264,468,41616,0.02,36672,/home/amos/media/tv/homeland/Homeland.S05.1080p.BluRay.x265-RARBG/Homeland.S05E12.1080p.BluRay.x265-RARBG.mp4,5,12,1796960,data/encodings/1796960/1796960_S05E12_36672_0.npy
977,1080,1920,0,1053,1257,306,509,41412,0.02,36696,/home/amos/media/tv/homeland/Homeland.S05.1080p.BluRay.x265-RARBG/Homeland.S05E12.1080p.BluRay.x265-RARBG.mp4,5,12,1796960,data/encodings/1796960/1796960_S05E12_36696_0.npy
978,1080,1920,0,1136,1340,202,406,41616,0.02,36720,/home/amos/media/tv/homeland/Homeland.S05.1080p.BluRay.x265-RARBG/Homeland.S05E12.1080p.BluRay.x265-RARBG.mp4,5,12,1796960,data/encodings/1796960/1796960_S05E12_36720_0.npy
979,1080,1920,0,435,679,156,401,59780,0.029,36744,/home/amos/media/tv/homeland/Homeland.S05.1080p.BluRay.x265-RARBG/Homeland.S05E12.1080p.BluRay.x265-RARBG.mp4,5,12,1796960,data/encodings/1796960/1796960_S05E12_36744_0.npy
980,1080,1920,0,393,597,140,344,41616,0.02,36768,/home/amos/media/tv/homeland/Homeland.S05.1080p.BluRay.x265-RARBG/Homeland.S05E12.1080p.BluRay.x265-RARBG.mp4,5,12,1796960,data/encodings/1796960/1796960_S05E12_36768_0.npy
981,1080,1920,0,393,597,140,344,41616,0.02,36792,/home/amos/media/tv/homeland/Homeland.S05.1080p.BluRay.x265-RARBG/Homeland.S05E12.1080p.BluRay.x265-RARBG.mp4,5,12,1796960,data/encodings/1796960/1796960_S05E12_36792_0.npy
982,1080,1920,0,360,605,132,376,59780,0.029,36816,/home/amos/media/tv/homeland/Homeland.S05.1080p.BluRay.x265-RARBG/Homeland.S05E12.1080p.BluRay.x265-RARBG.mp4,5,12,1796960,data/encodings/1796960/1796960_S05E12_36816_0.npy
983,1080,1920,0,1104,1456,279,632,124256,0.06,36840,/home/amos/media/tv/homeland/Homeland.S05.1080p.BluRay.x265-RARBG/Homeland.S05E12.1080p.BluRay.x265-RARBG.mp4,5,12,1796960,data/encodings/1796960/1796960_S05E12_36840_0.npy
984,1080,1920,0,1139,1491,279,632,124256,0.06,36864,/home/amos/media/tv/homeland/Homeland.S05.1080p.BluRay.x265-RARBG/Homeland.S05E12.1080p.BluRay.x265-RARBG.mp4,5,12,1796960,data/encodings/1796960/1796960_S05E12_36864_0.npy
985,1080,1920,0,1139,1491,279,632,124256,0.06,36888,/home/amos/media/tv/homeland/Homeland.S05.1080p.BluRay.x265-RARBG/Homeland.S05E12.1080p.BluRay.x265-RARBG.mp4,5,12,1796960,data/encodings/1796960/1796960_S05E12_36888_0.npy
986,1080,1920,0,1139,1491,279,632,124256,0.06,36912,/home/amos/media/tv/homeland/Homeland.S05.1080p.BluRay.x265-RARBG/Homeland.S05E12.1080p.BluRay.x265-RARBG.mp4,5,12,1796960,data/encodings/1796960/1796960_S05E12_36912_0.npy
987,1080,1920,0,1175,1527,279,632,124256,0.06,36936,/home/amos/media/tv/homeland/Homeland.S05.1080p.BluRay.x265-RARBG/Homeland.S05E12.1080p.BluRay.x265-RARBG.mp4,5,12,1796960,data/encodings/1796960/1796960_S05E12_36936_0.npy
988,1080,1920,0,355,525,181,351,28900,0.014,36960,/home/amos/media/tv/homeland/Homeland.S05.1080p.BluRay.x265-RARBG/Homeland.S05E12.1080p.BluRay.x265-RARBG.mp4,5,12,1796960,data/encodings/1796960/1796960_S05E12_36960_0.npy
989,1080,1920,0,290,493,182,385,41209,0.02,36984,/home/amos/media/tv/homeland/Homeland.S05.1080p.BluRay.x265-RARBG/Homeland.S05E12.1080p.BluRay.x265-RARBG.mp4,5,12,1796960,data/encodings/1796960/1796960_S05E12_36984_0.npy
990,1080,1920,0,290,493,140,344,41412,0.02,37008,/home/amos/media/tv/homeland/Homeland.S05.1080p.BluRay.x265-RARBG/Homeland.S05E12.1080p.BluRay.x265-RARBG.mp4,5,12,1796960,data/encodings/1796960/1796960_S05E12_37008_0.npy
991,1080,1920,0,1282,1634,244,596,123904,0.06,37032,/home/amos/media/tv/homeland/Homeland.S05.1080p.BluRay.x265-RARBG/Homeland.S05E12.1080p.BluRay.x265-RARBG.mp4,5,12,1796960,data/encodings/1796960/1796960_S05E12_37032_0.npy
992,1080,1920,0,1239,1662,218,640,178506,0.086,37056,/home/amos/media/tv/homeland/Homeland.S05.1080p.BluRay.x265-RARBG/Homeland.S05E12.1080p.BluRay.x265-RARBG.mp4,5,12,1796960,data/encodings/1796960/1796960_S05E12_37056_0.npy
993,1080,1920,0,1154,1576,175,598,178506,0.086,37080,/home/amos/media/tv/homeland/Homeland.S05.1080p.BluRay.x265-RARBG/Homeland.S05E12.1080p.BluRay.x265-RARBG.mp4,5,12,1796960,data/encodings/1796960/1796960_S05E12_37080_0.npy
994,1080,1920,0,1154,1576,218,640,178084,0.086,37104,/home/amos/media/tv/homeland/Homeland.S05.1080p.BluRay.x265-RARBG/Homeland.S05E12.1080p.BluRay.x265-RARBG.mp4,5,12,1796960,data/encodings/1796960/1796960_S05E12_37104_0.npy
995,1080,1920,0,1068,1420,244,596,123904,0.06,37128,/home/amos/media/tv/homeland/Homeland.S05.1080p.BluRay.x265-RARBG/Homeland.S05E12.1080p.BluRay.x265-RARBG.mp4,5,12,1796960,data/encodings/1796960/1796960_S05E12_37128_0.npy
996,1080,1920,0,897,1319,218,640,178084,0.086,37152,/home/amos/media/tv/homeland/Homeland.S05.1080p.BluRay.x265-RARBG/Homeland.S05E12.1080p.BluRay.x265-RARBG.mp4,5,12,1796960,data/encodings/1796960/1796960_S05E12_37152_0.npy
997,1080,1920,0,1068,1420,279,632,124256,0.06,37176,/home/amos/media/tv/homeland/Homeland.S05.1080p.BluRay.x265-RARBG/Homeland.S05E12.1080p.BluRay.x265-RARBG.mp4,5,12,1796960,data/encodings/1796960/1796960_S05E12_37176_0.npy
998,1080,1920,0,1104,1456,279,632,124256,0.06,37200,/home/amos/media/tv/homeland/Homeland.S05.1080p.BluRay.x265-RARBG/Homeland.S05E12.1080p.BluRay.x265-RARBG.mp4,5,12,1796960,data/encodings/1796960/1796960_S05E12_37200_0.npy
999,1080,1920,0,1104,1456,279,632,124256,0.06,37224,/home/amos/media/tv/homeland/Homeland.S05.1080p.BluRay.x265-RARBG/Homeland.S05E12.1080p.BluRay.x265-RARBG.mp4,5,12,1796960,data/encodings/1796960/1796960_S05E12_37224_0.npy
1000,1080,1920,0,1104,1456,279,632,124256,0.06,37248,/home/amos/media/tv/homeland/Homeland.S05.1080p.BluRay.x265-RARBG/Homeland.S05E12.1080p.BluRay.x265-RARBG.mp4,5,12,1796960,data/encodings/1796960/1796960_S05E12_37248_0.npy
1001,1080,1920,0,1068,1420,244,596,123904,0.06,37272,/home/amos/media/tv/homeland/Homeland.S05.1080p.BluRay.x265-RARBG/Homeland.S05E12.1080p.BluRay.x265-RARBG.mp4,5,12,1796960,data/encodings/1796960/1796960_S05E12_37272_0.npy
1002,1080,1920,0,1111,1533,175,598,178506,0.086,37296,/home/amos/media/tv/homeland/Homeland.S05.1080p.BluRay.x265-RARBG/Homeland.S05E12.1080p.BluRay.x265-RARBG.mp4,5,12,1796960,data/encodings/1796960/1796960_S05E12_37296_0.npy
1003,1080,1920,0,1068,1420,279,632,124256,0.06,37320,/home/amos/media/tv/homeland/Homeland.S05.1080p.BluRay.x265-RARBG/Homeland.S05E12.1080p.BluRay.x265-RARBG.mp4,5,12,1796960,data/encodings/1796960/1796960_S05E12_37320_0.npy
1004,1080,1920,0,1104,1456,315,667,123904,0.06,37344,/home/amos/media/tv/homeland/Homeland.S05.1080p.BluRay.x265-RARBG/Homeland.S05E12.1080p.BluRay.x265-RARBG.mp4,5,12,1796960,data/encodings/1796960/1796960_S05E12_37344_0.npy
1005,1080,1920,0,385,630,132,376,59780,0.029,37368,/home/amos/media/tv/homeland/Homeland.S05.1080p.BluRay.x265-RARBG/Homeland.S05E12.1080p.BluRay.x265-RARBG.mp4,5,12,1796960,data/encodings/1796960/1796960_S05E12_37368_0.npy
1006,1080,1920,0,434,638,161,365,41616,0.02,37392,/home/amos/media/tv/homeland/Homeland.S05.1080p.BluRay.x265-RARBG/Homeland.S05E12.1080p.BluRay.x265-RARBG.mp4,5,12,1796960,data/encodings/1796960/1796960_S05E12_37392_0.npy
1007,1080,1920,0,1068,1420,208,560,123904,0.06,37416,/home/amos/media/tv/homeland/Homeland.S05.1080p.BluRay.x265-RARBG/Homeland.S05E12.1080p.BluRay.x265-RARBG.mp4,5,12,1796960,data/encodings/1796960/1796960_S05E12_37416_0.npy
1008,1080,1920,0,1068,1420,244,596,123904,0.06,37440,/home/amos/media/tv/homeland/Homeland.S05.1080p.BluRay.x265-RARBG/Homeland.S05E12.1080p.BluRay.x265-RARBG.mp4,5,12,1796960,data/encodings/1796960/1796960_S05E12_37440_0.npy
1009,1080,1920,0,940,1362,218,640,178084,0.086,37464,/home/amos/media/tv/homeland/Homeland.S05.1080p.BluRay.x265-RARBG/Homeland.S05E12.1080p.BluRay.x265-RARBG.mp4,5,12,1796960,data/encodings/1796960/1796960_S05E12_37464_0.npy
1010,1080,1920,0,997,1349,244,596,123904,0.06,37488,/home/amos/media/tv/homeland/Homeland.S05.1080p.BluRay.x265-RARBG/Homeland.S05E12.1080p.BluRay.x265-RARBG.mp4,5,12,1796960,data/encodings/1796960/1796960_S05E12_37488_0.npy
1011,1080,1920,0,1032,1384,244,596,123904,0.06,37512,/home/amos/media/tv/homeland/Homeland.S05.1080p.BluRay.x265-RARBG/Homeland.S05E12.1080p.BluRay.x265-RARBG.mp4,5,12,1796960,data/encodings/1796960/1796960_S05E12_37512_0.npy
1012,1080,1920,0,982,1405,261,683,178506,0.086,37536,/home/amos/media/tv/homeland/Homeland.S05.1080p.BluRay.x265-RARBG/Homeland.S05E12.1080p.BluRay.x265-RARBG.mp4,5,12,1796960,data/encodings/1796960/1796960_S05E12_37536_0.npy
1013,1080,1920,0,261,506,132,376,59780,0.029,37560,/home/amos/media/tv/homeland/Homeland.S05.1080p.BluRay.x265-RARBG/Homeland.S05E12.1080p.BluRay.x265-RARBG.mp4,5,12,1796960,data/encodings/1796960/1796960_S05E12_37560_0.npy
1014,1080,1920,0,269,473,161,365,41616,0.02,37584,/home/amos/media/tv/homeland/Homeland.S05.1080p.BluRay.x265-RARBG/Homeland.S05E12.1080p.BluRay.x265-RARBG.mp4,5,12,1796960,data/encodings/1796960/1796960_S05E12_37584_0.npy
1015,1080,1920,0,1342,1546,120,324,41616,0.02,37608,/home/amos/media/tv/homeland/Homeland.S05.1080p.BluRay.x265-RARBG/Homeland.S05E12.1080p.BluRay.x265-RARBG.mp4,5,12,1796960,data/encodings/1796960/1796960_S05E12_37608_0.npy
1016,1080,1920,0,1178,1422,132,376,59536,0.029,37632,/home/amos/media/tv/homeland/Homeland.S05.1080p.BluRay.x265-RARBG/Homeland.S05E12.1080p.BluRay.x265-RARBG.mp4,5,12,1796960,data/encodings/1796960/1796960_S05E12_37632_0.npy
1017,1080,1920,0,1198,1401,223,427,41412,0.02,37656,/home/amos/media/tv/homeland/Homeland.S05.1080p.BluRay.x265-RARBG/Homeland.S05E12.1080p.BluRay.x265-RARBG.mp4,5,12,1796960,data/encodings/1796960/1796960_S05E12_37656_0.npy
1018,1080,1920,0,1153,1397,181,426,59780,0.029,37680,/home/amos/media/tv/homeland/Homeland.S05.1080p.BluRay.x265-RARBG/Homeland.S05E12.1080p.BluRay.x265-RARBG.mp4,5,12,1796960,data/encodings/1796960/1796960_S05E12_37680_0.npy
1019,1080,1920,0,858,939,428,510,6642,0.003,37704,/home/amos/media/tv/homeland/Homeland.S05.1080p.BluRay.x265-RARBG/Homeland.S05E12.1080p.BluRay.x265-RARBG.mp4,5,12,1796960,data/encodings/1796960/1796960_S05E12_37704_0.npy
1020,1080,1920,0,1260,1463,182,385,41209,0.02,37752,/home/amos/media/tv/homeland/Homeland.S05.1080p.BluRay.x265-RARBG/Homeland.S05E12.1080p.BluRay.x265-RARBG.mp4,5,12,1796960,data/encodings/1796960/1796960_S05E12_37752_0.npy
1021,1080,1920,0,1198,1401,223,427,41412,0.02,37776,/home/amos/media/tv/homeland/Homeland.S05.1080p.BluRay.x265-RARBG/Homeland.S05E12.1080p.BluRay.x265-RARBG.mp4,5,12,1796960,data/encodings/1796960/1796960_S05E12_37776_0.npy
1022,1080,1920,0,1178,1422,156,401,59780,0.029,37800,/home/amos/media/tv/homeland/Homeland.S05.1080p.BluRay.x265-RARBG/Homeland.S05E12.1080p.BluRay.x265-RARBG.mp4,5,12,1796960,data/encodings/1796960/1796960_S05E12_37800_0.npy
1023,1080,1920,0,1103,1348,132,376,59780,0.029,37824,/home/amos/media/tv/homeland/Homeland.S05.1080p.BluRay.x265-RARBG/Homeland.S05E12.1080p.BluRay.x265-RARBG.mp4,5,12,1796960,data/encodings/1796960/1796960_S05E12_37824_0.npy
1024,1080,1920,0,441,611,164,334,28900,0.014,37848,/home/amos/media/tv/homeland/Homeland.S05.1080p.BluRay.x265-RARBG/Homeland.S05E12.1080p.BluRay.x265-RARBG.mp4,5,12,1796960,data/encodings/1796960/1796960_S05E12_37848_0.npy
1025,1080,1920,0,413,617,223,427,41616,0.02,37872,/home/amos/media/tv/homeland/Homeland.S05.1080p.BluRay.x265-RARBG/Homeland.S05E12.1080p.BluRay.x265-RARBG.mp4,5,12,1796960,data/encodings/1796960/1796960_S05E12_37872_0.npy
1026,1080,1920,0,475,679,37,241,41616,0.02,37896,/home/amos/media/tv/homeland/Homeland.S05.1080p.BluRay.x265-RARBG/Homeland.S05E12.1080p.BluRay.x265-RARBG.mp4,5,12,1796960,data/encodings/1796960/1796960_S05E12_37896_0.npy
1027,1080,1920,0,961,1313,208,560,123904,0.06,37920,/home/amos/media/tv/homeland/Homeland.S05.1080p.BluRay.x265-RARBG/Homeland.S05E12.1080p.BluRay.x265-RARBG.mp4,5,12,1796960,data/encodings/1796960/1796960_S05E12_37920_0.npy
1028,1080,1920,0,854,1277,175,598,178929,0.086,37944,/home/amos/media/tv/homeland/Homeland.S05.1080p.BluRay.x265-RARBG/Homeland.S05E12.1080p.BluRay.x265-RARBG.mp4,5,12,1796960,data/encodings/1796960/1796960_S05E12_37944_0.npy
1029,1080,1920,0,726,1148,218,640,178084,0.086,37968,/home/amos/media/tv/homeland/Homeland.S05.1080p.BluRay.x265-RARBG/Homeland.S05E12.1080p.BluRay.x265-RARBG.mp4,5,12,1796960,data/encodings/1796960/1796960_S05E12_37968_0.npy
1030,1080,1920,0,597,1020,261,683,178506,0.086,37992,/home/amos/media/tv/homeland/Homeland.S05.1080p.BluRay.x265-RARBG/Homeland.S05E12.1080p.BluRay.x265-RARBG.mp4,5,12,1796960,data/encodings/1796960/1796960_S05E12_37992_0.npy
1031,1080,1920,0,897,1404,262,769,257049,0.124,38016,/home/amos/media/tv/homeland/Homeland.S05.1080p.BluRay.x265-RARBG/Homeland.S05E12.1080p.BluRay.x265-RARBG.mp4,5,12,1796960,data/encodings/1796960/1796960_S05E12_38016_0.npy
1032,1080,1920,0,897,1404,159,666,257049,0.124,38040,/home/amos/media/tv/homeland/Homeland.S05.1080p.BluRay.x265-RARBG/Homeland.S05E12.1080p.BluRay.x265-RARBG.mp4,5,12,1796960,data/encodings/1796960/1796960_S05E12_38040_0.npy
1033,1080,1920,0,940,1362,175,598,178506,0.086,38064,/home/amos/media/tv/homeland/Homeland.S05.1080p.BluRay.x265-RARBG/Homeland.S05E12.1080p.BluRay.x265-RARBG.mp4,5,12,1796960,data/encodings/1796960/1796960_S05E12_38064_0.npy
1034,1080,1920,0,426,849,218,640,178506,0.086,38088,/home/amos/media/tv/homeland/Homeland.S05.1080p.BluRay.x265-RARBG/Homeland.S05E12.1080p.BluRay.x265-RARBG.mp4,5,12,1796960,data/encodings/1796960/1796960_S05E12_38088_0.npy
1035,1080,1920,0,340,763,261,683,178506,0.086,38112,/home/amos/media/tv/homeland/Homeland.S05.1080p.BluRay.x265-RARBG/Homeland.S05E12.1080p.BluRay.x265-RARBG.mp4,5,12,1796960,data/encodings/1796960/1796960_S05E12_38112_0.npy
1036,1080,1920,0,383,806,261,683,178506,0.086,38136,/home/amos/media/tv/homeland/Homeland.S05.1080p.BluRay.x265-RARBG/Homeland.S05E12.1080p.BluRay.x265-RARBG.mp4,5,12,1796960,data/encodings/1796960/1796960_S05E12_38136_0.npy
1037,1080,1920,0,940,1362,218,640,178084,0.086,38160,/home/amos/media/tv/homeland/Homeland.S05.1080p.BluRay.x265-RARBG/Homeland.S05E12.1080p.BluRay.x265-RARBG.mp4,5,12,1796960,data/encodings/1796960/1796960_S05E12_38160_0.npy
1038,1080,1920,0,982,1405,218,640,178506,0.086,38184,/home/amos/media/tv/homeland/Homeland.S05.1080p.BluRay.x265-RARBG/Homeland.S05E12.1080p.BluRay.x265-RARBG.mp4,5,12,1796960,data/encodings/1796960/1796960_S05E12_38184_0.npy
1039,1080,1920,0,854,1277,175,598,178929,0.086,38208,/home/amos/media/tv/homeland/Homeland.S05.1080p.BluRay.x265-RARBG/Homeland.S05E12.1080p.BluRay.x265-RARBG.mp4,5,12,1796960,data/encodings/1796960/1796960_S05E12_38208_0.npy
1040,1080,1920,0,1025,1448,218,640,178506,0.086,38232,/home/amos/media/tv/homeland/Homeland.S05.1080p.BluRay.x265-RARBG/Homeland.S05E12.1080p.BluRay.x265-RARBG.mp4,5,12,1796960,data/encodings/1796960/1796960_S05E12_38232_0.npy
1041,1080,1920,0,512,934,218,640,178084,0.086,38256,/home/amos/media/tv/homeland/Homeland.S05.1080p.BluRay.x265-RARBG/Homeland.S05E12.1080p.BluRay.x265-RARBG.mp4,5,12,1796960,data/encodings/1796960/1796960_S05E12_38256_0.npy
1042,1080,1920,0,512,934,261,683,178084,0.086,38280,/home/amos/media/tv/homeland/Homeland.S05.1080p.BluRay.x265-RARBG/Homeland.S05E12.1080p.BluRay.x265-RARBG.mp4,5,12,1796960,data/encodings/1796960/1796960_S05E12_38280_0.npy
1043,1080,1920,0,426,849,218,640,178506,0.086,38304,/home/amos/media/tv/homeland/Homeland.S05.1080p.BluRay.x265-RARBG/Homeland.S05E12.1080p.BluRay.x265-RARBG.mp4,5,12,1796960,data/encodings/1796960/1796960_S05E12_38304_0.npy
1044,1080,1920,0,383,806,218,640,178506,0.086,38328,/home/amos/media/tv/homeland/Homeland.S05.1080p.BluRay.x265-RARBG/Homeland.S05E12.1080p.BluRay.x265-RARBG.mp4,5,12,1796960,data/encodings/1796960/1796960_S05E12_38328_0.npy
1045,1080,1920,0,897,1319,175,598,178506,0.086,38352,/home/amos/media/tv/homeland/Homeland.S05.1080p.BluRay.x265-RARBG/Homeland.S05E12.1080p.BluRay.x265-RARBG.mp4,5,12,1796960,data/encodings/1796960/1796960_S05E12_38352_0.npy
1046,1080,1920,0,897,1319,175,598,178506,0.086,38376,/home/amos/media/tv/homeland/Homeland.S05.1080p.BluRay.x265-RARBG/Homeland.S05E12.1080p.BluRay.x265-RARBG.mp4,5,12,1796960,data/encodings/1796960/1796960_S05E12_38376_0.npy
1047,1080,1920,0,897,1319,175,598,178506,0.086,38400,/home/amos/media/tv/homeland/Homeland.S05.1080p.BluRay.x265-RARBG/Homeland.S05E12.1080p.BluRay.x265-RARBG.mp4,5,12,1796960,data/encodings/1796960/1796960_S05E12_38400_0.npy
1048,1080,1920,0,897,1319,175,598,178506,0.086,38424,/home/amos/media/tv/homeland/Homeland.S05.1080p.BluRay.x265-RARBG/Homeland.S05E12.1080p.BluRay.x265-RARBG.mp4,5,12,1796960,data/encodings/1796960/1796960_S05E12_38424_0.npy
1049,1080,1920,0,469,891,261,683,178084,0.086,38448,/home/amos/media/tv/homeland/Homeland.S05.1080p.BluRay.x265-RARBG/Homeland.S05E12.1080p.BluRay.x265-RARBG.mp4,5,12,1796960,data/encodings/1796960/1796960_S05E12_38448_0.npy
1050,1080,1920,0,997,1349,172,525,124256,0.06,38472,/home/amos/media/tv/homeland/Homeland.S05.1080p.BluRay.x265-RARBG/Homeland.S05E12.1080p.BluRay.x265-RARBG.mp4,5,12,1796960,data/encodings/1796960/1796960_S05E12_38472_0.npy
1051,1080,1920,0,940,1362,175,598,178506,0.086,38496,/home/amos/media/tv/homeland/Homeland.S05.1080p.BluRay.x265-RARBG/Homeland.S05E12.1080p.BluRay.x265-RARBG.mp4,5,12,1796960,data/encodings/1796960/1796960_S05E12_38496_0.npy
1052,1080,1920,0,1032,1384,244,596,123904,0.06,38520,/home/amos/media/tv/homeland/Homeland.S05.1080p.BluRay.x265-RARBG/Homeland.S05E12.1080p.BluRay.x265-RARBG.mp4,5,12,1796960,data/encodings/1796960/1796960_S05E12_38520_0.npy
1053,1080,1920,0,526,819,166,459,85849,0.041,38544,/home/amos/media/tv/homeland/Homeland.S05.1080p.BluRay.x265-RARBG/Homeland.S05E12.1080p.BluRay.x265-RARBG.mp4,5,12,1796960,data/encodings/1796960/1796960_S05E12_38544_0.npy
1054,1080,1920,0,462,814,137,489,123904,0.06,38568,/home/amos/media/tv/homeland/Homeland.S05.1080p.BluRay.x265-RARBG/Homeland.S05E12.1080p.BluRay.x265-RARBG.mp4,5,12,1796960,data/encodings/1796960/1796960_S05E12_38568_0.npy
1055,1080,1920,0,436,730,166,459,86142,0.042,38592,/home/amos/media/tv/homeland/Homeland.S05.1080p.BluRay.x265-RARBG/Homeland.S05E12.1080p.BluRay.x265-RARBG.mp4,5,12,1796960,data/encodings/1796960/1796960_S05E12_38592_0.npy
1056,1080,1920,0,526,819,166,459,85849,0.041,38616,/home/amos/media/tv/homeland/Homeland.S05.1080p.BluRay.x265-RARBG/Homeland.S05E12.1080p.BluRay.x265-RARBG.mp4,5,12,1796960,data/encodings/1796960/1796960_S05E12_38616_0.npy
1057,1080,1920,0,585,878,166,459,85849,0.041,38640,/home/amos/media/tv/homeland/Homeland.S05.1080p.BluRay.x265-RARBG/Homeland.S05E12.1080p.BluRay.x265-RARBG.mp4,5,12,1796960,data/encodings/1796960/1796960_S05E12_38640_0.npy
1058,1080,1920,0,940,1362,218,640,178084,0.086,38664,/home/amos/media/tv/homeland/Homeland.S05.1080p.BluRay.x265-RARBG/Homeland.S05E12.1080p.BluRay.x265-RARBG.mp4,5,12,1796960,data/encodings/1796960/1796960_S05E12_38664_0.npy
1059,1080,1920,0,948,1455,210,717,257049,0.124,38688,/home/amos/media/tv/homeland/Homeland.S05.1080p.BluRay.x265-RARBG/Homeland.S05E12.1080p.BluRay.x265-RARBG.mp4,5,12,1796960,data/encodings/1796960/1796960_S05E12_38688_0.npy
1060,1080,1920,0,1025,1448,218,640,178506,0.086,38712,/home/amos/media/tv/homeland/Homeland.S05.1080p.BluRay.x265-RARBG/Homeland.S05E12.1080p.BluRay.x265-RARBG.mp4,5,12,1796960,data/encodings/1796960/1796960_S05E12_38712_0.npy
1061,1080,1920,0,982,1405,261,683,178506,0.086,38736,/home/amos/media/tv/homeland/Homeland.S05.1080p.BluRay.x265-RARBG/Homeland.S05E12.1080p.BluRay.x265-RARBG.mp4,5,12,1796960,data/encodings/1796960/1796960_S05E12_38736_0.npy
1062,1080,1920,0,940,1362,303,726,178506,0.086,38760,/home/amos/media/tv/homeland/Homeland.S05.1080p.BluRay.x265-RARBG/Homeland.S05E12.1080p.BluRay.x265-RARBG.mp4,5,12,1796960,data/encodings/1796960/1796960_S05E12_38760_0.npy
1063,1080,1920,0,512,934,261,683,178084,0.086,38784,/home/amos/media/tv/homeland/Homeland.S05.1080p.BluRay.x265-RARBG/Homeland.S05E12.1080p.BluRay.x265-RARBG.mp4,5,12,1796960,data/encodings/1796960/1796960_S05E12_38784_0.npy
1064,1080,1920,0,469,891,261,683,178084,0.086,38808,/home/amos/media/tv/homeland/Homeland.S05.1080p.BluRay.x265-RARBG/Homeland.S05E12.1080p.BluRay.x265-RARBG.mp4,5,12,1796960,data/encodings/1796960/1796960_S05E12_38808_0.npy
1065,1080,1920,0,982,1405,346,769,178929,0.086,38832,/home/amos/media/tv/homeland/Homeland.S05.1080p.BluRay.x265-RARBG/Homeland.S05E12.1080p.BluRay.x265-RARBG.mp4,5,12,1796960,data/encodings/1796960/1796960_S05E12_38832_0.npy
1066,1080,1920,0,897,1404,210,717,257049,0.124,38856,/home/amos/media/tv/homeland/Homeland.S05.1080p.BluRay.x265-RARBG/Homeland.S05E12.1080p.BluRay.x265-RARBG.mp4,5,12,1796960,data/encodings/1796960/1796960_S05E12_38856_0.npy
1067,1080,1920,0,426,849,261,683,178506,0.086,38880,/home/amos/media/tv/homeland/Homeland.S05.1080p.BluRay.x265-RARBG/Homeland.S05E12.1080p.BluRay.x265-RARBG.mp4,5,12,1796960,data/encodings/1796960/1796960_S05E12_38880_0.npy
1068,1080,1920,0,469,891,218,640,178084,0.086,38904,/home/amos/media/tv/homeland/Homeland.S05.1080p.BluRay.x265-RARBG/Homeland.S05E12.1080p.BluRay.x265-RARBG.mp4,5,12,1796960,data/encodings/1796960/1796960_S05E12_38904_0.npy
1069,1080,1920,0,469,891,218,640,178084,0.086,38928,/home/amos/media/tv/homeland/Homeland.S05.1080p.BluRay.x265-RARBG/Homeland.S05E12.1080p.BluRay.x265-RARBG.mp4,5,12,1796960,data/encodings/1796960/1796960_S05E12_38928_0.npy
1070,1080,1920,0,948,1455,210,717,257049,0.124,38952,/home/amos/media/tv/homeland/Homeland.S05.1080p.BluRay.x265-RARBG/Homeland.S05E12.1080p.BluRay.x265-RARBG.mp4,5,12,1796960,data/encodings/1796960/1796960_S05E12_38952_0.npy
1071,1080,1920,0,948,1455,210,717,257049,0.124,38976,/home/amos/media/tv/homeland/Homeland.S05.1080p.BluRay.x265-RARBG/Homeland.S05E12.1080p.BluRay.x265-RARBG.mp4,5,12,1796960,data/encodings/1796960/1796960_S05E12_38976_0.npy
1072,1080,1920,0,1025,1448,218,640,178506,0.086,39000,/home/amos/media/tv/homeland/Homeland.S05.1080p.BluRay.x265-RARBG/Homeland.S05E12.1080p.BluRay.x265-RARBG.mp4,5,12,1796960,data/encodings/1796960/1796960_S05E12_39000_0.npy
1073,1080,1920,0,426,849,175,598,178929,0.086,39024,/home/amos/media/tv/homeland/Homeland.S05.1080p.BluRay.x265-RARBG/Homeland.S05E12.1080p.BluRay.x265-RARBG.mp4,5,12,1796960,data/encodings/1796960/1796960_S05E12_39024_0.npy
1074,1080,1920,0,469,891,218,640,178084,0.086,39048,/home/amos/media/tv/homeland/Homeland.S05.1080p.BluRay.x265-RARBG/Homeland.S05E12.1080p.BluRay.x265-RARBG.mp4,5,12,1796960,data/encodings/1796960/1796960_S05E12_39048_0.npy
1075,1080,1920,0,469,891,218,640,178084,0.086,39072,/home/amos/media/tv/homeland/Homeland.S05.1080p.BluRay.x265-RARBG/Homeland.S05E12.1080p.BluRay.x265-RARBG.mp4,5,12,1796960,data/encodings/1796960/1796960_S05E12_39072_0.npy
1076,1080,1920,0,469,891,261,683,178084,0.086,39096,/home/amos/media/tv/homeland/Homeland.S05.1080p.BluRay.x265-RARBG/Homeland.S05E12.1080p.BluRay.x265-RARBG.mp4,5,12,1796960,data/encodings/1796960/1796960_S05E12_39096_0.npy
1077,1080,1920,0,940,1362,218,640,178084,0.086,39120,/home/amos/media/tv/homeland/Homeland.S05.1080p.BluRay.x265-RARBG/Homeland.S05E12.1080p.BluRay.x265-RARBG.mp4,5,12,1796960,data/encodings/1796960/1796960_S05E12_39120_0.npy
1078,1080,1920,0,982,1405,218,640,178506,0.086,39144,/home/amos/media/tv/homeland/Homeland.S05.1080p.BluRay.x265-RARBG/Homeland.S05E12.1080p.BluRay.x265-RARBG.mp4,5,12,1796960,data/encodings/1796960/1796960_S05E12_39144_0.npy
1079,1080,1920,0,897,1404,210,717,257049,0.124,39168,/home/amos/media/tv/homeland/Homeland.S05.1080p.BluRay.x265-RARBG/Homeland.S05E12.1080p.BluRay.x265-RARBG.mp4,5,12,1796960,data/encodings/1796960/1796960_S05E12_39168_0.npy
1080,1080,1920,0,982,1405,261,683,178506,0.086,39192,/home/amos/media/tv/homeland/Homeland.S05.1080p.BluRay.x265-RARBG/Homeland.S05E12.1080p.BluRay.x265-RARBG.mp4,5,12,1796960,data/encodings/1796960/1796960_S05E12_39192_0.npy
1081,1080,1920,0,512,934,261,683,178084,0.086,39216,/home/amos/media/tv/homeland/Homeland.S05.1080p.BluRay.x265-RARBG/Homeland.S05E12.1080p.BluRay.x265-RARBG.mp4,5,12,1796960,data/encodings/1796960/1796960_S05E12_39216_0.npy
1082,1080,1920,0,854,1277,175,598,178929,0.086,39240,/home/amos/media/tv/homeland/Homeland.S05.1080p.BluRay.x265-RARBG/Homeland.S05E12.1080p.BluRay.x265-RARBG.mp4,5,12,1796960,data/encodings/1796960/1796960_S05E12_39240_0.npy
1083,1080,1920,0,743,1250,159,666,257049,0.124,39264,/home/amos/media/tv/homeland/Homeland.S05.1080p.BluRay.x265-RARBG/Homeland.S05E12.1080p.BluRay.x265-RARBG.mp4,5,12,1796960,data/encodings/1796960/1796960_S05E12_39264_0.npy
1084,1080,1920,0,555,849,195,489,86436,0.042,39288,/home/amos/media/tv/homeland/Homeland.S05.1080p.BluRay.x265-RARBG/Homeland.S05E12.1080p.BluRay.x265-RARBG.mp4,5,12,1796960,data/encodings/1796960/1796960_S05E12_39288_0.npy
1085,1080,1920,0,1308,1815,210,717,257049,0.124,39312,/home/amos/media/tv/homeland/Homeland.S05.1080p.BluRay.x265-RARBG/Homeland.S05E12.1080p.BluRay.x265-RARBG.mp4,5,12,1796960,data/encodings/1796960/1796960_S05E12_39312_0.npy
1086,1080,1920,0,852,1146,255,548,86142,0.042,39384,/home/amos/media/tv/homeland/Homeland.S05.1080p.BluRay.x265-RARBG/Homeland.S05E12.1080p.BluRay.x265-RARBG.mp4,5,12,1796960,data/encodings/1796960/1796960_S05E12_39384_0.npy
1087,1080,1920,0,997,1349,172,525,124256,0.06,39408,/home/amos/media/tv/homeland/Homeland.S05.1080p.BluRay.x265-RARBG/Homeland.S05E12.1080p.BluRay.x265-RARBG.mp4,5,12,1796960,data/encodings/1796960/1796960_S05E12_39408_0.npy
1088,1080,1920,0,811,1234,175,598,178929,0.086,39432,/home/amos/media/tv/homeland/Homeland.S05.1080p.BluRay.x265-RARBG/Homeland.S05E12.1080p.BluRay.x265-RARBG.mp4,5,12,1796960,data/encodings/1796960/1796960_S05E12_39432_0.npy
1089,1080,1920,0,854,1277,175,598,178929,0.086,39456,/home/amos/media/tv/homeland/Homeland.S05.1080p.BluRay.x265-RARBG/Homeland.S05E12.1080p.BluRay.x265-RARBG.mp4,5,12,1796960,data/encodings/1796960/1796960_S05E12_39456_0.npy
1090,1080,1920,0,509,753,231,475,59536,0.029,39480,/home/amos/media/tv/homeland/Homeland.S05.1080p.BluRay.x265-RARBG/Homeland.S05E12.1080p.BluRay.x265-RARBG.mp4,5,12,1796960,data/encodings/1796960/1796960_S05E12_39480_0.npy
1091,1080,1920,0,335,580,206,450,59780,0.029,39504,/home/amos/media/tv/homeland/Homeland.S05.1080p.BluRay.x265-RARBG/Homeland.S05E12.1080p.BluRay.x265-RARBG.mp4,5,12,1796960,data/encodings/1796960/1796960_S05E12_39504_0.npy
1092,1080,1920,0,228,522,225,519,86436,0.042,39528,/home/amos/media/tv/homeland/Homeland.S05.1080p.BluRay.x265-RARBG/Homeland.S05E12.1080p.BluRay.x265-RARBG.mp4,5,12,1796960,data/encodings/1796960/1796960_S05E12_39528_0.npy
1093,1080,1920,0,1025,1448,175,598,178929,0.086,39552,/home/amos/media/tv/homeland/Homeland.S05.1080p.BluRay.x265-RARBG/Homeland.S05E12.1080p.BluRay.x265-RARBG.mp4,5,12,1796960,data/encodings/1796960/1796960_S05E12_39552_0.npy
1094,1080,1920,0,948,1455,159,666,257049,0.124,39576,/home/amos/media/tv/homeland/Homeland.S05.1080p.BluRay.x265-RARBG/Homeland.S05E12.1080p.BluRay.x265-RARBG.mp4,5,12,1796960,data/encodings/1796960/1796960_S05E12_39576_0.npy
1095,1080,1920,0,982,1405,175,598,178929,0.086,39600,/home/amos/media/tv/homeland/Homeland.S05.1080p.BluRay.x265-RARBG/Homeland.S05E12.1080p.BluRay.x265-RARBG.mp4,5,12,1796960,data/encodings/1796960/1796960_S05E12_39600_0.npy
1096,1080,1920,0,897,1404,159,666,257049,0.124,39624,/home/amos/media/tv/homeland/Homeland.S05.1080p.BluRay.x265-RARBG/Homeland.S05E12.1080p.BluRay.x265-RARBG.mp4,5,12,1796960,data/encodings/1796960/1796960_S05E12_39624_0.npy
1097,1080,1920,0,940,1362,175,598,178506,0.086,39648,/home/amos/media/tv/homeland/Homeland.S05.1080p.BluRay.x265-RARBG/Homeland.S05E12.1080p.BluRay.x265-RARBG.mp4,5,12,1796960,data/encodings/1796960/1796960_S05E12_39648_0.npy
1098,1080,1920,0,435,679,330,574,59536,0.029,39672,/home/amos/media/tv/homeland/Homeland.S05.1080p.BluRay.x265-RARBG/Homeland.S05E12.1080p.BluRay.x265-RARBG.mp4,5,12,1796960,data/encodings/1796960/1796960_S05E12_39672_0.npy
1099,1080,1920,0,526,819,225,519,86142,0.042,39696,/home/amos/media/tv/homeland/Homeland.S05.1080p.BluRay.x265-RARBG/Homeland.S05E12.1080p.BluRay.x265-RARBG.mp4,5,12,1796960,data/encodings/1796960/1796960_S05E12_39696_0.npy
1100,1080,1920,0,426,849,175,598,178929,0.086,39720,/home/amos/media/tv/homeland/Homeland.S05.1080p.BluRay.x265-RARBG/Homeland.S05E12.1080p.BluRay.x265-RARBG.mp4,5,12,1796960,data/encodings/1796960/1796960_S05E12_39720_0.npy
1101,1080,1920,0,1154,1576,218,640,178084,0.086,39744,/home/amos/media/tv/homeland/Homeland.S05.1080p.BluRay.x265-RARBG/Homeland.S05E12.1080p.BluRay.x265-RARBG.mp4,5,12,1796960,data/encodings/1796960/1796960_S05E12_39744_0.npy
1102,1080,1920,0,445,1053,99,707,369664,0.178,39816,/home/amos/media/tv/homeland/Homeland.S05.1080p.BluRay.x265-RARBG/Homeland.S05E12.1080p.BluRay.x265-RARBG.mp4,5,12,1796960,data/encodings/1796960/1796960_S05E12_39816_0.npy
1103,1080,1920,0,445,1053,99,707,369664,0.178,39840,/home/amos/media/tv/homeland/Homeland.S05.1080p.BluRay.x265-RARBG/Homeland.S05E12.1080p.BluRay.x265-RARBG.mp4,5,12,1796960,data/encodings/1796960/1796960_S05E12_39840_0.npy
1104,1080,1920,0,445,1053,160,769,370272,0.179,39864,/home/amos/media/tv/homeland/Homeland.S05.1080p.BluRay.x265-RARBG/Homeland.S05E12.1080p.BluRay.x265-RARBG.mp4,5,12,1796960,data/encodings/1796960/1796960_S05E12_39864_0.npy
1105,1080,1920,0,445,1053,160,769,370272,0.179,39888,/home/amos/media/tv/homeland/Homeland.S05.1080p.BluRay.x265-RARBG/Homeland.S05E12.1080p.BluRay.x265-RARBG.mp4,5,12,1796960,data/encodings/1796960/1796960_S05E12_39888_0.npy
1106,1080,1920,0,445,1053,160,769,370272,0.179,39912,/home/amos/media/tv/homeland/Homeland.S05.1080p.BluRay.x265-RARBG/Homeland.S05E12.1080p.BluRay.x265-RARBG.mp4,5,12,1796960,data/encodings/1796960/1796960_S05E12_39912_0.npy
1107,1080,1920,0,888,1030,570,712,20164,0.01,39984,/home/amos/media/tv/homeland/Homeland.S05.1080p.BluRay.x265-RARBG/Homeland.S05E12.1080p.BluRay.x265-RARBG.mp4,5,12,1796960,data/encodings/1796960/1796960_S05E12_39984_0.npy
1108,1080,1920,0,764,968,347,551,41616,0.02,40032,/home/amos/media/tv/homeland/Homeland.S05.1080p.BluRay.x265-RARBG/Homeland.S05E12.1080p.BluRay.x265-RARBG.mp4,5,12,1796960,data/encodings/1796960/1796960_S05E12_40032_0.npy
1109,1080,1920,0,707,952,181,426,60025,0.029,40056,/home/amos/media/tv/homeland/Homeland.S05.1080p.BluRay.x265-RARBG/Homeland.S05E12.1080p.BluRay.x265-RARBG.mp4,5,12,1796960,data/encodings/1796960/1796960_S05E12_40056_0.npy
1110,1080,1920,0,734,1027,166,459,85849,0.041,40080,/home/amos/media/tv/homeland/Homeland.S05.1080p.BluRay.x265-RARBG/Homeland.S05E12.1080p.BluRay.x265-RARBG.mp4,5,12,1796960,data/encodings/1796960/1796960_S05E12_40080_0.npy
1111,1080,1920,0,747,1099,279,632,124256,0.06,40128,/home/amos/media/tv/homeland/Homeland.S05.1080p.BluRay.x265-RARBG/Homeland.S05E12.1080p.BluRay.x265-RARBG.mp4,5,12,1796960,data/encodings/1796960/1796960_S05E12_40128_0.npy
1112,1080,1920,0,971,1265,195,489,86436,0.042,40152,/home/amos/media/tv/homeland/Homeland.S05.1080p.BluRay.x265-RARBG/Homeland.S05E12.1080p.BluRay.x265-RARBG.mp4,5,12,1796960,data/encodings/1796960/1796960_S05E12_40152_0.npy
1113,1080,1920,0,1001,1295,195,489,86436,0.042,40176,/home/amos/media/tv/homeland/Homeland.S05.1080p.BluRay.x265-RARBG/Homeland.S05E12.1080p.BluRay.x265-RARBG.mp4,5,12,1796960,data/encodings/1796960/1796960_S05E12_40176_0.npy
1114,1080,1920,0,1001,1295,255,548,86142,0.042,40200,/home/amos/media/tv/homeland/Homeland.S05.1080p.BluRay.x265-RARBG/Homeland.S05E12.1080p.BluRay.x265-RARBG.mp4,5,12,1796960,data/encodings/1796960/1796960_S05E12_40200_0.npy
1115,1080,1920,0,1032,1384,279,632,124256,0.06,40224,/home/amos/media/tv/homeland/Homeland.S05.1080p.BluRay.x265-RARBG/Homeland.S05E12.1080p.BluRay.x265-RARBG.mp4,5,12,1796960,data/encodings/1796960/1796960_S05E12_40224_0.npy
1116,1080,1920,0,961,1313,244,596,123904,0.06,40464,/home/amos/media/tv/homeland/Homeland.S05.1080p.BluRay.x265-RARBG/Homeland.S05E12.1080p.BluRay.x265-RARBG.mp4,5,12,1796960,data/encodings/1796960/1796960_S05E12_40464_0.npy
1117,1080,1920,0,1104,1456,208,560,123904,0.06,40488,/home/amos/media/tv/homeland/Homeland.S05.1080p.BluRay.x265-RARBG/Homeland.S05E12.1080p.BluRay.x265-RARBG.mp4,5,12,1796960,data/encodings/1796960/1796960_S05E12_40488_0.npy
1118,1080,1920,0,930,1174,330,574,59536,0.029,40512,/home/amos/media/tv/homeland/Homeland.S05.1080p.BluRay.x265-RARBG/Homeland.S05E12.1080p.BluRay.x265-RARBG.mp4,5,12,1796960,data/encodings/1796960/1796960_S05E12_40512_0.npy
1119,1080,1920,0,355,707,137,489,123904,0.06,40560,/home/amos/media/tv/homeland/Homeland.S05.1080p.BluRay.x265-RARBG/Homeland.S05E12.1080p.BluRay.x265-RARBG.mp4,5,12,1796960,data/encodings/1796960/1796960_S05E12_40560_0.npy
1120,1080,1920,0,1067,1135,228,297,4692,0.002,40656,/home/amos/media/tv/homeland/Homeland.S05.1080p.BluRay.x265-RARBG/Homeland.S05E12.1080p.BluRay.x265-RARBG.mp4,5,12,1796960,data/encodings/1796960/1796960_S05E12_40656_0.npy
1121,1080,1920,0,816,898,254,335,6642,0.003,40680,/home/amos/media/tv/homeland/Homeland.S05.1080p.BluRay.x265-RARBG/Homeland.S05E12.1080p.BluRay.x265-RARBG.mp4,5,12,1796960,data/encodings/1796960/1796960_S05E12_40680_0.npy
1122,1080,1920,0,466,760,166,459,86142,0.042,40704,/home/amos/media/tv/homeland/Homeland.S05.1080p.BluRay.x265-RARBG/Homeland.S05E12.1080p.BluRay.x265-RARBG.mp4,5,12,1796960,data/encodings/1796960/1796960_S05E12_40704_0.npy
1123,1080,1920,0,319,671,172,525,124256,0.06,40728,/home/amos/media/tv/homeland/Homeland.S05.1080p.BluRay.x265-RARBG/Homeland.S05E12.1080p.BluRay.x265-RARBG.mp4,5,12,1796960,data/encodings/1796960/1796960_S05E12_40728_0.npy
1124,1080,1920,0,569,921,172,525,124256,0.06,40752,/home/amos/media/tv/homeland/Homeland.S05.1080p.BluRay.x265-RARBG/Homeland.S05E12.1080p.BluRay.x265-RARBG.mp4,5,12,1796960,data/encodings/1796960/1796960_S05E12_40752_0.npy
1125,1080,1920,0,1060,1230,250,420,28900,0.014,40776,/home/amos/media/tv/homeland/Homeland.S05.1080p.BluRay.x265-RARBG/Homeland.S05E12.1080p.BluRay.x265-RARBG.mp4,5,12,1796960,data/encodings/1796960/1796960_S05E12_40776_0.npy
1126,1080,1920,0,905,1150,231,475,59780,0.029,40800,/home/amos/media/tv/homeland/Homeland.S05.1080p.BluRay.x265-RARBG/Homeland.S05E12.1080p.BluRay.x265-RARBG.mp4,5,12,1796960,data/encodings/1796960/1796960_S05E12_40800_0.npy
1127,1080,1920,0,583,828,231,475,59780,0.029,40848,/home/amos/media/tv/homeland/Homeland.S05.1080p.BluRay.x265-RARBG/Homeland.S05E12.1080p.BluRay.x265-RARBG.mp4,5,12,1796960,data/encodings/1796960/1796960_S05E12_40848_0.npy
1128,1080,1920,1,1239,1532,225,519,86142,0.042,40848,/home/amos/media/tv/homeland/Homeland.S05.1080p.BluRay.x265-RARBG/Homeland.S05E12.1080p.BluRay.x265-RARBG.mp4,5,12,1796960,data/encodings/1796960/1796960_S05E12_40848_1.npy
1129,1080,1920,0,1078,1323,280,525,60025,0.029,40872,/home/amos/media/tv/homeland/Homeland.S05.1080p.BluRay.x265-RARBG/Homeland.S05E12.1080p.BluRay.x265-RARBG.mp4,5,12,1796960,data/encodings/1796960/1796960_S05E12_40872_0.npy
1130,1080,1920,1,484,729,255,500,60025,0.029,40872,/home/amos/media/tv/homeland/Homeland.S05.1080p.BluRay.x265-RARBG/Homeland.S05E12.1080p.BluRay.x265-RARBG.mp4,5,12,1796960,data/encodings/1796960/1796960_S05E12_40872_1.npy
1131,1080,1920,0,1239,1532,255,548,85849,0.041,40896,/home/amos/media/tv/homeland/Homeland.S05.1080p.BluRay.x265-RARBG/Homeland.S05E12.1080p.BluRay.x265-RARBG.mp4,5,12,1796960,data/encodings/1796960/1796960_S05E12_40896_0.npy
1132,1080,1920,1,599,803,244,447,41412,0.02,40896,/home/amos/media/tv/homeland/Homeland.S05.1080p.BluRay.x265-RARBG/Homeland.S05E12.1080p.BluRay.x265-RARBG.mp4,5,12,1796960,data/encodings/1796960/1796960_S05E12_40896_1.npy
1133,1080,1920,0,1298,1592,255,548,86142,0.042,40920,/home/amos/media/tv/homeland/Homeland.S05.1080p.BluRay.x265-RARBG/Homeland.S05E12.1080p.BluRay.x265-RARBG.mp4,5,12,1796960,data/encodings/1796960/1796960_S05E12_40920_0.npy
1134,1080,1920,1,583,828,206,450,59780,0.029,40920,/home/amos/media/tv/homeland/Homeland.S05.1080p.BluRay.x265-RARBG/Homeland.S05E12.1080p.BluRay.x265-RARBG.mp4,5,12,1796960,data/encodings/1796960/1796960_S05E12_40920_1.npy
1135,1080,1920,0,1154,1576,175,598,178506,0.086,40944,/home/amos/media/tv/homeland/Homeland.S05.1080p.BluRay.x265-RARBG/Homeland.S05E12.1080p.BluRay.x265-RARBG.mp4,5,12,1796960,data/encodings/1796960/1796960_S05E12_40944_0.npy
1136,1080,1920,1,347,641,195,489,86436,0.042,40944,/home/amos/media/tv/homeland/Homeland.S05.1080p.BluRay.x265-RARBG/Homeland.S05E12.1080p.BluRay.x265-RARBG.mp4,5,12,1796960,data/encodings/1796960/1796960_S05E12_40944_1.npy
1137,1080,1920,0,390,742,137,489,123904,0.06,40968,/home/amos/media/tv/homeland/Homeland.S05.1080p.BluRay.x265-RARBG/Homeland.S05E12.1080p.BluRay.x265-RARBG.mp4,5,12,1796960,data/encodings/1796960/1796960_S05E12_40968_0.npy
1138,1080,1920,0,462,814,244,596,123904,0.06,40992,/home/amos/media/tv/homeland/Homeland.S05.1080p.BluRay.x265-RARBG/Homeland.S05E12.1080p.BluRay.x265-RARBG.mp4,5,12,1796960,data/encodings/1796960/1796960_S05E12_40992_0.npy
1139,1080,1920,0,890,1242,244,596,123904,0.06,41016,/home/amos/media/tv/homeland/Homeland.S05.1080p.BluRay.x265-RARBG/Homeland.S05E12.1080p.BluRay.x265-RARBG.mp4,5,12,1796960,data/encodings/1796960/1796960_S05E12_41016_0.npy
1140,1080,1920,0,534,778,305,550,59780,0.029,41040,/home/amos/media/tv/homeland/Homeland.S05.1080p.BluRay.x265-RARBG/Homeland.S05E12.1080p.BluRay.x265-RARBG.mp4,5,12,1796960,data/encodings/1796960/1796960_S05E12_41040_0.npy
1141,1080,1920,0,585,878,285,578,85849,0.041,41064,/home/amos/media/tv/homeland/Homeland.S05.1080p.BluRay.x265-RARBG/Homeland.S05E12.1080p.BluRay.x265-RARBG.mp4,5,12,1796960,data/encodings/1796960/1796960_S05E12_41064_0.npy
1142,1080,1920,0,704,997,255,548,85849,0.041,41088,/home/amos/media/tv/homeland/Homeland.S05.1080p.BluRay.x265-RARBG/Homeland.S05E12.1080p.BluRay.x265-RARBG.mp4,5,12,1796960,data/encodings/1796960/1796960_S05E12_41088_0.npy
1143,1080,1920,0,555,849,166,459,86142,0.042,41112,/home/amos/media/tv/homeland/Homeland.S05.1080p.BluRay.x265-RARBG/Homeland.S05E12.1080p.BluRay.x265-RARBG.mp4,5,12,1796960,data/encodings/1796960/1796960_S05E12_41112_0.npy
1144,1080,1920,0,615,908,255,548,85849,0.041,41136,/home/amos/media/tv/homeland/Homeland.S05.1080p.BluRay.x265-RARBG/Homeland.S05E12.1080p.BluRay.x265-RARBG.mp4,5,12,1796960,data/encodings/1796960/1796960_S05E12_41136_0.npy
1145,1080,1920,0,585,878,225,519,86142,0.042,41160,/home/amos/media/tv/homeland/Homeland.S05.1080p.BluRay.x265-RARBG/Homeland.S05E12.1080p.BluRay.x265-RARBG.mp4,5,12,1796960,data/encodings/1796960/1796960_S05E12_41160_0.npy
1146,1080,1920,0,674,968,195,489,86436,0.042,41184,/home/amos/media/tv/homeland/Homeland.S05.1080p.BluRay.x265-RARBG/Homeland.S05E12.1080p.BluRay.x265-RARBG.mp4,5,12,1796960,data/encodings/1796960/1796960_S05E12_41184_0.npy
1147,1080,1920,0,763,1057,225,519,86436,0.042,41208,/home/amos/media/tv/homeland/Homeland.S05.1080p.BluRay.x265-RARBG/Homeland.S05E12.1080p.BluRay.x265-RARBG.mp4,5,12,1796960,data/encodings/1796960/1796960_S05E12_41208_0.npy
1148,1080,1920,1,186,268,287,369,6724,0.003,41208,/home/amos/media/tv/homeland/Homeland.S05.1080p.BluRay.x265-RARBG/Homeland.S05E12.1080p.BluRay.x265-RARBG.mp4,5,12,1796960,data/encodings/1796960/1796960_S05E12_41208_1.npy
1149,1080,1920,0,793,1087,195,489,86436,0.042,41232,/home/amos/media/tv/homeland/Homeland.S05.1080p.BluRay.x265-RARBG/Homeland.S05E12.1080p.BluRay.x265-RARBG.mp4,5,12,1796960,data/encodings/1796960/1796960_S05E12_41232_0.npy
1150,1080,1920,0,734,1027,166,459,85849,0.041,41256,/home/amos/media/tv/homeland/Homeland.S05.1080p.BluRay.x265-RARBG/Homeland.S05E12.1080p.BluRay.x265-RARBG.mp4,5,12,1796960,data/encodings/1796960/1796960_S05E12_41256_0.npy
1151,1080,1920,0,585,878,255,548,85849,0.041,41280,/home/amos/media/tv/homeland/Homeland.S05.1080p.BluRay.x265-RARBG/Homeland.S05E12.1080p.BluRay.x265-RARBG.mp4,5,12,1796960,data/encodings/1796960/1796960_S05E12_41280_0.npy
1152,1080,1920,0,462,814,208,560,123904,0.06,41304,/home/amos/media/tv/homeland/Homeland.S05.1080p.BluRay.x265-RARBG/Homeland.S05E12.1080p.BluRay.x265-RARBG.mp4,5,12,1796960,data/encodings/1796960/1796960_S05E12_41304_0.npy
1153,1080,1920,0,496,789,255,548,85849,0.041,41328,/home/amos/media/tv/homeland/Homeland.S05.1080p.BluRay.x265-RARBG/Homeland.S05E12.1080p.BluRay.x265-RARBG.mp4,5,12,1796960,data/encodings/1796960/1796960_S05E12_41328_0.npy
1154,1080,1920,0,496,789,255,548,85849,0.041,41352,/home/amos/media/tv/homeland/Homeland.S05.1080p.BluRay.x265-RARBG/Homeland.S05E12.1080p.BluRay.x265-RARBG.mp4,5,12,1796960,data/encodings/1796960/1796960_S05E12_41352_0.npy
1155,1080,1920,0,497,849,208,560,123904,0.06,41376,/home/amos/media/tv/homeland/Homeland.S05.1080p.BluRay.x265-RARBG/Homeland.S05E12.1080p.BluRay.x265-RARBG.mp4,5,12,1796960,data/encodings/1796960/1796960_S05E12_41376_0.npy
1156,1080,1920,0,604,956,244,596,123904,0.06,41400,/home/amos/media/tv/homeland/Homeland.S05.1080p.BluRay.x265-RARBG/Homeland.S05E12.1080p.BluRay.x265-RARBG.mp4,5,12,1796960,data/encodings/1796960/1796960_S05E12_41400_0.npy
1157,1080,1920,0,640,992,208,560,123904,0.06,41424,/home/amos/media/tv/homeland/Homeland.S05.1080p.BluRay.x265-RARBG/Homeland.S05E12.1080p.BluRay.x265-RARBG.mp4,5,12,1796960,data/encodings/1796960/1796960_S05E12_41424_0.npy
1158,1080,1920,0,1068,1420,172,525,124256,0.06,41448,/home/amos/media/tv/homeland/Homeland.S05.1080p.BluRay.x265-RARBG/Homeland.S05E12.1080p.BluRay.x265-RARBG.mp4,5,12,1796960,data/encodings/1796960/1796960_S05E12_41448_0.npy
1159,1080,1920,0,783,1135,172,525,124256,0.06,41472,/home/amos/media/tv/homeland/Homeland.S05.1080p.BluRay.x265-RARBG/Homeland.S05E12.1080p.BluRay.x265-RARBG.mp4,5,12,1796960,data/encodings/1796960/1796960_S05E12_41472_0.npy
1160,1080,1920,0,938,1546,99,707,369664,0.178,42288,/home/amos/media/tv/homeland/Homeland.S05.1080p.BluRay.x265-RARBG/Homeland.S05E12.1080p.BluRay.x265-RARBG.mp4,5,12,1796960,data/encodings/1796960/1796960_S05E12_42288_0.npy
1161,1080,1920,0,938,1546,160,769,370272,0.179,42336,/home/amos/media/tv/homeland/Homeland.S05.1080p.BluRay.x265-RARBG/Homeland.S05E12.1080p.BluRay.x265-RARBG.mp4,5,12,1796960,data/encodings/1796960/1796960_S05E12_42336_0.npy
1162,1080,1920,0,815,1423,160,769,370272,0.179,42360,/home/amos/media/tv/homeland/Homeland.S05.1080p.BluRay.x265-RARBG/Homeland.S05E12.1080p.BluRay.x265-RARBG.mp4,5,12,1796960,data/encodings/1796960/1796960_S05E12_42360_0.npy
1163,1080,1920,0,938,1546,160,769,370272,0.179,42384,/home/amos/media/tv/homeland/Homeland.S05.1080p.BluRay.x265-RARBG/Homeland.S05E12.1080p.BluRay.x265-RARBG.mp4,5,12,1796960,data/encodings/1796960/1796960_S05E12_42384_0.npy
1164,1080,1920,0,876,1485,160,769,370881,0.179,42504,/home/amos/media/tv/homeland/Homeland.S05.1080p.BluRay.x265-RARBG/Homeland.S05E12.1080p.BluRay.x265-RARBG.mp4,5,12,1796960,data/encodings/1796960/1796960_S05E12_42504_0.npy
1165,1080,1920,0,876,1485,160,769,370881,0.179,42528,/home/amos/media/tv/homeland/Homeland.S05.1080p.BluRay.x265-RARBG/Homeland.S05E12.1080p.BluRay.x265-RARBG.mp4,5,12,1796960,data/encodings/1796960/1796960_S05E12_42528_0.npy
1166,1080,1920,0,938,1546,160,769,370272,0.179,42552,/home/amos/media/tv/homeland/Homeland.S05.1080p.BluRay.x265-RARBG/Homeland.S05E12.1080p.BluRay.x265-RARBG.mp4,5,12,1796960,data/encodings/1796960/1796960_S05E12_42552_0.npy
1167,1080,1920,0,1012,1216,429,633,41616,0.02,42648,/home/amos/media/tv/homeland/Homeland.S05.1080p.BluRay.x265-RARBG/Homeland.S05E12.1080p.BluRay.x265-RARBG.mp4,5,12,1796960,data/encodings/1796960/1796960_S05E12_42648_0.npy
1168,1080,1920,0,1004,1249,404,649,60025,0.029,42672,/home/amos/media/tv/homeland/Homeland.S05.1080p.BluRay.x265-RARBG/Homeland.S05E12.1080p.BluRay.x265-RARBG.mp4,5,12,1796960,data/encodings/1796960/1796960_S05E12_42672_0.npy
1169,1080,1920,0,1029,1273,404,649,59780,0.029,42696,/home/amos/media/tv/homeland/Homeland.S05.1080p.BluRay.x265-RARBG/Homeland.S05E12.1080p.BluRay.x265-RARBG.mp4,5,12,1796960,data/encodings/1796960/1796960_S05E12_42696_0.npy
1170,1080,1920,0,1004,1249,404,649,60025,0.029,42792,/home/amos/media/tv/homeland/Homeland.S05.1080p.BluRay.x265-RARBG/Homeland.S05E12.1080p.BluRay.x265-RARBG.mp4,5,12,1796960,data/encodings/1796960/1796960_S05E12_42792_0.npy
1171,1080,1920,0,1004,1249,404,649,60025,0.029,42816,/home/amos/media/tv/homeland/Homeland.S05.1080p.BluRay.x265-RARBG/Homeland.S05E12.1080p.BluRay.x265-RARBG.mp4,5,12,1796960,data/encodings/1796960/1796960_S05E12_42816_0.npy
1172,1080,1920,0,1004,1249,404,649,60025,0.029,42840,/home/amos/media/tv/homeland/Homeland.S05.1080p.BluRay.x265-RARBG/Homeland.S05E12.1080p.BluRay.x265-RARBG.mp4,5,12,1796960,data/encodings/1796960/1796960_S05E12_42840_0.npy
1173,1080,1920,0,1004,1249,404,649,60025,0.029,42960,/home/amos/media/tv/homeland/Homeland.S05.1080p.BluRay.x265-RARBG/Homeland.S05E12.1080p.BluRay.x265-RARBG.mp4,5,12,1796960,data/encodings/1796960/1796960_S05E12_42960_0.npy
1174,1080,1920,0,1004,1249,404,649,60025,0.029,42984,/home/amos/media/tv/homeland/Homeland.S05.1080p.BluRay.x265-RARBG/Homeland.S05E12.1080p.BluRay.x265-RARBG.mp4,5,12,1796960,data/encodings/1796960/1796960_S05E12_42984_0.npy
1175,1080,1920,0,1004,1249,404,649,60025,0.029,43008,/home/amos/media/tv/homeland/Homeland.S05.1080p.BluRay.x265-RARBG/Homeland.S05E12.1080p.BluRay.x265-RARBG.mp4,5,12,1796960,data/encodings/1796960/1796960_S05E12_43008_0.npy
1176,1080,1920,0,1004,1249,379,624,60025,0.029,43032,/home/amos/media/tv/homeland/Homeland.S05.1080p.BluRay.x265-RARBG/Homeland.S05E12.1080p.BluRay.x265-RARBG.mp4,5,12,1796960,data/encodings/1796960/1796960_S05E12_43032_0.npy
1177,1080,1920,0,959,1690,91,821,533630,0.257,43368,/home/amos/media/tv/homeland/Homeland.S05.1080p.BluRay.x265-RARBG/Homeland.S05E12.1080p.BluRay.x265-RARBG.mp4,5,12,1796960,data/encodings/1796960/1796960_S05E12_43368_0.npy
1178,1080,1920,0,959,1690,17,747,533630,0.257,43392,/home/amos/media/tv/homeland/Homeland.S05.1080p.BluRay.x265-RARBG/Homeland.S05E12.1080p.BluRay.x265-RARBG.mp4,5,12,1796960,data/encodings/1796960/1796960_S05E12_43392_0.npy
1179,1080,1920,0,941,1817,0,819,717444,0.346,43440,/home/amos/media/tv/homeland/Homeland.S05.1080p.BluRay.x265-RARBG/Homeland.S05E12.1080p.BluRay.x265-RARBG.mp4,5,12,1796960,data/encodings/1796960/1796960_S05E12_43440_0.npy
1180,1080,1920,0,1490,1632,169,310,20022,0.01,43944,/home/amos/media/tv/homeland/Homeland.S05.1080p.BluRay.x265-RARBG/Homeland.S05E12.1080p.BluRay.x265-RARBG.mp4,5,12,1796960,data/encodings/1796960/1796960_S05E12_43944_0.npy
1181,1080,1920,0,1163,1333,181,351,28900,0.014,44040,/home/amos/media/tv/homeland/Homeland.S05.1080p.BluRay.x265-RARBG/Homeland.S05E12.1080p.BluRay.x265-RARBG.mp4,5,12,1796960,data/encodings/1796960/1796960_S05E12_44040_0.npy
1182,1080,1920,0,763,1057,285,578,86142,0.042,44208,/home/amos/media/tv/homeland/Homeland.S05.1080p.BluRay.x265-RARBG/Homeland.S05E12.1080p.BluRay.x265-RARBG.mp4,5,12,1796960,data/encodings/1796960/1796960_S05E12_44208_0.npy
1183,1080,1920,0,925,1277,244,596,123904,0.06,44232,/home/amos/media/tv/homeland/Homeland.S05.1080p.BluRay.x265-RARBG/Homeland.S05E12.1080p.BluRay.x265-RARBG.mp4,5,12,1796960,data/encodings/1796960/1796960_S05E12_44232_0.npy
1184,1080,1920,0,912,1205,314,608,86142,0.042,44256,/home/amos/media/tv/homeland/Homeland.S05.1080p.BluRay.x265-RARBG/Homeland.S05E12.1080p.BluRay.x265-RARBG.mp4,5,12,1796960,data/encodings/1796960/1796960_S05E12_44256_0.npy
1185,1080,1920,0,925,1277,315,667,123904,0.06,44280,/home/amos/media/tv/homeland/Homeland.S05.1080p.BluRay.x265-RARBG/Homeland.S05E12.1080p.BluRay.x265-RARBG.mp4,5,12,1796960,data/encodings/1796960/1796960_S05E12_44280_0.npy
1186,1080,1920,0,890,1242,244,596,123904,0.06,44304,/home/amos/media/tv/homeland/Homeland.S05.1080p.BluRay.x265-RARBG/Homeland.S05E12.1080p.BluRay.x265-RARBG.mp4,5,12,1796960,data/encodings/1796960/1796960_S05E12_44304_0.npy
1187,1080,1920,0,347,641,433,727,86436,0.042,44328,/home/amos/media/tv/homeland/Homeland.S05.1080p.BluRay.x265-RARBG/Homeland.S05E12.1080p.BluRay.x265-RARBG.mp4,5,12,1796960,data/encodings/1796960/1796960_S05E12_44328_0.npy
1188,1080,1920,0,347,641,403,697,86436,0.042,44352,/home/amos/media/tv/homeland/Homeland.S05.1080p.BluRay.x265-RARBG/Homeland.S05E12.1080p.BluRay.x265-RARBG.mp4,5,12,1796960,data/encodings/1796960/1796960_S05E12_44352_0.npy
1189,1080,1920,0,347,641,403,697,86436,0.042,44376,/home/amos/media/tv/homeland/Homeland.S05.1080p.BluRay.x265-RARBG/Homeland.S05E12.1080p.BluRay.x265-RARBG.mp4,5,12,1796960,data/encodings/1796960/1796960_S05E12_44376_0.npy
1190,1080,1920,0,347,641,374,667,86142,0.042,44400,/home/amos/media/tv/homeland/Homeland.S05.1080p.BluRay.x265-RARBG/Homeland.S05E12.1080p.BluRay.x265-RARBG.mp4,5,12,1796960,data/encodings/1796960/1796960_S05E12_44400_0.npy
1191,1080,1920,0,347,641,374,667,86142,0.042,44424,/home/amos/media/tv/homeland/Homeland.S05.1080p.BluRay.x265-RARBG/Homeland.S05E12.1080p.BluRay.x265-RARBG.mp4,5,12,1796960,data/encodings/1796960/1796960_S05E12_44424_0.npy
1192,1080,1920,0,377,670,433,727,86142,0.042,44448,/home/amos/media/tv/homeland/Homeland.S05.1080p.BluRay.x265-RARBG/Homeland.S05E12.1080p.BluRay.x265-RARBG.mp4,5,12,1796960,data/encodings/1796960/1796960_S05E12_44448_0.npy
1193,1080,1920,0,890,1242,208,560,123904,0.06,44472,/home/amos/media/tv/homeland/Homeland.S05.1080p.BluRay.x265-RARBG/Homeland.S05E12.1080p.BluRay.x265-RARBG.mp4,5,12,1796960,data/encodings/1796960/1796960_S05E12_44472_0.npy
1194,1080,1920,0,961,1313,172,525,124256,0.06,44496,/home/amos/media/tv/homeland/Homeland.S05.1080p.BluRay.x265-RARBG/Homeland.S05E12.1080p.BluRay.x265-RARBG.mp4,5,12,1796960,data/encodings/1796960/1796960_S05E12_44496_0.npy
1195,1080,1920,0,890,1242,172,525,124256,0.06,44520,/home/amos/media/tv/homeland/Homeland.S05.1080p.BluRay.x265-RARBG/Homeland.S05E12.1080p.BluRay.x265-RARBG.mp4,5,12,1796960,data/encodings/1796960/1796960_S05E12_44520_0.npy
1196,1080,1920,0,897,1404,210,717,257049,0.124,44544,/home/amos/media/tv/homeland/Homeland.S05.1080p.BluRay.x265-RARBG/Homeland.S05E12.1080p.BluRay.x265-RARBG.mp4,5,12,1796960,data/encodings/1796960/1796960_S05E12_44544_0.npy
1197,1080,1920,0,948,1455,262,769,257049,0.124,44568,/home/amos/media/tv/homeland/Homeland.S05.1080p.BluRay.x265-RARBG/Homeland.S05E12.1080p.BluRay.x265-RARBG.mp4,5,12,1796960,data/encodings/1796960/1796960_S05E12_44568_0.npy
1198,1080,1920,0,948,1455,262,769,257049,0.124,44592,/home/amos/media/tv/homeland/Homeland.S05.1080p.BluRay.x265-RARBG/Homeland.S05E12.1080p.BluRay.x265-RARBG.mp4,5,12,1796960,data/encodings/1796960/1796960_S05E12_44592_0.npy
1199,1080,1920,0,897,1404,262,769,257049,0.124,44616,/home/amos/media/tv/homeland/Homeland.S05.1080p.BluRay.x265-RARBG/Homeland.S05E12.1080p.BluRay.x265-RARBG.mp4,5,12,1796960,data/encodings/1796960/1796960_S05E12_44616_0.npy
1200,1080,1920,0,897,1404,262,769,257049,0.124,44640,/home/amos/media/tv/homeland/Homeland.S05.1080p.BluRay.x265-RARBG/Homeland.S05E12.1080p.BluRay.x265-RARBG.mp4,5,12,1796960,data/encodings/1796960/1796960_S05E12_44640_0.npy
1201,1080,1920,0,435,942,210,717,257049,0.124,44664,/home/amos/media/tv/homeland/Homeland.S05.1080p.BluRay.x265-RARBG/Homeland.S05E12.1080p.BluRay.x265-RARBG.mp4,5,12,1796960,data/encodings/1796960/1796960_S05E12_44664_0.npy
1202,1080,1920,0,435,942,210,717,257049,0.124,44688,/home/amos/media/tv/homeland/Homeland.S05.1080p.BluRay.x265-RARBG/Homeland.S05E12.1080p.BluRay.x265-RARBG.mp4,5,12,1796960,data/encodings/1796960/1796960_S05E12_44688_0.npy
1203,1080,1920,0,435,942,159,666,257049,0.124,44712,/home/amos/media/tv/homeland/Homeland.S05.1080p.BluRay.x265-RARBG/Homeland.S05E12.1080p.BluRay.x265-RARBG.mp4,5,12,1796960,data/encodings/1796960/1796960_S05E12_44712_0.npy
1204,1080,1920,0,435,942,210,717,257049,0.124,44736,/home/amos/media/tv/homeland/Homeland.S05.1080p.BluRay.x265-RARBG/Homeland.S05E12.1080p.BluRay.x265-RARBG.mp4,5,12,1796960,data/encodings/1796960/1796960_S05E12_44736_0.npy
1205,1080,1920,0,435,942,262,769,257049,0.124,44760,/home/amos/media/tv/homeland/Homeland.S05.1080p.BluRay.x265-RARBG/Homeland.S05E12.1080p.BluRay.x265-RARBG.mp4,5,12,1796960,data/encodings/1796960/1796960_S05E12_44760_0.npy
1206,1080,1920,0,383,890,210,717,257049,0.124,44784,/home/amos/media/tv/homeland/Homeland.S05.1080p.BluRay.x265-RARBG/Homeland.S05E12.1080p.BluRay.x265-RARBG.mp4,5,12,1796960,data/encodings/1796960/1796960_S05E12_44784_0.npy
1207,1080,1920,0,435,942,313,820,257049,0.124,44808,/home/amos/media/tv/homeland/Homeland.S05.1080p.BluRay.x265-RARBG/Homeland.S05E12.1080p.BluRay.x265-RARBG.mp4,5,12,1796960,data/encodings/1796960/1796960_S05E12_44808_0.npy
1208,1080,1920,0,383,890,210,717,257049,0.124,44832,/home/amos/media/tv/homeland/Homeland.S05.1080p.BluRay.x265-RARBG/Homeland.S05E12.1080p.BluRay.x265-RARBG.mp4,5,12,1796960,data/encodings/1796960/1796960_S05E12_44832_0.npy
1209,1080,1920,0,948,1455,210,717,257049,0.124,44856,/home/amos/media/tv/homeland/Homeland.S05.1080p.BluRay.x265-RARBG/Homeland.S05E12.1080p.BluRay.x265-RARBG.mp4,5,12,1796960,data/encodings/1796960/1796960_S05E12_44856_0.npy
1210,1080,1920,0,897,1404,210,717,257049,0.124,44880,/home/amos/media/tv/homeland/Homeland.S05.1080p.BluRay.x265-RARBG/Homeland.S05E12.1080p.BluRay.x265-RARBG.mp4,5,12,1796960,data/encodings/1796960/1796960_S05E12_44880_0.npy
1211,1080,1920,0,845,1353,210,717,257556,0.124,44904,/home/amos/media/tv/homeland/Homeland.S05.1080p.BluRay.x265-RARBG/Homeland.S05E12.1080p.BluRay.x265-RARBG.mp4,5,12,1796960,data/encodings/1796960/1796960_S05E12_44904_0.npy
1212,1080,1920,0,897,1404,210,717,257049,0.124,44928,/home/amos/media/tv/homeland/Homeland.S05.1080p.BluRay.x265-RARBG/Homeland.S05E12.1080p.BluRay.x265-RARBG.mp4,5,12,1796960,data/encodings/1796960/1796960_S05E12_44928_0.npy
1213,1080,1920,0,948,1455,159,666,257049,0.124,44952,/home/amos/media/tv/homeland/Homeland.S05.1080p.BluRay.x265-RARBG/Homeland.S05E12.1080p.BluRay.x265-RARBG.mp4,5,12,1796960,data/encodings/1796960/1796960_S05E12_44952_0.npy
1214,1080,1920,0,948,1455,159,666,257049,0.124,44976,/home/amos/media/tv/homeland/Homeland.S05.1080p.BluRay.x265-RARBG/Homeland.S05E12.1080p.BluRay.x265-RARBG.mp4,5,12,1796960,data/encodings/1796960/1796960_S05E12_44976_0.npy
1215,1080,1920,0,948,1455,210,717,257049,0.124,45000,/home/amos/media/tv/homeland/Homeland.S05.1080p.BluRay.x265-RARBG/Homeland.S05E12.1080p.BluRay.x265-RARBG.mp4,5,12,1796960,data/encodings/1796960/1796960_S05E12_45000_0.npy
1216,1080,1920,0,383,890,210,717,257049,0.124,45024,/home/amos/media/tv/homeland/Homeland.S05.1080p.BluRay.x265-RARBG/Homeland.S05E12.1080p.BluRay.x265-RARBG.mp4,5,12,1796960,data/encodings/1796960/1796960_S05E12_45024_0.npy
1217,1080,1920,0,383,890,262,769,257049,0.124,45048,/home/amos/media/tv/homeland/Homeland.S05.1080p.BluRay.x265-RARBG/Homeland.S05E12.1080p.BluRay.x265-RARBG.mp4,5,12,1796960,data/encodings/1796960/1796960_S05E12_45048_0.npy
1218,1080,1920,0,1069,1108,269,309,1560,0.001,45120,/home/amos/media/tv/homeland/Homeland.S05.1080p.BluRay.x265-RARBG/Homeland.S05E12.1080p.BluRay.x265-RARBG.mp4,5,12,1796960,data/encodings/1796960/1796960_S05E12_45120_0.npy
1219,1080,1920,1,917,956,301,341,1560,0.001,45120,/home/amos/media/tv/homeland/Homeland.S05.1080p.BluRay.x265-RARBG/Homeland.S05E12.1080p.BluRay.x265-RARBG.mp4,5,12,1796960,data/encodings/1796960/1796960_S05E12_45120_1.npy
1220,1080,1920,0,889,928,317,357,1560,0.001,45144,/home/amos/media/tv/homeland/Homeland.S05.1080p.BluRay.x265-RARBG/Homeland.S05E12.1080p.BluRay.x265-RARBG.mp4,5,12,1796960,data/encodings/1796960/1796960_S05E12_45144_0.npy
1221,1080,1920,1,1073,1130,269,326,3249,0.002,45144,/home/amos/media/tv/homeland/Homeland.S05.1080p.BluRay.x265-RARBG/Homeland.S05E12.1080p.BluRay.x265-RARBG.mp4,5,12,1796960,data/encodings/1796960/1796960_S05E12_45144_1.npy
1222,1080,1920,0,816,898,278,360,6724,0.003,45168,/home/amos/media/tv/homeland/Homeland.S05.1080p.BluRay.x265-RARBG/Homeland.S05E12.1080p.BluRay.x265-RARBG.mp4,5,12,1796960,data/encodings/1796960/1796960_S05E12_45168_0.npy
1223,1080,1920,1,1081,1163,204,286,6724,0.003,45168,/home/amos/media/tv/homeland/Homeland.S05.1080p.BluRay.x265-RARBG/Homeland.S05E12.1080p.BluRay.x265-RARBG.mp4,5,12,1796960,data/encodings/1796960/1796960_S05E12_45168_1.npy
1224,1080,1920,0,702,844,283,425,20164,0.01,45192,/home/amos/media/tv/homeland/Homeland.S05.1080p.BluRay.x265-RARBG/Homeland.S05E12.1080p.BluRay.x265-RARBG.mp4,5,12,1796960,data/encodings/1796960/1796960_S05E12_45192_0.npy
1225,1080,1920,0,475,679,367,571,41616,0.02,45240,/home/amos/media/tv/homeland/Homeland.S05.1080p.BluRay.x265-RARBG/Homeland.S05E12.1080p.BluRay.x265-RARBG.mp4,5,12,1796960,data/encodings/1796960/1796960_S05E12_45240_0.npy
1226,1080,1920,0,475,679,347,551,41616,0.02,45264,/home/amos/media/tv/homeland/Homeland.S05.1080p.BluRay.x265-RARBG/Homeland.S05E12.1080p.BluRay.x265-RARBG.mp4,5,12,1796960,data/encodings/1796960/1796960_S05E12_45264_0.npy
1227,1080,1920,1,1376,1620,107,351,59536,0.029,45264,/home/amos/media/tv/homeland/Homeland.S05.1080p.BluRay.x265-RARBG/Homeland.S05E12.1080p.BluRay.x265-RARBG.mp4,5,12,1796960,data/encodings/1796960/1796960_S05E12_45264_1.npy
1228,1080,1920,0,558,762,367,571,41616,0.02,45288,/home/amos/media/tv/homeland/Homeland.S05.1080p.BluRay.x265-RARBG/Homeland.S05E12.1080p.BluRay.x265-RARBG.mp4,5,12,1796960,data/encodings/1796960/1796960_S05E12_45288_0.npy
1229,1080,1920,1,1450,1695,107,351,59780,0.029,45288,/home/amos/media/tv/homeland/Homeland.S05.1080p.BluRay.x265-RARBG/Homeland.S05E12.1080p.BluRay.x265-RARBG.mp4,5,12,1796960,data/encodings/1796960/1796960_S05E12_45288_1.npy
1230,1080,1920,0,599,803,388,592,41616,0.02,45312,/home/amos/media/tv/homeland/Homeland.S05.1080p.BluRay.x265-RARBG/Homeland.S05E12.1080p.BluRay.x265-RARBG.mp4,5,12,1796960,data/encodings/1796960/1796960_S05E12_45312_0.npy
1231,1080,1920,1,1450,1695,330,574,59780,0.029,45312,/home/amos/media/tv/homeland/Homeland.S05.1080p.BluRay.x265-RARBG/Homeland.S05E12.1080p.BluRay.x265-RARBG.mp4,5,12,1796960,data/encodings/1796960/1796960_S05E12_45312_1.npy
1232,1080,1920,0,620,824,367,571,41616,0.02,45336,/home/amos/media/tv/homeland/Homeland.S05.1080p.BluRay.x265-RARBG/Homeland.S05E12.1080p.BluRay.x265-RARBG.mp4,5,12,1796960,data/encodings/1796960/1796960_S05E12_45336_0.npy
1233,1080,1920,0,664,834,370,540,28900,0.014,45360,/home/amos/media/tv/homeland/Homeland.S05.1080p.BluRay.x265-RARBG/Homeland.S05E12.1080p.BluRay.x265-RARBG.mp4,5,12,1796960,data/encodings/1796960/1796960_S05E12_45360_0.npy
1234,1080,1920,0,691,1300,160,769,370881,0.179,45552,/home/amos/media/tv/homeland/Homeland.S05.1080p.BluRay.x265-RARBG/Homeland.S05E12.1080p.BluRay.x265-RARBG.mp4,5,12,1796960,data/encodings/1796960/1796960_S05E12_45552_0.npy
1235,1080,1920,0,630,1238,160,769,370272,0.179,45576,/home/amos/media/tv/homeland/Homeland.S05.1080p.BluRay.x265-RARBG/Homeland.S05E12.1080p.BluRay.x265-RARBG.mp4,5,12,1796960,data/encodings/1796960/1796960_S05E12_45576_0.npy
1236,1080,1920,0,743,1250,159,666,257049,0.124,45600,/home/amos/media/tv/homeland/Homeland.S05.1080p.BluRay.x265-RARBG/Homeland.S05E12.1080p.BluRay.x265-RARBG.mp4,5,12,1796960,data/encodings/1796960/1796960_S05E12_45600_0.npy
1237,1080,1920,0,691,1300,160,769,370881,0.179,45648,/home/amos/media/tv/homeland/Homeland.S05.1080p.BluRay.x265-RARBG/Homeland.S05E12.1080p.BluRay.x265-RARBG.mp4,5,12,1796960,data/encodings/1796960/1796960_S05E12_45648_0.npy
1238,1080,1920,0,815,1423,99,707,369664,0.178,45672,/home/amos/media/tv/homeland/Homeland.S05.1080p.BluRay.x265-RARBG/Homeland.S05E12.1080p.BluRay.x265-RARBG.mp4,5,12,1796960,data/encodings/1796960/1796960_S05E12_45672_0.npy
1239,1080,1920,0,691,1300,160,769,370881,0.179,45696,/home/amos/media/tv/homeland/Homeland.S05.1080p.BluRay.x265-RARBG/Homeland.S05E12.1080p.BluRay.x265-RARBG.mp4,5,12,1796960,data/encodings/1796960/1796960_S05E12_45696_0.npy
1240,1080,1920,0,753,1362,99,707,370272,0.179,45720,/home/amos/media/tv/homeland/Homeland.S05.1080p.BluRay.x265-RARBG/Homeland.S05E12.1080p.BluRay.x265-RARBG.mp4,5,12,1796960,data/encodings/1796960/1796960_S05E12_45720_0.npy
1241,1080,1920,0,691,1300,99,707,370272,0.179,45744,/home/amos/media/tv/homeland/Homeland.S05.1080p.BluRay.x265-RARBG/Homeland.S05E12.1080p.BluRay.x265-RARBG.mp4,5,12,1796960,data/encodings/1796960/1796960_S05E12_45744_0.npy
1242,1080,1920,0,753,1362,160,769,370881,0.179,45768,/home/amos/media/tv/homeland/Homeland.S05.1080p.BluRay.x265-RARBG/Homeland.S05E12.1080p.BluRay.x265-RARBG.mp4,5,12,1796960,data/encodings/1796960/1796960_S05E12_45768_0.npy
1243,1080,1920,0,876,1485,160,769,370881,0.179,45792,/home/amos/media/tv/homeland/Homeland.S05.1080p.BluRay.x265-RARBG/Homeland.S05E12.1080p.BluRay.x265-RARBG.mp4,5,12,1796960,data/encodings/1796960/1796960_S05E12_45792_0.npy
1244,1080,1920,0,738,1468,91,821,532900,0.257,45816,/home/amos/media/tv/homeland/Homeland.S05.1080p.BluRay.x265-RARBG/Homeland.S05E12.1080p.BluRay.x265-RARBG.mp4,5,12,1796960,data/encodings/1796960/1796960_S05E12_45816_0.npy
1245,1080,1920,0,1068,1491,218,640,178506,0.086,45912,/home/amos/media/tv/homeland/Homeland.S05.1080p.BluRay.x265-RARBG/Homeland.S05E12.1080p.BluRay.x265-RARBG.mp4,5,12,1796960,data/encodings/1796960/1796960_S05E12_45912_0.npy
1246,1080,1920,0,1025,1448,261,683,178506,0.086,45936,/home/amos/media/tv/homeland/Homeland.S05.1080p.BluRay.x265-RARBG/Homeland.S05E12.1080p.BluRay.x265-RARBG.mp4,5,12,1796960,data/encodings/1796960/1796960_S05E12_45936_0.npy
1247,1080,1920,0,1068,1491,218,640,178506,0.086,45960,/home/amos/media/tv/homeland/Homeland.S05.1080p.BluRay.x265-RARBG/Homeland.S05E12.1080p.BluRay.x265-RARBG.mp4,5,12,1796960,data/encodings/1796960/1796960_S05E12_45960_0.npy
1248,1080,1920,0,1068,1491,218,640,178506,0.086,45984,/home/amos/media/tv/homeland/Homeland.S05.1080p.BluRay.x265-RARBG/Homeland.S05E12.1080p.BluRay.x265-RARBG.mp4,5,12,1796960,data/encodings/1796960/1796960_S05E12_45984_0.npy
1249,1080,1920,0,1025,1448,218,640,178506,0.086,46008,/home/amos/media/tv/homeland/Homeland.S05.1080p.BluRay.x265-RARBG/Homeland.S05E12.1080p.BluRay.x265-RARBG.mp4,5,12,1796960,data/encodings/1796960/1796960_S05E12_46008_0.npy
1250,1080,1920,0,982,1405,175,598,178929,0.086,46128,/home/amos/media/tv/homeland/Homeland.S05.1080p.BluRay.x265-RARBG/Homeland.S05E12.1080p.BluRay.x265-RARBG.mp4,5,12,1796960,data/encodings/1796960/1796960_S05E12_46128_0.npy
1251,1080,1920,0,940,1362,175,598,178506,0.086,46152,/home/amos/media/tv/homeland/Homeland.S05.1080p.BluRay.x265-RARBG/Homeland.S05E12.1080p.BluRay.x265-RARBG.mp4,5,12,1796960,data/encodings/1796960/1796960_S05E12_46152_0.npy
1252,1080,1920,0,1025,1448,218,640,178506,0.086,46176,/home/amos/media/tv/homeland/Homeland.S05.1080p.BluRay.x265-RARBG/Homeland.S05E12.1080p.BluRay.x265-RARBG.mp4,5,12,1796960,data/encodings/1796960/1796960_S05E12_46176_0.npy
1253,1080,1920,0,1025,1448,303,726,178929,0.086,46200,/home/amos/media/tv/homeland/Homeland.S05.1080p.BluRay.x265-RARBG/Homeland.S05E12.1080p.BluRay.x265-RARBG.mp4,5,12,1796960,data/encodings/1796960/1796960_S05E12_46200_0.npy
1254,1080,1920,0,1154,1576,261,683,178084,0.086,46224,/home/amos/media/tv/homeland/Homeland.S05.1080p.BluRay.x265-RARBG/Homeland.S05E12.1080p.BluRay.x265-RARBG.mp4,5,12,1796960,data/encodings/1796960/1796960_S05E12_46224_0.npy
1255,1080,1920,0,982,1405,218,640,178506,0.086,46248,/home/amos/media/tv/homeland/Homeland.S05.1080p.BluRay.x265-RARBG/Homeland.S05E12.1080p.BluRay.x265-RARBG.mp4,5,12,1796960,data/encodings/1796960/1796960_S05E12_46248_0.npy
1256,1080,1920,0,897,1319,175,598,178506,0.086,46800,/home/amos/media/tv/homeland/Homeland.S05.1080p.BluRay.x265-RARBG/Homeland.S05E12.1080p.BluRay.x265-RARBG.mp4,5,12,1796960,data/encodings/1796960/1796960_S05E12_46800_0.npy
1257,1080,1920,0,897,1319,175,598,178506,0.086,46824,/home/amos/media/tv/homeland/Homeland.S05.1080p.BluRay.x265-RARBG/Homeland.S05E12.1080p.BluRay.x265-RARBG.mp4,5,12,1796960,data/encodings/1796960/1796960_S05E12_46824_0.npy
1258,1080,1920,0,845,1353,159,666,257556,0.124,46848,/home/amos/media/tv/homeland/Homeland.S05.1080p.BluRay.x265-RARBG/Homeland.S05E12.1080p.BluRay.x265-RARBG.mp4,5,12,1796960,data/encodings/1796960/1796960_S05E12_46848_0.npy
1259,1080,1920,0,845,1353,159,666,257556,0.124,46872,/home/amos/media/tv/homeland/Homeland.S05.1080p.BluRay.x265-RARBG/Homeland.S05E12.1080p.BluRay.x265-RARBG.mp4,5,12,1796960,data/encodings/1796960/1796960_S05E12_46872_0.npy
1260,1080,1920,0,845,1353,159,666,257556,0.124,46896,/home/amos/media/tv/homeland/Homeland.S05.1080p.BluRay.x265-RARBG/Homeland.S05E12.1080p.BluRay.x265-RARBG.mp4,5,12,1796960,data/encodings/1796960/1796960_S05E12_46896_0.npy
1261,1080,1920,0,753,1362,99,707,370272,0.179,46920,/home/amos/media/tv/homeland/Homeland.S05.1080p.BluRay.x265-RARBG/Homeland.S05E12.1080p.BluRay.x265-RARBG.mp4,5,12,1796960,data/encodings/1796960/1796960_S05E12_46920_0.npy
1262,1080,1920,0,815,1423,99,707,369664,0.178,46944,/home/amos/media/tv/homeland/Homeland.S05.1080p.BluRay.x265-RARBG/Homeland.S05E12.1080p.BluRay.x265-RARBG.mp4,5,12,1796960,data/encodings/1796960/1796960_S05E12_46944_0.npy
1263,1080,1920,0,1407,1464,505,562,3249,0.002,47352,/home/amos/media/tv/homeland/Homeland.S05.1080p.BluRay.x265-RARBG/Homeland.S05E12.1080p.BluRay.x265-RARBG.mp4,5,12,1796960,data/encodings/1796960/1796960_S05E12_47352_0.npy
1264,1080,1920,0,1321,1378,494,551,3249,0.002,47376,/home/amos/media/tv/homeland/Homeland.S05.1080p.BluRay.x265-RARBG/Homeland.S05E12.1080p.BluRay.x265-RARBG.mp4,5,12,1796960,data/encodings/1796960/1796960_S05E12_47376_0.npy
1265,1080,1920,0,1309,1377,491,559,4624,0.002,47400,/home/amos/media/tv/homeland/Homeland.S05.1080p.BluRay.x265-RARBG/Homeland.S05E12.1080p.BluRay.x265-RARBG.mp4,5,12,1796960,data/encodings/1796960/1796960_S05E12_47400_0.npy
1266,1080,1920,0,559,677,124,242,13924,0.007,47472,/home/amos/media/tv/homeland/Homeland.S05.1080p.BluRay.x265-RARBG/Homeland.S05E12.1080p.BluRay.x265-RARBG.mp4,5,12,1796960,data/encodings/1796960/1796960_S05E12_47472_0.npy
1267,1080,1920,0,1321,1368,494,542,2256,0.001,47496,/home/amos/media/tv/homeland/Homeland.S05.1080p.BluRay.x265-RARBG/Homeland.S05E12.1080p.BluRay.x265-RARBG.mp4,5,12,1796960,data/encodings/1796960/1796960_S05E12_47496_0.npy
1268,1080,1920,0,1307,1354,499,546,2209,0.001,47520,/home/amos/media/tv/homeland/Homeland.S05.1080p.BluRay.x265-RARBG/Homeland.S05E12.1080p.BluRay.x265-RARBG.mp4,5,12,1796960,data/encodings/1796960/1796960_S05E12_47520_0.npy
1269,1080,1920,0,1513,1595,254,335,6642,0.003,47544,/home/amos/media/tv/homeland/Homeland.S05.1080p.BluRay.x265-RARBG/Homeland.S05E12.1080p.BluRay.x265-RARBG.mp4,5,12,1796960,data/encodings/1796960/1796960_S05E12_47544_0.npy
1270,1080,1920,0,1504,1586,270,352,6724,0.003,47568,/home/amos/media/tv/homeland/Homeland.S05.1080p.BluRay.x265-RARBG/Homeland.S05E12.1080p.BluRay.x265-RARBG.mp4,5,12,1796960,data/encodings/1796960/1796960_S05E12_47568_0.npy
1271,1080,1920,0,1488,1570,270,352,6724,0.003,47592,/home/amos/media/tv/homeland/Homeland.S05.1080p.BluRay.x265-RARBG/Homeland.S05E12.1080p.BluRay.x265-RARBG.mp4,5,12,1796960,data/encodings/1796960/1796960_S05E12_47592_0.npy
1272,1080,1920,0,1496,1578,270,352,6724,0.003,47616,/home/amos/media/tv/homeland/Homeland.S05.1080p.BluRay.x265-RARBG/Homeland.S05E12.1080p.BluRay.x265-RARBG.mp4,5,12,1796960,data/encodings/1796960/1796960_S05E12_47616_0.npy
1273,1080,1920,0,1504,1586,270,352,6724,0.003,47640,/home/amos/media/tv/homeland/Homeland.S05.1080p.BluRay.x265-RARBG/Homeland.S05E12.1080p.BluRay.x265-RARBG.mp4,5,12,1796960,data/encodings/1796960/1796960_S05E12_47640_0.npy
1274,1080,1920,0,1513,1595,270,352,6724,0.003,47664,/home/amos/media/tv/homeland/Homeland.S05.1080p.BluRay.x265-RARBG/Homeland.S05E12.1080p.BluRay.x265-RARBG.mp4,5,12,1796960,data/encodings/1796960/1796960_S05E12_47664_0.npy
1275,1080,1920,0,1513,1595,278,360,6724,0.003,47688,/home/amos/media/tv/homeland/Homeland.S05.1080p.BluRay.x265-RARBG/Homeland.S05E12.1080p.BluRay.x265-RARBG.mp4,5,12,1796960,data/encodings/1796960/1796960_S05E12_47688_0.npy
1276,1080,1920,1,915,1013,208,306,9604,0.005,47688,/home/amos/media/tv/homeland/Homeland.S05.1080p.BluRay.x265-RARBG/Homeland.S05E12.1080p.BluRay.x265-RARBG.mp4,5,12,1796960,data/encodings/1796960/1796960_S05E12_47688_1.npy
1277,1080,1920,0,1504,1586,278,360,6724,0.003,47712,/home/amos/media/tv/homeland/Homeland.S05.1080p.BluRay.x265-RARBG/Homeland.S05E12.1080p.BluRay.x265-RARBG.mp4,5,12,1796960,data/encodings/1796960/1796960_S05E12_47712_0.npy
1278,1080,1920,1,716,814,208,306,9604,0.005,47712,/home/amos/media/tv/homeland/Homeland.S05.1080p.BluRay.x265-RARBG/Homeland.S05E12.1080p.BluRay.x265-RARBG.mp4,5,12,1796960,data/encodings/1796960/1796960_S05E12_47712_1.npy
1279,1080,1920,0,815,914,237,336,9801,0.005,47736,/home/amos/media/tv/homeland/Homeland.S05.1080p.BluRay.x265-RARBG/Homeland.S05E12.1080p.BluRay.x265-RARBG.mp4,5,12,1796960,data/encodings/1796960/1796960_S05E12_47736_0.npy
1280,1080,1920,1,1504,1586,278,360,6724,0.003,47736,/home/amos/media/tv/homeland/Homeland.S05.1080p.BluRay.x265-RARBG/Homeland.S05E12.1080p.BluRay.x265-RARBG.mp4,5,12,1796960,data/encodings/1796960/1796960_S05E12_47736_1.npy
1281,1080,1920,0,875,973,237,336,9702,0.005,47760,/home/amos/media/tv/homeland/Homeland.S05.1080p.BluRay.x265-RARBG/Homeland.S05E12.1080p.BluRay.x265-RARBG.mp4,5,12,1796960,data/encodings/1796960/1796960_S05E12_47760_0.npy
1282,1080,1920,0,825,924,178,276,9702,0.005,47784,/home/amos/media/tv/homeland/Homeland.S05.1080p.BluRay.x265-RARBG/Homeland.S05E12.1080p.BluRay.x265-RARBG.mp4,5,12,1796960,data/encodings/1796960/1796960_S05E12_47784_0.npy
1283,1080,1920,1,1504,1586,278,360,6724,0.003,47784,/home/amos/media/tv/homeland/Homeland.S05.1080p.BluRay.x265-RARBG/Homeland.S05E12.1080p.BluRay.x265-RARBG.mp4,5,12,1796960,data/encodings/1796960/1796960_S05E12_47784_1.npy
1284,1080,1920,0,915,1013,208,306,9604,0.005,47808,/home/amos/media/tv/homeland/Homeland.S05.1080p.BluRay.x265-RARBG/Homeland.S05E12.1080p.BluRay.x265-RARBG.mp4,5,12,1796960,data/encodings/1796960/1796960_S05E12_47808_0.npy
1285,1080,1920,0,1496,1578,287,369,6724,0.003,47856,/home/amos/media/tv/homeland/Homeland.S05.1080p.BluRay.x265-RARBG/Homeland.S05E12.1080p.BluRay.x265-RARBG.mp4,5,12,1796960,data/encodings/1796960/1796960_S05E12_47856_0.npy
1286,1080,1920,1,895,993,208,306,9604,0.005,47856,/home/amos/media/tv/homeland/Homeland.S05.1080p.BluRay.x265-RARBG/Homeland.S05E12.1080p.BluRay.x265-RARBG.mp4,5,12,1796960,data/encodings/1796960/1796960_S05E12_47856_1.npy
1287,1080,1920,0,895,993,208,306,9604,0.005,47880,/home/amos/media/tv/homeland/Homeland.S05.1080p.BluRay.x265-RARBG/Homeland.S05E12.1080p.BluRay.x265-RARBG.mp4,5,12,1796960,data/encodings/1796960/1796960_S05E12_47880_0.npy
1288,1080,1920,1,1496,1578,270,352,6724,0.003,47880,/home/amos/media/tv/homeland/Homeland.S05.1080p.BluRay.x265-RARBG/Homeland.S05E12.1080p.BluRay.x265-RARBG.mp4,5,12,1796960,data/encodings/1796960/1796960_S05E12_47880_1.npy
1289,1080,1920,0,1454,1522,249,317,4624,0.002,47904,/home/amos/media/tv/homeland/Homeland.S05.1080p.BluRay.x265-RARBG/Homeland.S05E12.1080p.BluRay.x265-RARBG.mp4,5,12,1796960,data/encodings/1796960/1796960_S05E12_47904_0.npy
1290,1080,1920,1,895,993,208,306,9604,0.005,47904,/home/amos/media/tv/homeland/Homeland.S05.1080p.BluRay.x265-RARBG/Homeland.S05E12.1080p.BluRay.x265-RARBG.mp4,5,12,1796960,data/encodings/1796960/1796960_S05E12_47904_1.npy
1291,1080,1920,0,526,819,225,519,86142,0.042,47928,/home/amos/media/tv/homeland/Homeland.S05.1080p.BluRay.x265-RARBG/Homeland.S05E12.1080p.BluRay.x265-RARBG.mp4,5,12,1796960,data/encodings/1796960/1796960_S05E12_47928_0.npy
1292,1080,1920,0,555,849,195,489,86436,0.042,47952,/home/amos/media/tv/homeland/Homeland.S05.1080p.BluRay.x265-RARBG/Homeland.S05E12.1080p.BluRay.x265-RARBG.mp4,5,12,1796960,data/encodings/1796960/1796960_S05E12_47952_0.npy
1293,1080,1920,0,555,849,195,489,86436,0.042,47976,/home/amos/media/tv/homeland/Homeland.S05.1080p.BluRay.x265-RARBG/Homeland.S05E12.1080p.BluRay.x265-RARBG.mp4,5,12,1796960,data/encodings/1796960/1796960_S05E12_47976_0.npy
1294,1080,1920,0,555,849,195,489,86436,0.042,48000,/home/amos/media/tv/homeland/Homeland.S05.1080p.BluRay.x265-RARBG/Homeland.S05E12.1080p.BluRay.x265-RARBG.mp4,5,12,1796960,data/encodings/1796960/1796960_S05E12_48000_0.npy
1295,1080,1920,0,555,849,195,489,86436,0.042,48024,/home/amos/media/tv/homeland/Homeland.S05.1080p.BluRay.x265-RARBG/Homeland.S05E12.1080p.BluRay.x265-RARBG.mp4,5,12,1796960,data/encodings/1796960/1796960_S05E12_48024_0.npy
1296,1080,1920,0,1061,1354,195,489,86142,0.042,48048,/home/amos/media/tv/homeland/Homeland.S05.1080p.BluRay.x265-RARBG/Homeland.S05E12.1080p.BluRay.x265-RARBG.mp4,5,12,1796960,data/encodings/1796960/1796960_S05E12_48048_0.npy
1297,1080,1920,0,1061,1354,195,489,86142,0.042,48072,/home/amos/media/tv/homeland/Homeland.S05.1080p.BluRay.x265-RARBG/Homeland.S05E12.1080p.BluRay.x265-RARBG.mp4,5,12,1796960,data/encodings/1796960/1796960_S05E12_48072_0.npy
1298,1080,1920,0,1061,1354,195,489,86142,0.042,48096,/home/amos/media/tv/homeland/Homeland.S05.1080p.BluRay.x265-RARBG/Homeland.S05E12.1080p.BluRay.x265-RARBG.mp4,5,12,1796960,data/encodings/1796960/1796960_S05E12_48096_0.npy
1299,1080,1920,0,555,849,195,489,86436,0.042,48120,/home/amos/media/tv/homeland/Homeland.S05.1080p.BluRay.x265-RARBG/Homeland.S05E12.1080p.BluRay.x265-RARBG.mp4,5,12,1796960,data/encodings/1796960/1796960_S05E12_48120_0.npy
1300,1080,1920,0,555,849,195,489,86436,0.042,48144,/home/amos/media/tv/homeland/Homeland.S05.1080p.BluRay.x265-RARBG/Homeland.S05E12.1080p.BluRay.x265-RARBG.mp4,5,12,1796960,data/encodings/1796960/1796960_S05E12_48144_0.npy
1301,1080,1920,0,1090,1384,195,489,86436,0.042,48168,/home/amos/media/tv/homeland/Homeland.S05.1080p.BluRay.x265-RARBG/Homeland.S05E12.1080p.BluRay.x265-RARBG.mp4,5,12,1796960,data/encodings/1796960/1796960_S05E12_48168_0.npy
1302,1080,1920,0,1090,1384,195,489,86436,0.042,48192,/home/amos/media/tv/homeland/Homeland.S05.1080p.BluRay.x265-RARBG/Homeland.S05E12.1080p.BluRay.x265-RARBG.mp4,5,12,1796960,data/encodings/1796960/1796960_S05E12_48192_0.npy
1303,1080,1920,0,1090,1384,195,489,86436,0.042,48216,/home/amos/media/tv/homeland/Homeland.S05.1080p.BluRay.x265-RARBG/Homeland.S05E12.1080p.BluRay.x265-RARBG.mp4,5,12,1796960,data/encodings/1796960/1796960_S05E12_48216_0.npy
1304,1080,1920,0,283,636,137,489,124256,0.06,48240,/home/amos/media/tv/homeland/Homeland.S05.1080p.BluRay.x265-RARBG/Homeland.S05E12.1080p.BluRay.x265-RARBG.mp4,5,12,1796960,data/encodings/1796960/1796960_S05E12_48240_0.npy
1305,1080,1920,0,248,600,137,489,123904,0.06,48264,/home/amos/media/tv/homeland/Homeland.S05.1080p.BluRay.x265-RARBG/Homeland.S05E12.1080p.BluRay.x265-RARBG.mp4,5,12,1796960,data/encodings/1796960/1796960_S05E12_48264_0.npy
1306,1080,1920,0,248,600,137,489,123904,0.06,48288,/home/amos/media/tv/homeland/Homeland.S05.1080p.BluRay.x265-RARBG/Homeland.S05E12.1080p.BluRay.x265-RARBG.mp4,5,12,1796960,data/encodings/1796960/1796960_S05E12_48288_0.npy
1307,1080,1920,0,248,600,172,525,124256,0.06,48312,/home/amos/media/tv/homeland/Homeland.S05.1080p.BluRay.x265-RARBG/Homeland.S05E12.1080p.BluRay.x265-RARBG.mp4,5,12,1796960,data/encodings/1796960/1796960_S05E12_48312_0.npy
1308,1080,1920,0,1227,1472,181,426,60025,0.029,48336,/home/amos/media/tv/homeland/Homeland.S05.1080p.BluRay.x265-RARBG/Homeland.S05E12.1080p.BluRay.x265-RARBG.mp4,5,12,1796960,data/encodings/1796960/1796960_S05E12_48336_0.npy
1309,1080,1920,0,1227,1472,181,426,60025,0.029,48360,/home/amos/media/tv/homeland/Homeland.S05.1080p.BluRay.x265-RARBG/Homeland.S05E12.1080p.BluRay.x265-RARBG.mp4,5,12,1796960,data/encodings/1796960/1796960_S05E12_48360_0.npy
1310,1080,1920,0,1202,1447,181,426,60025,0.029,48384,/home/amos/media/tv/homeland/Homeland.S05.1080p.BluRay.x265-RARBG/Homeland.S05E12.1080p.BluRay.x265-RARBG.mp4,5,12,1796960,data/encodings/1796960/1796960_S05E12_48384_0.npy
1311,1080,1920,0,1179,1473,166,459,86142,0.042,48408,/home/amos/media/tv/homeland/Homeland.S05.1080p.BluRay.x265-RARBG/Homeland.S05E12.1080p.BluRay.x265-RARBG.mp4,5,12,1796960,data/encodings/1796960/1796960_S05E12_48408_0.npy
1312,1080,1920,0,1209,1503,166,459,86142,0.042,48432,/home/amos/media/tv/homeland/Homeland.S05.1080p.BluRay.x265-RARBG/Homeland.S05E12.1080p.BluRay.x265-RARBG.mp4,5,12,1796960,data/encodings/1796960/1796960_S05E12_48432_0.npy
1313,1080,1920,0,1361,1503,226,368,20164,0.01,48456,/home/amos/media/tv/homeland/Homeland.S05.1080p.BluRay.x265-RARBG/Homeland.S05E12.1080p.BluRay.x265-RARBG.mp4,5,12,1796960,data/encodings/1796960/1796960_S05E12_48456_0.npy
1314,1080,1920,1,372,542,130,299,28730,0.014,48456,/home/amos/media/tv/homeland/Homeland.S05.1080p.BluRay.x265-RARBG/Homeland.S05E12.1080p.BluRay.x265-RARBG.mp4,5,12,1796960,data/encodings/1796960/1796960_S05E12_48456_1.npy
1315,1080,1920,0,372,542,112,282,28900,0.014,48480,/home/amos/media/tv/homeland/Homeland.S05.1080p.BluRay.x265-RARBG/Homeland.S05E12.1080p.BluRay.x265-RARBG.mp4,5,12,1796960,data/encodings/1796960/1796960_S05E12_48480_0.npy
1316,1080,1920,1,1361,1503,226,368,20164,0.01,48480,/home/amos/media/tv/homeland/Homeland.S05.1080p.BluRay.x265-RARBG/Homeland.S05E12.1080p.BluRay.x265-RARBG.mp4,5,12,1796960,data/encodings/1796960/1796960_S05E12_48480_1.npy
1317,1080,1920,0,1361,1503,226,368,20164,0.01,48504,/home/amos/media/tv/homeland/Homeland.S05.1080p.BluRay.x265-RARBG/Homeland.S05E12.1080p.BluRay.x265-RARBG.mp4,5,12,1796960,data/encodings/1796960/1796960_S05E12_48504_0.npy
1318,1080,1920,1,372,542,130,299,28730,0.014,48504,/home/amos/media/tv/homeland/Homeland.S05.1080p.BluRay.x265-RARBG/Homeland.S05E12.1080p.BluRay.x265-RARBG.mp4,5,12,1796960,data/encodings/1796960/1796960_S05E12_48504_1.npy
1319,1080,1920,0,1361,1503,226,368,20164,0.01,48528,/home/amos/media/tv/homeland/Homeland.S05.1080p.BluRay.x265-RARBG/Homeland.S05E12.1080p.BluRay.x265-RARBG.mp4,5,12,1796960,data/encodings/1796960/1796960_S05E12_48528_0.npy
1320,1080,1920,1,372,542,112,282,28900,0.014,48528,/home/amos/media/tv/homeland/Homeland.S05.1080p.BluRay.x265-RARBG/Homeland.S05E12.1080p.BluRay.x265-RARBG.mp4,5,12,1796960,data/encodings/1796960/1796960_S05E12_48528_1.npy
1321,1080,1920,0,1361,1503,226,368,20164,0.01,48552,/home/amos/media/tv/homeland/Homeland.S05.1080p.BluRay.x265-RARBG/Homeland.S05E12.1080p.BluRay.x265-RARBG.mp4,5,12,1796960,data/encodings/1796960/1796960_S05E12_48552_0.npy
1322,1080,1920,1,372,542,130,299,28730,0.014,48552,/home/amos/media/tv/homeland/Homeland.S05.1080p.BluRay.x265-RARBG/Homeland.S05E12.1080p.BluRay.x265-RARBG.mp4,5,12,1796960,data/encodings/1796960/1796960_S05E12_48552_1.npy
1323,1080,1920,0,372,542,130,299,28730,0.014,48576,/home/amos/media/tv/homeland/Homeland.S05.1080p.BluRay.x265-RARBG/Homeland.S05E12.1080p.BluRay.x265-RARBG.mp4,5,12,1796960,data/encodings/1796960/1796960_S05E12_48576_0.npy
1324,1080,1920,1,1376,1517,226,368,20022,0.01,48576,/home/amos/media/tv/homeland/Homeland.S05.1080p.BluRay.x265-RARBG/Homeland.S05E12.1080p.BluRay.x265-RARBG.mp4,5,12,1796960,data/encodings/1796960/1796960_S05E12_48576_1.npy
1325,1080,1920,0,1376,1517,226,368,20022,0.01,48600,/home/amos/media/tv/homeland/Homeland.S05.1080p.BluRay.x265-RARBG/Homeland.S05E12.1080p.BluRay.x265-RARBG.mp4,5,12,1796960,data/encodings/1796960/1796960_S05E12_48600_0.npy
1326,1080,1920,1,372,542,130,299,28730,0.014,48600,/home/amos/media/tv/homeland/Homeland.S05.1080p.BluRay.x265-RARBG/Homeland.S05E12.1080p.BluRay.x265-RARBG.mp4,5,12,1796960,data/encodings/1796960/1796960_S05E12_48600_1.npy
1327,1080,1920,0,1376,1517,226,368,20022,0.01,48624,/home/amos/media/tv/homeland/Homeland.S05.1080p.BluRay.x265-RARBG/Homeland.S05E12.1080p.BluRay.x265-RARBG.mp4,5,12,1796960,data/encodings/1796960/1796960_S05E12_48624_0.npy
1328,1080,1920,1,355,525,95,265,28900,0.014,48624,/home/amos/media/tv/homeland/Homeland.S05.1080p.BluRay.x265-RARBG/Homeland.S05E12.1080p.BluRay.x265-RARBG.mp4,5,12,1796960,data/encodings/1796960/1796960_S05E12_48624_1.npy
1329,1080,1920,0,1051,1558,262,769,257049,0.124,48648,/home/amos/media/tv/homeland/Homeland.S05.1080p.BluRay.x265-RARBG/Homeland.S05E12.1080p.BluRay.x265-RARBG.mp4,5,12,1796960,data/encodings/1796960/1796960_S05E12_48648_0.npy
1330,1080,1920,0,1051,1558,262,769,257049,0.124,48672,/home/amos/media/tv/homeland/Homeland.S05.1080p.BluRay.x265-RARBG/Homeland.S05E12.1080p.BluRay.x265-RARBG.mp4,5,12,1796960,data/encodings/1796960/1796960_S05E12_48672_0.npy
1331,1080,1920,0,317,611,255,548,86142,0.042,48696,/home/amos/media/tv/homeland/Homeland.S05.1080p.BluRay.x265-RARBG/Homeland.S05E12.1080p.BluRay.x265-RARBG.mp4,5,12,1796960,data/encodings/1796960/1796960_S05E12_48696_0.npy
1332,1080,1920,0,258,552,285,578,86142,0.042,48720,/home/amos/media/tv/homeland/Homeland.S05.1080p.BluRay.x265-RARBG/Homeland.S05E12.1080p.BluRay.x265-RARBG.mp4,5,12,1796960,data/encodings/1796960/1796960_S05E12_48720_0.npy
1333,1080,1920,0,1227,1472,181,426,60025,0.029,48744,/home/amos/media/tv/homeland/Homeland.S05.1080p.BluRay.x265-RARBG/Homeland.S05E12.1080p.BluRay.x265-RARBG.mp4,5,12,1796960,data/encodings/1796960/1796960_S05E12_48744_0.npy
1334,1080,1920,0,1227,1472,156,401,60025,0.029,48768,/home/amos/media/tv/homeland/Homeland.S05.1080p.BluRay.x265-RARBG/Homeland.S05E12.1080p.BluRay.x265-RARBG.mp4,5,12,1796960,data/encodings/1796960/1796960_S05E12_48768_0.npy
1335,1080,1920,0,1227,1472,181,426,60025,0.029,48792,/home/amos/media/tv/homeland/Homeland.S05.1080p.BluRay.x265-RARBG/Homeland.S05E12.1080p.BluRay.x265-RARBG.mp4,5,12,1796960,data/encodings/1796960/1796960_S05E12_48792_0.npy
1336,1080,1920,0,554,977,261,683,178506,0.086,48816,/home/amos/media/tv/homeland/Homeland.S05.1080p.BluRay.x265-RARBG/Homeland.S05E12.1080p.BluRay.x265-RARBG.mp4,5,12,1796960,data/encodings/1796960/1796960_S05E12_48816_0.npy
1337,1080,1920,0,982,1405,261,683,178506,0.086,48840,/home/amos/media/tv/homeland/Homeland.S05.1080p.BluRay.x265-RARBG/Homeland.S05E12.1080p.BluRay.x265-RARBG.mp4,5,12,1796960,data/encodings/1796960/1796960_S05E12_48840_0.npy
1338,1080,1920,0,897,1404,159,666,257049,0.124,48864,/home/amos/media/tv/homeland/Homeland.S05.1080p.BluRay.x265-RARBG/Homeland.S05E12.1080p.BluRay.x265-RARBG.mp4,5,12,1796960,data/encodings/1796960/1796960_S05E12_48864_0.npy
1339,1080,1920,0,940,1362,132,555,178506,0.086,48888,/home/amos/media/tv/homeland/Homeland.S05.1080p.BluRay.x265-RARBG/Homeland.S05E12.1080p.BluRay.x265-RARBG.mp4,5,12,1796960,data/encodings/1796960/1796960_S05E12_48888_0.npy
1340,1080,1920,0,940,1362,132,555,178506,0.086,48912,/home/amos/media/tv/homeland/Homeland.S05.1080p.BluRay.x265-RARBG/Homeland.S05E12.1080p.BluRay.x265-RARBG.mp4,5,12,1796960,data/encodings/1796960/1796960_S05E12_48912_0.npy
1341,1080,1920,0,597,1020,303,726,178929,0.086,48936,/home/amos/media/tv/homeland/Homeland.S05.1080p.BluRay.x265-RARBG/Homeland.S05E12.1080p.BluRay.x265-RARBG.mp4,5,12,1796960,data/encodings/1796960/1796960_S05E12_48936_0.npy
1342,1080,1920,0,554,977,303,726,178929,0.086,48960,/home/amos/media/tv/homeland/Homeland.S05.1080p.BluRay.x265-RARBG/Homeland.S05E12.1080p.BluRay.x265-RARBG.mp4,5,12,1796960,data/encodings/1796960/1796960_S05E12_48960_0.npy
1343,1080,1920,0,854,1277,261,683,178506,0.086,48984,/home/amos/media/tv/homeland/Homeland.S05.1080p.BluRay.x265-RARBG/Homeland.S05E12.1080p.BluRay.x265-RARBG.mp4,5,12,1796960,data/encodings/1796960/1796960_S05E12_48984_0.npy
1344,1080,1920,0,854,1277,218,640,178506,0.086,49008,/home/amos/media/tv/homeland/Homeland.S05.1080p.BluRay.x265-RARBG/Homeland.S05E12.1080p.BluRay.x265-RARBG.mp4,5,12,1796960,data/encodings/1796960/1796960_S05E12_49008_0.npy
1345,1080,1920,0,897,1319,218,640,178084,0.086,49032,/home/amos/media/tv/homeland/Homeland.S05.1080p.BluRay.x265-RARBG/Homeland.S05E12.1080p.BluRay.x265-RARBG.mp4,5,12,1796960,data/encodings/1796960/1796960_S05E12_49032_0.npy
1346,1080,1920,0,897,1319,261,683,178084,0.086,49056,/home/amos/media/tv/homeland/Homeland.S05.1080p.BluRay.x265-RARBG/Homeland.S05E12.1080p.BluRay.x265-RARBG.mp4,5,12,1796960,data/encodings/1796960/1796960_S05E12_49056_0.npy
1347,1080,1920,0,897,1319,261,683,178084,0.086,49080,/home/amos/media/tv/homeland/Homeland.S05.1080p.BluRay.x265-RARBG/Homeland.S05E12.1080p.BluRay.x265-RARBG.mp4,5,12,1796960,data/encodings/1796960/1796960_S05E12_49080_0.npy
1348,1080,1920,0,897,1319,218,640,178084,0.086,49104,/home/amos/media/tv/homeland/Homeland.S05.1080p.BluRay.x265-RARBG/Homeland.S05E12.1080p.BluRay.x265-RARBG.mp4,5,12,1796960,data/encodings/1796960/1796960_S05E12_49104_0.npy
1349,1080,1920,0,486,993,210,717,257049,0.124,49128,/home/amos/media/tv/homeland/Homeland.S05.1080p.BluRay.x265-RARBG/Homeland.S05E12.1080p.BluRay.x265-RARBG.mp4,5,12,1796960,data/encodings/1796960/1796960_S05E12_49128_0.npy
1350,1080,1920,0,512,934,261,683,178084,0.086,49152,/home/amos/media/tv/homeland/Homeland.S05.1080p.BluRay.x265-RARBG/Homeland.S05E12.1080p.BluRay.x265-RARBG.mp4,5,12,1796960,data/encodings/1796960/1796960_S05E12_49152_0.npy
1351,1080,1920,0,1051,1558,210,717,257049,0.124,49176,/home/amos/media/tv/homeland/Homeland.S05.1080p.BluRay.x265-RARBG/Homeland.S05E12.1080p.BluRay.x265-RARBG.mp4,5,12,1796960,data/encodings/1796960/1796960_S05E12_49176_0.npy
1352,1080,1920,0,948,1455,210,717,257049,0.124,49200,/home/amos/media/tv/homeland/Homeland.S05.1080p.BluRay.x265-RARBG/Homeland.S05E12.1080p.BluRay.x265-RARBG.mp4,5,12,1796960,data/encodings/1796960/1796960_S05E12_49200_0.npy
1353,1080,1920,0,982,1405,261,683,178506,0.086,49224,/home/amos/media/tv/homeland/Homeland.S05.1080p.BluRay.x265-RARBG/Homeland.S05E12.1080p.BluRay.x265-RARBG.mp4,5,12,1796960,data/encodings/1796960/1796960_S05E12_49224_0.npy
1354,1080,1920,0,940,1362,175,598,178506,0.086,49248,/home/amos/media/tv/homeland/Homeland.S05.1080p.BluRay.x265-RARBG/Homeland.S05E12.1080p.BluRay.x265-RARBG.mp4,5,12,1796960,data/encodings/1796960/1796960_S05E12_49248_0.npy
1355,1080,1920,0,948,1455,159,666,257049,0.124,49272,/home/amos/media/tv/homeland/Homeland.S05.1080p.BluRay.x265-RARBG/Homeland.S05E12.1080p.BluRay.x265-RARBG.mp4,5,12,1796960,data/encodings/1796960/1796960_S05E12_49272_0.npy
1356,1080,1920,0,298,720,261,683,178084,0.086,49296,/home/amos/media/tv/homeland/Homeland.S05.1080p.BluRay.x265-RARBG/Homeland.S05E12.1080p.BluRay.x265-RARBG.mp4,5,12,1796960,data/encodings/1796960/1796960_S05E12_49296_0.npy
1357,1080,1920,0,897,1404,159,666,257049,0.124,49320,/home/amos/media/tv/homeland/Homeland.S05.1080p.BluRay.x265-RARBG/Homeland.S05E12.1080p.BluRay.x265-RARBG.mp4,5,12,1796960,data/encodings/1796960/1796960_S05E12_49320_0.npy
1358,1080,1920,0,948,1455,159,666,257049,0.124,49344,/home/amos/media/tv/homeland/Homeland.S05.1080p.BluRay.x265-RARBG/Homeland.S05E12.1080p.BluRay.x265-RARBG.mp4,5,12,1796960,data/encodings/1796960/1796960_S05E12_49344_0.npy
1359,1080,1920,0,383,806,303,726,178929,0.086,49368,/home/amos/media/tv/homeland/Homeland.S05.1080p.BluRay.x265-RARBG/Homeland.S05E12.1080p.BluRay.x265-RARBG.mp4,5,12,1796960,data/encodings/1796960/1796960_S05E12_49368_0.npy
1360,1080,1920,0,332,839,262,769,257049,0.124,49392,/home/amos/media/tv/homeland/Homeland.S05.1080p.BluRay.x265-RARBG/Homeland.S05E12.1080p.BluRay.x265-RARBG.mp4,5,12,1796960,data/encodings/1796960/1796960_S05E12_49392_0.npy
1361,1080,1920,0,332,839,262,769,257049,0.124,49416,/home/amos/media/tv/homeland/Homeland.S05.1080p.BluRay.x265-RARBG/Homeland.S05E12.1080p.BluRay.x265-RARBG.mp4,5,12,1796960,data/encodings/1796960/1796960_S05E12_49416_0.npy
1362,1080,1920,0,948,1455,159,666,257049,0.124,49440,/home/amos/media/tv/homeland/Homeland.S05.1080p.BluRay.x265-RARBG/Homeland.S05E12.1080p.BluRay.x265-RARBG.mp4,5,12,1796960,data/encodings/1796960/1796960_S05E12_49440_0.npy
1363,1080,1920,0,948,1455,159,666,257049,0.124,49464,/home/amos/media/tv/homeland/Homeland.S05.1080p.BluRay.x265-RARBG/Homeland.S05E12.1080p.BluRay.x265-RARBG.mp4,5,12,1796960,data/encodings/1796960/1796960_S05E12_49464_0.npy
1364,1080,1920,0,999,1507,210,717,257556,0.124,49488,/home/amos/media/tv/homeland/Homeland.S05.1080p.BluRay.x265-RARBG/Homeland.S05E12.1080p.BluRay.x265-RARBG.mp4,5,12,1796960,data/encodings/1796960/1796960_S05E12_49488_0.npy
1365,1080,1920,0,280,788,210,717,257556,0.124,49512,/home/amos/media/tv/homeland/Homeland.S05.1080p.BluRay.x265-RARBG/Homeland.S05E12.1080p.BluRay.x265-RARBG.mp4,5,12,1796960,data/encodings/1796960/1796960_S05E12_49512_0.npy
1366,1080,1920,0,280,788,262,769,257556,0.124,49536,/home/amos/media/tv/homeland/Homeland.S05.1080p.BluRay.x265-RARBG/Homeland.S05E12.1080p.BluRay.x265-RARBG.mp4,5,12,1796960,data/encodings/1796960/1796960_S05E12_49536_0.npy
1367,1080,1920,0,999,1507,210,717,257556,0.124,49560,/home/amos/media/tv/homeland/Homeland.S05.1080p.BluRay.x265-RARBG/Homeland.S05E12.1080p.BluRay.x265-RARBG.mp4,5,12,1796960,data/encodings/1796960/1796960_S05E12_49560_0.npy
1368,1080,1920,0,1102,1609,159,666,257049,0.124,49584,/home/amos/media/tv/homeland/Homeland.S05.1080p.BluRay.x265-RARBG/Homeland.S05E12.1080p.BluRay.x265-RARBG.mp4,5,12,1796960,data/encodings/1796960/1796960_S05E12_49584_0.npy
1369,1080,1920,0,1051,1558,159,666,257049,0.124,49608,/home/amos/media/tv/homeland/Homeland.S05.1080p.BluRay.x265-RARBG/Homeland.S05E12.1080p.BluRay.x265-RARBG.mp4,5,12,1796960,data/encodings/1796960/1796960_S05E12_49608_0.npy
1370,1080,1920,0,1051,1558,159,666,257049,0.124,49632,/home/amos/media/tv/homeland/Homeland.S05.1080p.BluRay.x265-RARBG/Homeland.S05E12.1080p.BluRay.x265-RARBG.mp4,5,12,1796960,data/encodings/1796960/1796960_S05E12_49632_0.npy
1371,1080,1920,0,1102,1609,159,666,257049,0.124,49656,/home/amos/media/tv/homeland/Homeland.S05.1080p.BluRay.x265-RARBG/Homeland.S05E12.1080p.BluRay.x265-RARBG.mp4,5,12,1796960,data/encodings/1796960/1796960_S05E12_49656_0.npy
1372,1080,1920,0,1051,1558,159,666,257049,0.124,49680,/home/amos/media/tv/homeland/Homeland.S05.1080p.BluRay.x265-RARBG/Homeland.S05E12.1080p.BluRay.x265-RARBG.mp4,5,12,1796960,data/encodings/1796960/1796960_S05E12_49680_0.npy
1373,1080,1920,0,1051,1558,159,666,257049,0.124,49704,/home/amos/media/tv/homeland/Homeland.S05.1080p.BluRay.x265-RARBG/Homeland.S05E12.1080p.BluRay.x265-RARBG.mp4,5,12,1796960,data/encodings/1796960/1796960_S05E12_49704_0.npy
1374,1080,1920,0,1051,1558,159,666,257049,0.124,49728,/home/amos/media/tv/homeland/Homeland.S05.1080p.BluRay.x265-RARBG/Homeland.S05E12.1080p.BluRay.x265-RARBG.mp4,5,12,1796960,data/encodings/1796960/1796960_S05E12_49728_0.npy
1375,1080,1920,0,298,720,303,726,178506,0.086,49752,/home/amos/media/tv/homeland/Homeland.S05.1080p.BluRay.x265-RARBG/Homeland.S05E12.1080p.BluRay.x265-RARBG.mp4,5,12,1796960,data/encodings/1796960/1796960_S05E12_49752_0.npy
1376,1080,1920,0,298,720,303,726,178506,0.086,49776,/home/amos/media/tv/homeland/Homeland.S05.1080p.BluRay.x265-RARBG/Homeland.S05E12.1080p.BluRay.x265-RARBG.mp4,5,12,1796960,data/encodings/1796960/1796960_S05E12_49776_0.npy
1377,1080,1920,0,298,720,303,726,178506,0.086,49800,/home/amos/media/tv/homeland/Homeland.S05.1080p.BluRay.x265-RARBG/Homeland.S05E12.1080p.BluRay.x265-RARBG.mp4,5,12,1796960,data/encodings/1796960/1796960_S05E12_49800_0.npy
1378,1080,1920,0,298,720,261,683,178084,0.086,49824,/home/amos/media/tv/homeland/Homeland.S05.1080p.BluRay.x265-RARBG/Homeland.S05E12.1080p.BluRay.x265-RARBG.mp4,5,12,1796960,data/encodings/1796960/1796960_S05E12_49824_0.npy
1379,1080,1920,0,298,720,303,726,178506,0.086,49848,/home/amos/media/tv/homeland/Homeland.S05.1080p.BluRay.x265-RARBG/Homeland.S05E12.1080p.BluRay.x265-RARBG.mp4,5,12,1796960,data/encodings/1796960/1796960_S05E12_49848_0.npy
1380,1080,1920,0,298,720,303,726,178506,0.086,49872,/home/amos/media/tv/homeland/Homeland.S05.1080p.BluRay.x265-RARBG/Homeland.S05E12.1080p.BluRay.x265-RARBG.mp4,5,12,1796960,data/encodings/1796960/1796960_S05E12_49872_0.npy
1381,1080,1920,0,298,720,261,683,178084,0.086,49896,/home/amos/media/tv/homeland/Homeland.S05.1080p.BluRay.x265-RARBG/Homeland.S05E12.1080p.BluRay.x265-RARBG.mp4,5,12,1796960,data/encodings/1796960/1796960_S05E12_49896_0.npy
1382,1080,1920,0,298,720,261,683,178084,0.086,49920,/home/amos/media/tv/homeland/Homeland.S05.1080p.BluRay.x265-RARBG/Homeland.S05E12.1080p.BluRay.x265-RARBG.mp4,5,12,1796960,data/encodings/1796960/1796960_S05E12_49920_0.npy
1383,1080,1920,0,948,1455,159,666,257049,0.124,49944,/home/amos/media/tv/homeland/Homeland.S05.1080p.BluRay.x265-RARBG/Homeland.S05E12.1080p.BluRay.x265-RARBG.mp4,5,12,1796960,data/encodings/1796960/1796960_S05E12_49944_0.npy
1384,1080,1920,0,948,1455,159,666,257049,0.124,49968,/home/amos/media/tv/homeland/Homeland.S05.1080p.BluRay.x265-RARBG/Homeland.S05E12.1080p.BluRay.x265-RARBG.mp4,5,12,1796960,data/encodings/1796960/1796960_S05E12_49968_0.npy
1385,1080,1920,0,298,720,303,726,178506,0.086,49992,/home/amos/media/tv/homeland/Homeland.S05.1080p.BluRay.x265-RARBG/Homeland.S05E12.1080p.BluRay.x265-RARBG.mp4,5,12,1796960,data/encodings/1796960/1796960_S05E12_49992_0.npy
1386,1080,1920,0,298,720,303,726,178506,0.086,50016,/home/amos/media/tv/homeland/Homeland.S05.1080p.BluRay.x265-RARBG/Homeland.S05E12.1080p.BluRay.x265-RARBG.mp4,5,12,1796960,data/encodings/1796960/1796960_S05E12_50016_0.npy
1387,1080,1920,0,298,720,261,683,178084,0.086,50040,/home/amos/media/tv/homeland/Homeland.S05.1080p.BluRay.x265-RARBG/Homeland.S05E12.1080p.BluRay.x265-RARBG.mp4,5,12,1796960,data/encodings/1796960/1796960_S05E12_50040_0.npy
1388,1080,1920,0,435,942,262,769,257049,0.124,50064,/home/amos/media/tv/homeland/Homeland.S05.1080p.BluRay.x265-RARBG/Homeland.S05E12.1080p.BluRay.x265-RARBG.mp4,5,12,1796960,data/encodings/1796960/1796960_S05E12_50064_0.npy
1389,1080,1920,0,75,684,222,830,370272,0.179,50088,/home/amos/media/tv/homeland/Homeland.S05.1080p.BluRay.x265-RARBG/Homeland.S05E12.1080p.BluRay.x265-RARBG.mp4,5,12,1796960,data/encodings/1796960/1796960_S05E12_50088_0.npy
1390,1080,1920,0,198,807,222,830,370272,0.179,50112,/home/amos/media/tv/homeland/Homeland.S05.1080p.BluRay.x265-RARBG/Homeland.S05E12.1080p.BluRay.x265-RARBG.mp4,5,12,1796960,data/encodings/1796960/1796960_S05E12_50112_0.npy
1391,1080,1920,0,260,868,160,769,370272,0.179,50136,/home/amos/media/tv/homeland/Homeland.S05.1080p.BluRay.x265-RARBG/Homeland.S05E12.1080p.BluRay.x265-RARBG.mp4,5,12,1796960,data/encodings/1796960/1796960_S05E12_50136_0.npy
1392,1080,1920,0,948,1455,210,717,257049,0.124,50160,/home/amos/media/tv/homeland/Homeland.S05.1080p.BluRay.x265-RARBG/Homeland.S05E12.1080p.BluRay.x265-RARBG.mp4,5,12,1796960,data/encodings/1796960/1796960_S05E12_50160_0.npy
1393,1080,1920,0,948,1455,210,717,257049,0.124,50184,/home/amos/media/tv/homeland/Homeland.S05.1080p.BluRay.x265-RARBG/Homeland.S05E12.1080p.BluRay.x265-RARBG.mp4,5,12,1796960,data/encodings/1796960/1796960_S05E12_50184_0.npy
1394,1080,1920,0,260,868,222,830,369664,0.178,50208,/home/amos/media/tv/homeland/Homeland.S05.1080p.BluRay.x265-RARBG/Homeland.S05E12.1080p.BluRay.x265-RARBG.mp4,5,12,1796960,data/encodings/1796960/1796960_S05E12_50208_0.npy
1395,1080,1920,0,260,868,222,830,369664,0.178,50232,/home/amos/media/tv/homeland/Homeland.S05.1080p.BluRay.x265-RARBG/Homeland.S05E12.1080p.BluRay.x265-RARBG.mp4,5,12,1796960,data/encodings/1796960/1796960_S05E12_50232_0.npy
1396,1080,1920,0,982,1405,218,640,178506,0.086,50256,/home/amos/media/tv/homeland/Homeland.S05.1080p.BluRay.x265-RARBG/Homeland.S05E12.1080p.BluRay.x265-RARBG.mp4,5,12,1796960,data/encodings/1796960/1796960_S05E12_50256_0.npy
1397,1080,1920,0,982,1405,218,640,178506,0.086,50280,/home/amos/media/tv/homeland/Homeland.S05.1080p.BluRay.x265-RARBG/Homeland.S05E12.1080p.BluRay.x265-RARBG.mp4,5,12,1796960,data/encodings/1796960/1796960_S05E12_50280_0.npy
1398,1080,1920,0,948,1455,210,717,257049,0.124,50304,/home/amos/media/tv/homeland/Homeland.S05.1080p.BluRay.x265-RARBG/Homeland.S05E12.1080p.BluRay.x265-RARBG.mp4,5,12,1796960,data/encodings/1796960/1796960_S05E12_50304_0.npy
1399,1080,1920,0,948,1455,210,717,257049,0.124,50328,/home/amos/media/tv/homeland/Homeland.S05.1080p.BluRay.x265-RARBG/Homeland.S05E12.1080p.BluRay.x265-RARBG.mp4,5,12,1796960,data/encodings/1796960/1796960_S05E12_50328_0.npy
1400,1080,1920,0,340,763,175,598,178929,0.086,50352,/home/amos/media/tv/homeland/Homeland.S05.1080p.BluRay.x265-RARBG/Homeland.S05E12.1080p.BluRay.x265-RARBG.mp4,5,12,1796960,data/encodings/1796960/1796960_S05E12_50352_0.npy
1401,1080,1920,0,340,763,218,640,178506,0.086,50376,/home/amos/media/tv/homeland/Homeland.S05.1080p.BluRay.x265-RARBG/Homeland.S05E12.1080p.BluRay.x265-RARBG.mp4,5,12,1796960,data/encodings/1796960/1796960_S05E12_50376_0.npy
1402,1080,1920,0,340,763,218,640,178506,0.086,50400,/home/amos/media/tv/homeland/Homeland.S05.1080p.BluRay.x265-RARBG/Homeland.S05E12.1080p.BluRay.x265-RARBG.mp4,5,12,1796960,data/encodings/1796960/1796960_S05E12_50400_0.npy
1403,1080,1920,0,340,763,218,640,178506,0.086,50424,/home/amos/media/tv/homeland/Homeland.S05.1080p.BluRay.x265-RARBG/Homeland.S05E12.1080p.BluRay.x265-RARBG.mp4,5,12,1796960,data/encodings/1796960/1796960_S05E12_50424_0.npy
1404,1080,1920,0,383,806,175,598,178929,0.086,50448,/home/amos/media/tv/homeland/Homeland.S05.1080p.BluRay.x265-RARBG/Homeland.S05E12.1080p.BluRay.x265-RARBG.mp4,5,12,1796960,data/encodings/1796960/1796960_S05E12_50448_0.npy
1405,1080,1920,0,1031,1324,195,489,86142,0.042,50472,/home/amos/media/tv/homeland/Homeland.S05.1080p.BluRay.x265-RARBG/Homeland.S05E12.1080p.BluRay.x265-RARBG.mp4,5,12,1796960,data/encodings/1796960/1796960_S05E12_50472_0.npy
1406,1080,1920,0,1031,1324,195,489,86142,0.042,50496,/home/amos/media/tv/homeland/Homeland.S05.1080p.BluRay.x265-RARBG/Homeland.S05E12.1080p.BluRay.x265-RARBG.mp4,5,12,1796960,data/encodings/1796960/1796960_S05E12_50496_0.npy
1407,1080,1920,0,1031,1324,195,489,86142,0.042,50520,/home/amos/media/tv/homeland/Homeland.S05.1080p.BluRay.x265-RARBG/Homeland.S05E12.1080p.BluRay.x265-RARBG.mp4,5,12,1796960,data/encodings/1796960/1796960_S05E12_50520_0.npy
1408,1080,1920,0,340,763,175,598,178929,0.086,50544,/home/amos/media/tv/homeland/Homeland.S05.1080p.BluRay.x265-RARBG/Homeland.S05E12.1080p.BluRay.x265-RARBG.mp4,5,12,1796960,data/encodings/1796960/1796960_S05E12_50544_0.npy
1409,1080,1920,0,340,763,175,598,178929,0.086,50568,/home/amos/media/tv/homeland/Homeland.S05.1080p.BluRay.x265-RARBG/Homeland.S05E12.1080p.BluRay.x265-RARBG.mp4,5,12,1796960,data/encodings/1796960/1796960_S05E12_50568_0.npy
1410,1080,1920,0,1111,1533,218,640,178084,0.086,50592,/home/amos/media/tv/homeland/Homeland.S05.1080p.BluRay.x265-RARBG/Homeland.S05E12.1080p.BluRay.x265-RARBG.mp4,5,12,1796960,data/encodings/1796960/1796960_S05E12_50592_0.npy
1411,1080,1920,0,999,1507,210,717,257556,0.124,50616,/home/amos/media/tv/homeland/Homeland.S05.1080p.BluRay.x265-RARBG/Homeland.S05E12.1080p.BluRay.x265-RARBG.mp4,5,12,1796960,data/encodings/1796960/1796960_S05E12_50616_0.npy
1412,1080,1920,0,999,1507,210,717,257556,0.124,50640,/home/amos/media/tv/homeland/Homeland.S05.1080p.BluRay.x265-RARBG/Homeland.S05E12.1080p.BluRay.x265-RARBG.mp4,5,12,1796960,data/encodings/1796960/1796960_S05E12_50640_0.npy
1413,1080,1920,0,999,1507,159,666,257556,0.124,50664,/home/amos/media/tv/homeland/Homeland.S05.1080p.BluRay.x265-RARBG/Homeland.S05E12.1080p.BluRay.x265-RARBG.mp4,5,12,1796960,data/encodings/1796960/1796960_S05E12_50664_0.npy
1414,1080,1920,0,999,1507,210,717,257556,0.124,50688,/home/amos/media/tv/homeland/Homeland.S05.1080p.BluRay.x265-RARBG/Homeland.S05E12.1080p.BluRay.x265-RARBG.mp4,5,12,1796960,data/encodings/1796960/1796960_S05E12_50688_0.npy
1415,1080,1920,0,999,1507,210,717,257556,0.124,50712,/home/amos/media/tv/homeland/Homeland.S05.1080p.BluRay.x265-RARBG/Homeland.S05E12.1080p.BluRay.x265-RARBG.mp4,5,12,1796960,data/encodings/1796960/1796960_S05E12_50712_0.npy
1416,1080,1920,0,999,1507,210,717,257556,0.124,50736,/home/amos/media/tv/homeland/Homeland.S05.1080p.BluRay.x265-RARBG/Homeland.S05E12.1080p.BluRay.x265-RARBG.mp4,5,12,1796960,data/encodings/1796960/1796960_S05E12_50736_0.npy
1417,1080,1920,0,999,1507,210,717,257556,0.124,50760,/home/amos/media/tv/homeland/Homeland.S05.1080p.BluRay.x265-RARBG/Homeland.S05E12.1080p.BluRay.x265-RARBG.mp4,5,12,1796960,data/encodings/1796960/1796960_S05E12_50760_0.npy
1418,1080,1920,0,999,1507,159,666,257556,0.124,50784,/home/amos/media/tv/homeland/Homeland.S05.1080p.BluRay.x265-RARBG/Homeland.S05E12.1080p.BluRay.x265-RARBG.mp4,5,12,1796960,data/encodings/1796960/1796960_S05E12_50784_0.npy
1419,1080,1920,0,1068,1491,218,640,178506,0.086,50808,/home/amos/media/tv/homeland/Homeland.S05.1080p.BluRay.x265-RARBG/Homeland.S05E12.1080p.BluRay.x265-RARBG.mp4,5,12,1796960,data/encodings/1796960/1796960_S05E12_50808_0.npy
1420,1080,1920,0,340,763,218,640,178506,0.086,50832,/home/amos/media/tv/homeland/Homeland.S05.1080p.BluRay.x265-RARBG/Homeland.S05E12.1080p.BluRay.x265-RARBG.mp4,5,12,1796960,data/encodings/1796960/1796960_S05E12_50832_0.npy
1421,1080,1920,0,340,763,218,640,178506,0.086,50856,/home/amos/media/tv/homeland/Homeland.S05.1080p.BluRay.x265-RARBG/Homeland.S05E12.1080p.BluRay.x265-RARBG.mp4,5,12,1796960,data/encodings/1796960/1796960_S05E12_50856_0.npy
1422,1080,1920,0,999,1507,210,717,257556,0.124,50880,/home/amos/media/tv/homeland/Homeland.S05.1080p.BluRay.x265-RARBG/Homeland.S05E12.1080p.BluRay.x265-RARBG.mp4,5,12,1796960,data/encodings/1796960/1796960_S05E12_50880_0.npy
1423,1080,1920,0,999,1507,210,717,257556,0.124,50904,/home/amos/media/tv/homeland/Homeland.S05.1080p.BluRay.x265-RARBG/Homeland.S05E12.1080p.BluRay.x265-RARBG.mp4,5,12,1796960,data/encodings/1796960/1796960_S05E12_50904_0.npy
1424,1080,1920,0,999,1507,159,666,257556,0.124,50928,/home/amos/media/tv/homeland/Homeland.S05.1080p.BluRay.x265-RARBG/Homeland.S05E12.1080p.BluRay.x265-RARBG.mp4,5,12,1796960,data/encodings/1796960/1796960_S05E12_50928_0.npy
1425,1080,1920,0,948,1455,210,717,257049,0.124,50952,/home/amos/media/tv/homeland/Homeland.S05.1080p.BluRay.x265-RARBG/Homeland.S05E12.1080p.BluRay.x265-RARBG.mp4,5,12,1796960,data/encodings/1796960/1796960_S05E12_50952_0.npy
1426,1080,1920,0,999,1507,210,717,257556,0.124,50976,/home/amos/media/tv/homeland/Homeland.S05.1080p.BluRay.x265-RARBG/Homeland.S05E12.1080p.BluRay.x265-RARBG.mp4,5,12,1796960,data/encodings/1796960/1796960_S05E12_50976_0.npy
1427,1080,1920,0,1051,1558,159,666,257049,0.124,51000,/home/amos/media/tv/homeland/Homeland.S05.1080p.BluRay.x265-RARBG/Homeland.S05E12.1080p.BluRay.x265-RARBG.mp4,5,12,1796960,data/encodings/1796960/1796960_S05E12_51000_0.npy
1428,1080,1920,0,1111,1533,218,640,178084,0.086,51024,/home/amos/media/tv/homeland/Homeland.S05.1080p.BluRay.x265-RARBG/Homeland.S05E12.1080p.BluRay.x265-RARBG.mp4,5,12,1796960,data/encodings/1796960/1796960_S05E12_51024_0.npy
1429,1080,1920,0,1051,1558,159,666,257049,0.124,51048,/home/amos/media/tv/homeland/Homeland.S05.1080p.BluRay.x265-RARBG/Homeland.S05E12.1080p.BluRay.x265-RARBG.mp4,5,12,1796960,data/encodings/1796960/1796960_S05E12_51048_0.npy
1430,1080,1920,0,1111,1533,218,640,178084,0.086,51072,/home/amos/media/tv/homeland/Homeland.S05.1080p.BluRay.x265-RARBG/Homeland.S05E12.1080p.BluRay.x265-RARBG.mp4,5,12,1796960,data/encodings/1796960/1796960_S05E12_51072_0.npy
1431,1080,1920,0,1051,1558,210,717,257049,0.124,51096,/home/amos/media/tv/homeland/Homeland.S05.1080p.BluRay.x265-RARBG/Homeland.S05E12.1080p.BluRay.x265-RARBG.mp4,5,12,1796960,data/encodings/1796960/1796960_S05E12_51096_0.npy
1432,1080,1920,0,322,930,222,830,369664,0.178,51120,/home/amos/media/tv/homeland/Homeland.S05.1080p.BluRay.x265-RARBG/Homeland.S05E12.1080p.BluRay.x265-RARBG.mp4,5,12,1796960,data/encodings/1796960/1796960_S05E12_51120_0.npy
1433,1080,1920,0,260,868,222,830,369664,0.178,51144,/home/amos/media/tv/homeland/Homeland.S05.1080p.BluRay.x265-RARBG/Homeland.S05E12.1080p.BluRay.x265-RARBG.mp4,5,12,1796960,data/encodings/1796960/1796960_S05E12_51144_0.npy
1434,1080,1920,0,260,868,222,830,369664,0.178,51168,/home/amos/media/tv/homeland/Homeland.S05.1080p.BluRay.x265-RARBG/Homeland.S05E12.1080p.BluRay.x265-RARBG.mp4,5,12,1796960,data/encodings/1796960/1796960_S05E12_51168_0.npy
1435,1080,1920,0,322,930,222,830,369664,0.178,51192,/home/amos/media/tv/homeland/Homeland.S05.1080p.BluRay.x265-RARBG/Homeland.S05E12.1080p.BluRay.x265-RARBG.mp4,5,12,1796960,data/encodings/1796960/1796960_S05E12_51192_0.npy
1436,1080,1920,0,322,930,222,830,369664,0.178,51216,/home/amos/media/tv/homeland/Homeland.S05.1080p.BluRay.x265-RARBG/Homeland.S05E12.1080p.BluRay.x265-RARBG.mp4,5,12,1796960,data/encodings/1796960/1796960_S05E12_51216_0.npy
1437,1080,1920,0,322,930,222,830,369664,0.178,51240,/home/amos/media/tv/homeland/Homeland.S05.1080p.BluRay.x265-RARBG/Homeland.S05E12.1080p.BluRay.x265-RARBG.mp4,5,12,1796960,data/encodings/1796960/1796960_S05E12_51240_0.npy
1438,1080,1920,0,1025,1448,218,640,178506,0.086,51264,/home/amos/media/tv/homeland/Homeland.S05.1080p.BluRay.x265-RARBG/Homeland.S05E12.1080p.BluRay.x265-RARBG.mp4,5,12,1796960,data/encodings/1796960/1796960_S05E12_51264_0.npy
1439,1080,1920,0,1025,1448,218,640,178506,0.086,51288,/home/amos/media/tv/homeland/Homeland.S05.1080p.BluRay.x265-RARBG/Homeland.S05E12.1080p.BluRay.x265-RARBG.mp4,5,12,1796960,data/encodings/1796960/1796960_S05E12_51288_0.npy
1440,1080,1920,0,999,1507,210,717,257556,0.124,51312,/home/amos/media/tv/homeland/Homeland.S05.1080p.BluRay.x265-RARBG/Homeland.S05E12.1080p.BluRay.x265-RARBG.mp4,5,12,1796960,data/encodings/1796960/1796960_S05E12_51312_0.npy
1441,1080,1920,0,1025,1448,218,640,178506,0.086,51336,/home/amos/media/tv/homeland/Homeland.S05.1080p.BluRay.x265-RARBG/Homeland.S05E12.1080p.BluRay.x265-RARBG.mp4,5,12,1796960,data/encodings/1796960/1796960_S05E12_51336_0.npy
1442,1080,1920,0,137,382,355,599,59780,0.029,51624,/home/amos/media/tv/homeland/Homeland.S05.1080p.BluRay.x265-RARBG/Homeland.S05E12.1080p.BluRay.x265-RARBG.mp4,5,12,1796960,data/encodings/1796960/1796960_S05E12_51624_0.npy
1443,1080,1920,0,212,456,355,599,59536,0.029,51648,/home/amos/media/tv/homeland/Homeland.S05.1080p.BluRay.x265-RARBG/Homeland.S05E12.1080p.BluRay.x265-RARBG.mp4,5,12,1796960,data/encodings/1796960/1796960_S05E12_51648_0.npy
1444,1080,1920,0,286,530,379,624,59780,0.029,51672,/home/amos/media/tv/homeland/Homeland.S05.1080p.BluRay.x265-RARBG/Homeland.S05E12.1080p.BluRay.x265-RARBG.mp4,5,12,1796960,data/encodings/1796960/1796960_S05E12_51672_0.npy
1445,1080,1920,0,385,630,379,624,60025,0.029,51696,/home/amos/media/tv/homeland/Homeland.S05.1080p.BluRay.x265-RARBG/Homeland.S05E12.1080p.BluRay.x265-RARBG.mp4,5,12,1796960,data/encodings/1796960/1796960_S05E12_51696_0.npy
1446,1080,1920,0,435,679,379,624,59780,0.029,51720,/home/amos/media/tv/homeland/Homeland.S05.1080p.BluRay.x265-RARBG/Homeland.S05E12.1080p.BluRay.x265-RARBG.mp4,5,12,1796960,data/encodings/1796960/1796960_S05E12_51720_0.npy
1447,1080,1920,0,517,720,409,613,41412,0.02,51744,/home/amos/media/tv/homeland/Homeland.S05.1080p.BluRay.x265-RARBG/Homeland.S05E12.1080p.BluRay.x265-RARBG.mp4,5,12,1796960,data/encodings/1796960/1796960_S05E12_51744_0.npy
1448,1080,1920,0,558,803,404,649,60025,0.029,51768,/home/amos/media/tv/homeland/Homeland.S05.1080p.BluRay.x265-RARBG/Homeland.S05E12.1080p.BluRay.x265-RARBG.mp4,5,12,1796960,data/encodings/1796960/1796960_S05E12_51768_0.npy
1449,1080,1920,0,599,803,429,633,41616,0.02,51792,/home/amos/media/tv/homeland/Homeland.S05.1080p.BluRay.x265-RARBG/Homeland.S05E12.1080p.BluRay.x265-RARBG.mp4,5,12,1796960,data/encodings/1796960/1796960_S05E12_51792_0.npy
1450,1080,1920,0,608,852,429,673,59536,0.029,51816,/home/amos/media/tv/homeland/Homeland.S05.1080p.BluRay.x265-RARBG/Homeland.S05E12.1080p.BluRay.x265-RARBG.mp4,5,12,1796960,data/encodings/1796960/1796960_S05E12_51816_0.npy
1451,1080,1920,0,608,852,429,673,59536,0.029,51840,/home/amos/media/tv/homeland/Homeland.S05.1080p.BluRay.x265-RARBG/Homeland.S05E12.1080p.BluRay.x265-RARBG.mp4,5,12,1796960,data/encodings/1796960/1796960_S05E12_51840_0.npy
1452,1080,1920,0,633,877,429,673,59536,0.029,51864,/home/amos/media/tv/homeland/Homeland.S05.1080p.BluRay.x265-RARBG/Homeland.S05E12.1080p.BluRay.x265-RARBG.mp4,5,12,1796960,data/encodings/1796960/1796960_S05E12_51864_0.npy
1453,1080,1920,0,387,528,68,210,20022,0.01,51888,/home/amos/media/tv/homeland/Homeland.S05.1080p.BluRay.x265-RARBG/Homeland.S05E12.1080p.BluRay.x265-RARBG.mp4,5,12,1796960,data/encodings/1796960/1796960_S05E12_51888_0.npy
1454,1080,1920,1,657,902,454,698,59780,0.029,51888,/home/amos/media/tv/homeland/Homeland.S05.1080p.BluRay.x265-RARBG/Homeland.S05E12.1080p.BluRay.x265-RARBG.mp4,5,12,1796960,data/encodings/1796960/1796960_S05E12_51888_1.npy
1455,1080,1920,0,273,391,124,242,13924,0.007,51912,/home/amos/media/tv/homeland/Homeland.S05.1080p.BluRay.x265-RARBG/Homeland.S05E12.1080p.BluRay.x265-RARBG.mp4,5,12,1796960,data/encodings/1796960/1796960_S05E12_51912_0.npy
1456,1080,1920,1,756,1001,528,772,59780,0.029,51912,/home/amos/media/tv/homeland/Homeland.S05.1080p.BluRay.x265-RARBG/Homeland.S05E12.1080p.BluRay.x265-RARBG.mp4,5,12,1796960,data/encodings/1796960/1796960_S05E12_51912_1.npy
1457,1080,1920,0,200,342,97,239,20164,0.01,51936,/home/amos/media/tv/homeland/Homeland.S05.1080p.BluRay.x265-RARBG/Homeland.S05E12.1080p.BluRay.x265-RARBG.mp4,5,12,1796960,data/encodings/1796960/1796960_S05E12_51936_0.npy
1458,1080,1920,1,905,1150,602,847,60025,0.029,51936,/home/amos/media/tv/homeland/Homeland.S05.1080p.BluRay.x265-RARBG/Homeland.S05E12.1080p.BluRay.x265-RARBG.mp4,5,12,1796960,data/encodings/1796960/1796960_S05E12_51936_1.npy
1459,1080,1920,0,286,428,154,296,20164,0.01,51960,/home/amos/media/tv/homeland/Homeland.S05.1080p.BluRay.x265-RARBG/Homeland.S05E12.1080p.BluRay.x265-RARBG.mp4,5,12,1796960,data/encodings/1796960/1796960_S05E12_51960_0.npy
1460,1080,1920,1,1053,1257,698,901,41412,0.02,51960,/home/amos/media/tv/homeland/Homeland.S05.1080p.BluRay.x265-RARBG/Homeland.S05E12.1080p.BluRay.x265-RARBG.mp4,5,12,1796960,data/encodings/1796960/1796960_S05E12_51960_1.npy
1461,1080,1920,0,344,485,154,296,20022,0.01,51984,/home/amos/media/tv/homeland/Homeland.S05.1080p.BluRay.x265-RARBG/Homeland.S05E12.1080p.BluRay.x265-RARBG.mp4,5,12,1796960,data/encodings/1796960/1796960_S05E12_51984_0.npy
1462,1080,1920,1,1054,1298,701,946,59780,0.029,51984,/home/amos/media/tv/homeland/Homeland.S05.1080p.BluRay.x265-RARBG/Homeland.S05E12.1080p.BluRay.x265-RARBG.mp4,5,12,1796960,data/encodings/1796960/1796960_S05E12_51984_1.npy
1463,1080,1920,0,301,442,212,353,19881,0.01,52008,/home/amos/media/tv/homeland/Homeland.S05.1080p.BluRay.x265-RARBG/Homeland.S05E12.1080p.BluRay.x265-RARBG.mp4,5,12,1796960,data/encodings/1796960/1796960_S05E12_52008_0.npy
1464,1080,1920,1,1054,1298,726,971,59780,0.029,52008,/home/amos/media/tv/homeland/Homeland.S05.1080p.BluRay.x265-RARBG/Homeland.S05E12.1080p.BluRay.x265-RARBG.mp4,5,12,1796960,data/encodings/1796960/1796960_S05E12_52008_1.npy
1465,1080,1920,0,143,285,240,382,20164,0.01,52032,/home/amos/media/tv/homeland/Homeland.S05.1080p.BluRay.x265-RARBG/Homeland.S05E12.1080p.BluRay.x265-RARBG.mp4,5,12,1796960,data/encodings/1796960/1796960_S05E12_52032_0.npy
1466,1080,1920,1,1054,1298,751,995,59536,0.029,52032,/home/amos/media/tv/homeland/Homeland.S05.1080p.BluRay.x265-RARBG/Homeland.S05E12.1080p.BluRay.x265-RARBG.mp4,5,12,1796960,data/encodings/1796960/1796960_S05E12_52032_1.npy
1467,1080,1920,0,831,1075,255,500,59780,0.029,52440,/home/amos/media/tv/homeland/Homeland.S05.1080p.BluRay.x265-RARBG/Homeland.S05E12.1080p.BluRay.x265-RARBG.mp4,5,12,1796960,data/encodings/1796960/1796960_S05E12_52440_0.npy
1468,1080,1920,0,1031,1324,195,489,86142,0.042,52464,/home/amos/media/tv/homeland/Homeland.S05.1080p.BluRay.x265-RARBG/Homeland.S05E12.1080p.BluRay.x265-RARBG.mp4,5,12,1796960,data/encodings/1796960/1796960_S05E12_52464_0.npy
1469,1080,1920,0,691,1198,108,615,257049,0.124,52488,/home/amos/media/tv/homeland/Homeland.S05.1080p.BluRay.x265-RARBG/Homeland.S05E12.1080p.BluRay.x265-RARBG.mp4,5,12,1796960,data/encodings/1796960/1796960_S05E12_52488_0.npy
1470,1080,1920,0,961,1313,279,632,124256,0.06,52584,/home/amos/media/tv/homeland/Homeland.S05.1080p.BluRay.x265-RARBG/Homeland.S05E12.1080p.BluRay.x265-RARBG.mp4,5,12,1796960,data/encodings/1796960/1796960_S05E12_52584_0.npy
1471,1080,1920,0,1001,1295,314,608,86436,0.042,52608,/home/amos/media/tv/homeland/Homeland.S05.1080p.BluRay.x265-RARBG/Homeland.S05E12.1080p.BluRay.x265-RARBG.mp4,5,12,1796960,data/encodings/1796960/1796960_S05E12_52608_0.npy
1472,1080,1920,0,89,187,407,505,9604,0.005,52704,/home/amos/media/tv/homeland/Homeland.S05.1080p.BluRay.x265-RARBG/Homeland.S05E12.1080p.BluRay.x265-RARBG.mp4,5,12,1796960,data/encodings/1796960/1796960_S05E12_52704_0.npy
1473,1080,1920,0,89,187,407,505,9604,0.005,52728,/home/amos/media/tv/homeland/Homeland.S05.1080p.BluRay.x265-RARBG/Homeland.S05E12.1080p.BluRay.x265-RARBG.mp4,5,12,1796960,data/encodings/1796960/1796960_S05E12_52728_0.npy
1474,1080,1920,0,89,187,407,505,9604,0.005,52752,/home/amos/media/tv/homeland/Homeland.S05.1080p.BluRay.x265-RARBG/Homeland.S05E12.1080p.BluRay.x265-RARBG.mp4,5,12,1796960,data/encodings/1796960/1796960_S05E12_52752_0.npy
1475,1080,1920,0,82,200,387,505,13924,0.007,52776,/home/amos/media/tv/homeland/Homeland.S05.1080p.BluRay.x265-RARBG/Homeland.S05E12.1080p.BluRay.x265-RARBG.mp4,5,12,1796960,data/encodings/1796960/1796960_S05E12_52776_0.npy
1476,1080,1920,0,89,187,387,485,9604,0.005,52800,/home/amos/media/tv/homeland/Homeland.S05.1080p.BluRay.x265-RARBG/Homeland.S05E12.1080p.BluRay.x265-RARBG.mp4,5,12,1796960,data/encodings/1796960/1796960_S05E12_52800_0.npy
1477,1080,1920,0,1446,1528,287,369,6724,0.003,52824,/home/amos/media/tv/homeland/Homeland.S05.1080p.BluRay.x265-RARBG/Homeland.S05E12.1080p.BluRay.x265-RARBG.mp4,5,12,1796960,data/encodings/1796960/1796960_S05E12_52824_0.npy
1478,1080,1920,1,70,188,351,469,13924,0.007,52824,/home/amos/media/tv/homeland/Homeland.S05.1080p.BluRay.x265-RARBG/Homeland.S05E12.1080p.BluRay.x265-RARBG.mp4,5,12,1796960,data/encodings/1796960/1796960_S05E12_52824_1.npy
1479,1080,1920,0,999,1507,56,563,257556,0.124,52968,/home/amos/media/tv/homeland/Homeland.S05.1080p.BluRay.x265-RARBG/Homeland.S05E12.1080p.BluRay.x265-RARBG.mp4,5,12,1796960,data/encodings/1796960/1796960_S05E12_52968_0.npy
1480,1080,1920,0,340,763,475,897,178506,0.086,52992,/home/amos/media/tv/homeland/Homeland.S05.1080p.BluRay.x265-RARBG/Homeland.S05E12.1080p.BluRay.x265-RARBG.mp4,5,12,1796960,data/encodings/1796960/1796960_S05E12_52992_0.npy
1481,1080,1920,0,1102,1609,159,666,257049,0.124,53016,/home/amos/media/tv/homeland/Homeland.S05.1080p.BluRay.x265-RARBG/Homeland.S05E12.1080p.BluRay.x265-RARBG.mp4,5,12,1796960,data/encodings/1796960/1796960_S05E12_53016_0.npy
1482,1080,1920,0,794,1301,262,769,257049,0.124,53040,/home/amos/media/tv/homeland/Homeland.S05.1080p.BluRay.x265-RARBG/Homeland.S05E12.1080p.BluRay.x265-RARBG.mp4,5,12,1796960,data/encodings/1796960/1796960_S05E12_53040_0.npy
1483,1080,1920,0,1102,1609,262,769,257049,0.124,53160,/home/amos/media/tv/homeland/Homeland.S05.1080p.BluRay.x265-RARBG/Homeland.S05E12.1080p.BluRay.x265-RARBG.mp4,5,12,1796960,data/encodings/1796960/1796960_S05E12_53160_0.npy
1484,1080,1920,0,1051,1558,210,717,257049,0.124,53184,/home/amos/media/tv/homeland/Homeland.S05.1080p.BluRay.x265-RARBG/Homeland.S05E12.1080p.BluRay.x265-RARBG.mp4,5,12,1796960,data/encodings/1796960/1796960_S05E12_53184_0.npy
1485,1080,1920,0,1102,1609,210,717,257049,0.124,53208,/home/amos/media/tv/homeland/Homeland.S05.1080p.BluRay.x265-RARBG/Homeland.S05E12.1080p.BluRay.x265-RARBG.mp4,5,12,1796960,data/encodings/1796960/1796960_S05E12_53208_0.npy
1486,1080,1920,0,1102,1609,108,615,257049,0.124,53232,/home/amos/media/tv/homeland/Homeland.S05.1080p.BluRay.x265-RARBG/Homeland.S05E12.1080p.BluRay.x265-RARBG.mp4,5,12,1796960,data/encodings/1796960/1796960_S05E12_53232_0.npy
1487,1080,1920,0,633,877,132,376,59536,0.029,53256,/home/amos/media/tv/homeland/Homeland.S05.1080p.BluRay.x265-RARBG/Homeland.S05E12.1080p.BluRay.x265-RARBG.mp4,5,12,1796960,data/encodings/1796960/1796960_S05E12_53256_0.npy
1488,1080,1920,0,633,877,132,376,59536,0.029,53280,/home/amos/media/tv/homeland/Homeland.S05.1080p.BluRay.x265-RARBG/Homeland.S05E12.1080p.BluRay.x265-RARBG.mp4,5,12,1796960,data/encodings/1796960/1796960_S05E12_53280_0.npy
1489,1080,1920,0,1390,1532,226,368,20164,0.01,53304,/home/amos/media/tv/homeland/Homeland.S05.1080p.BluRay.x265-RARBG/Homeland.S05E12.1080p.BluRay.x265-RARBG.mp4,5,12,1796960,data/encodings/1796960/1796960_S05E12_53304_0.npy
1490,1080,1920,0,1352,1522,267,437,28900,0.014,53328,/home/amos/media/tv/homeland/Homeland.S05.1080p.BluRay.x265-RARBG/Homeland.S05E12.1080p.BluRay.x265-RARBG.mp4,5,12,1796960,data/encodings/1796960/1796960_S05E12_53328_0.npy
1491,1080,1920,0,1352,1522,233,403,28900,0.014,53352,/home/amos/media/tv/homeland/Homeland.S05.1080p.BluRay.x265-RARBG/Homeland.S05E12.1080p.BluRay.x265-RARBG.mp4,5,12,1796960,data/encodings/1796960/1796960_S05E12_53352_0.npy
1492,1080,1920,0,329,471,126,267,20022,0.01,53376,/home/amos/media/tv/homeland/Homeland.S05.1080p.BluRay.x265-RARBG/Homeland.S05E12.1080p.BluRay.x265-RARBG.mp4,5,12,1796960,data/encodings/1796960/1796960_S05E12_53376_0.npy
1493,1080,1920,0,329,471,126,267,20022,0.01,53400,/home/amos/media/tv/homeland/Homeland.S05.1080p.BluRay.x265-RARBG/Homeland.S05E12.1080p.BluRay.x265-RARBG.mp4,5,12,1796960,data/encodings/1796960/1796960_S05E12_53400_0.npy
1494,1080,1920,0,329,471,126,267,20022,0.01,53424,/home/amos/media/tv/homeland/Homeland.S05.1080p.BluRay.x265-RARBG/Homeland.S05E12.1080p.BluRay.x265-RARBG.mp4,5,12,1796960,data/encodings/1796960/1796960_S05E12_53424_0.npy
1495,1080,1920,0,1090,1384,166,459,86142,0.042,53448,/home/amos/media/tv/homeland/Homeland.S05.1080p.BluRay.x265-RARBG/Homeland.S05E12.1080p.BluRay.x265-RARBG.mp4,5,12,1796960,data/encodings/1796960/1796960_S05E12_53448_0.npy
1496,1080,1920,0,1031,1324,255,548,85849,0.041,53472,/home/amos/media/tv/homeland/Homeland.S05.1080p.BluRay.x265-RARBG/Homeland.S05E12.1080p.BluRay.x265-RARBG.mp4,5,12,1796960,data/encodings/1796960/1796960_S05E12_53472_0.npy
1497,1080,1920,0,1001,1295,195,489,86436,0.042,53496,/home/amos/media/tv/homeland/Homeland.S05.1080p.BluRay.x265-RARBG/Homeland.S05E12.1080p.BluRay.x265-RARBG.mp4,5,12,1796960,data/encodings/1796960/1796960_S05E12_53496_0.npy
1498,1080,1920,0,1001,1295,255,548,86142,0.042,53520,/home/amos/media/tv/homeland/Homeland.S05.1080p.BluRay.x265-RARBG/Homeland.S05E12.1080p.BluRay.x265-RARBG.mp4,5,12,1796960,data/encodings/1796960/1796960_S05E12_53520_0.npy
1499,1080,1920,0,633,877,132,376,59536,0.029,53544,/home/amos/media/tv/homeland/Homeland.S05.1080p.BluRay.x265-RARBG/Homeland.S05E12.1080p.BluRay.x265-RARBG.mp4,5,12,1796960,data/encodings/1796960/1796960_S05E12_53544_0.npy
1500,1080,1920,0,633,877,132,376,59536,0.029,53568,/home/amos/media/tv/homeland/Homeland.S05.1080p.BluRay.x265-RARBG/Homeland.S05E12.1080p.BluRay.x265-RARBG.mp4,5,12,1796960,data/encodings/1796960/1796960_S05E12_53568_0.npy
1501,1080,1920,0,942,1235,225,519,86142,0.042,53592,/home/amos/media/tv/homeland/Homeland.S05.1080p.BluRay.x265-RARBG/Homeland.S05E12.1080p.BluRay.x265-RARBG.mp4,5,12,1796960,data/encodings/1796960/1796960_S05E12_53592_0.npy
1502,1080,1920,0,1001,1295,195,489,86436,0.042,53616,/home/amos/media/tv/homeland/Homeland.S05.1080p.BluRay.x265-RARBG/Homeland.S05E12.1080p.BluRay.x265-RARBG.mp4,5,12,1796960,data/encodings/1796960/1796960_S05E12_53616_0.npy
1503,1080,1920,0,971,1265,225,519,86436,0.042,53640,/home/amos/media/tv/homeland/Homeland.S05.1080p.BluRay.x265-RARBG/Homeland.S05E12.1080p.BluRay.x265-RARBG.mp4,5,12,1796960,data/encodings/1796960/1796960_S05E12_53640_0.npy
1504,1080,1920,0,942,1235,255,548,85849,0.041,53664,/home/amos/media/tv/homeland/Homeland.S05.1080p.BluRay.x265-RARBG/Homeland.S05E12.1080p.BluRay.x265-RARBG.mp4,5,12,1796960,data/encodings/1796960/1796960_S05E12_53664_0.npy
1505,1080,1920,0,890,1242,137,489,123904,0.06,53688,/home/amos/media/tv/homeland/Homeland.S05.1080p.BluRay.x265-RARBG/Homeland.S05E12.1080p.BluRay.x265-RARBG.mp4,5,12,1796960,data/encodings/1796960/1796960_S05E12_53688_0.npy
1506,1080,1920,0,674,968,106,400,86436,0.042,53712,/home/amos/media/tv/homeland/Homeland.S05.1080p.BluRay.x265-RARBG/Homeland.S05E12.1080p.BluRay.x265-RARBG.mp4,5,12,1796960,data/encodings/1796960/1796960_S05E12_53712_0.npy
1507,1080,1920,0,674,968,106,400,86436,0.042,53736,/home/amos/media/tv/homeland/Homeland.S05.1080p.BluRay.x265-RARBG/Homeland.S05E12.1080p.BluRay.x265-RARBG.mp4,5,12,1796960,data/encodings/1796960/1796960_S05E12_53736_0.npy
1508,1080,1920,0,215,356,126,267,19881,0.01,53760,/home/amos/media/tv/homeland/Homeland.S05.1080p.BluRay.x265-RARBG/Homeland.S05E12.1080p.BluRay.x265-RARBG.mp4,5,12,1796960,data/encodings/1796960/1796960_S05E12_53760_0.npy
1509,1080,1920,0,229,371,126,267,20022,0.01,53784,/home/amos/media/tv/homeland/Homeland.S05.1080p.BluRay.x265-RARBG/Homeland.S05E12.1080p.BluRay.x265-RARBG.mp4,5,12,1796960,data/encodings/1796960/1796960_S05E12_53784_0.npy
1510,1080,1920,0,1102,1609,108,615,257049,0.124,53808,/home/amos/media/tv/homeland/Homeland.S05.1080p.BluRay.x265-RARBG/Homeland.S05E12.1080p.BluRay.x265-RARBG.mp4,5,12,1796960,data/encodings/1796960/1796960_S05E12_53808_0.npy
1511,1080,1920,0,1102,1609,159,666,257049,0.124,53832,/home/amos/media/tv/homeland/Homeland.S05.1080p.BluRay.x265-RARBG/Homeland.S05E12.1080p.BluRay.x265-RARBG.mp4,5,12,1796960,data/encodings/1796960/1796960_S05E12_53832_0.npy
1512,1080,1920,0,999,1507,159,666,257556,0.124,53856,/home/amos/media/tv/homeland/Homeland.S05.1080p.BluRay.x265-RARBG/Homeland.S05E12.1080p.BluRay.x265-RARBG.mp4,5,12,1796960,data/encodings/1796960/1796960_S05E12_53856_0.npy
1513,1080,1920,0,1051,1558,159,666,257049,0.124,53880,/home/amos/media/tv/homeland/Homeland.S05.1080p.BluRay.x265-RARBG/Homeland.S05E12.1080p.BluRay.x265-RARBG.mp4,5,12,1796960,data/encodings/1796960/1796960_S05E12_53880_0.npy
1514,1080,1920,0,1205,1712,108,615,257049,0.124,53904,/home/amos/media/tv/homeland/Homeland.S05.1080p.BluRay.x265-RARBG/Homeland.S05E12.1080p.BluRay.x265-RARBG.mp4,5,12,1796960,data/encodings/1796960/1796960_S05E12_53904_0.npy
1515,1080,1920,0,1154,1661,159,666,257049,0.124,53928,/home/amos/media/tv/homeland/Homeland.S05.1080p.BluRay.x265-RARBG/Homeland.S05E12.1080p.BluRay.x265-RARBG.mp4,5,12,1796960,data/encodings/1796960/1796960_S05E12_53928_0.npy
1516,1080,1920,0,1154,1661,56,563,257049,0.124,53952,/home/amos/media/tv/homeland/Homeland.S05.1080p.BluRay.x265-RARBG/Homeland.S05E12.1080p.BluRay.x265-RARBG.mp4,5,12,1796960,data/encodings/1796960/1796960_S05E12_53952_0.npy
1517,1080,1920,0,229,371,126,267,20022,0.01,53976,/home/amos/media/tv/homeland/Homeland.S05.1080p.BluRay.x265-RARBG/Homeland.S05E12.1080p.BluRay.x265-RARBG.mp4,5,12,1796960,data/encodings/1796960/1796960_S05E12_53976_0.npy
1518,1080,1920,0,229,371,140,282,20164,0.01,54000,/home/amos/media/tv/homeland/Homeland.S05.1080p.BluRay.x265-RARBG/Homeland.S05E12.1080p.BluRay.x265-RARBG.mp4,5,12,1796960,data/encodings/1796960/1796960_S05E12_54000_0.npy
1519,1080,1920,0,258,399,154,296,20022,0.01,54024,/home/amos/media/tv/homeland/Homeland.S05.1080p.BluRay.x265-RARBG/Homeland.S05E12.1080p.BluRay.x265-RARBG.mp4,5,12,1796960,data/encodings/1796960/1796960_S05E12_54024_0.npy
1520,1080,1920,0,258,399,169,310,19881,0.01,54048,/home/amos/media/tv/homeland/Homeland.S05.1080p.BluRay.x265-RARBG/Homeland.S05E12.1080p.BluRay.x265-RARBG.mp4,5,12,1796960,data/encodings/1796960/1796960_S05E12_54048_0.npy
1521,1080,1920,0,286,456,284,454,28900,0.014,54072,/home/amos/media/tv/homeland/Homeland.S05.1080p.BluRay.x265-RARBG/Homeland.S05E12.1080p.BluRay.x265-RARBG.mp4,5,12,1796960,data/encodings/1796960/1796960_S05E12_54072_0.npy
1522,1080,1920,0,331,535,182,385,41412,0.02,54096,/home/amos/media/tv/homeland/Homeland.S05.1080p.BluRay.x265-RARBG/Homeland.S05E12.1080p.BluRay.x265-RARBG.mp4,5,12,1796960,data/encodings/1796960/1796960_S05E12_54096_0.npy
1523,1080,1920,0,290,493,140,344,41412,0.02,54120,/home/amos/media/tv/homeland/Homeland.S05.1080p.BluRay.x265-RARBG/Homeland.S05E12.1080p.BluRay.x265-RARBG.mp4,5,12,1796960,data/encodings/1796960/1796960_S05E12_54120_0.npy
1524,1080,1920,0,1513,1595,370,452,6724,0.003,54144,/home/amos/media/tv/homeland/Homeland.S05.1080p.BluRay.x265-RARBG/Homeland.S05E12.1080p.BluRay.x265-RARBG.mp4,5,12,1796960,data/encodings/1796960/1796960_S05E12_54144_0.npy
1525,1080,1920,1,467,565,58,157,9702,0.005,54144,/home/amos/media/tv/homeland/Homeland.S05.1080p.BluRay.x265-RARBG/Homeland.S05E12.1080p.BluRay.x265-RARBG.mp4,5,12,1796960,data/encodings/1796960/1796960_S05E12_54144_1.npy
1526,1080,1920,0,477,575,58,157,9702,0.005,54168,/home/amos/media/tv/homeland/Homeland.S05.1080p.BluRay.x265-RARBG/Homeland.S05E12.1080p.BluRay.x265-RARBG.mp4,5,12,1796960,data/encodings/1796960/1796960_S05E12_54168_0.npy
1527,1080,1920,1,1513,1595,370,452,6724,0.003,54168,/home/amos/media/tv/homeland/Homeland.S05.1080p.BluRay.x265-RARBG/Homeland.S05E12.1080p.BluRay.x265-RARBG.mp4,5,12,1796960,data/encodings/1796960/1796960_S05E12_54168_1.npy
1528,1080,1920,0,1513,1595,378,460,6724,0.003,54192,/home/amos/media/tv/homeland/Homeland.S05.1080p.BluRay.x265-RARBG/Homeland.S05E12.1080p.BluRay.x265-RARBG.mp4,5,12,1796960,data/encodings/1796960/1796960_S05E12_54192_0.npy
1529,1080,1920,0,501,583,79,161,6724,0.003,54216,/home/amos/media/tv/homeland/Homeland.S05.1080p.BluRay.x265-RARBG/Homeland.S05E12.1080p.BluRay.x265-RARBG.mp4,5,12,1796960,data/encodings/1796960/1796960_S05E12_54216_0.npy
1530,1080,1920,1,1521,1603,370,452,6724,0.003,54216,/home/amos/media/tv/homeland/Homeland.S05.1080p.BluRay.x265-RARBG/Homeland.S05E12.1080p.BluRay.x265-RARBG.mp4,5,12,1796960,data/encodings/1796960/1796960_S05E12_54216_1.npy
1531,1080,1920,0,1513,1595,370,452,6724,0.003,54240,/home/amos/media/tv/homeland/Homeland.S05.1080p.BluRay.x265-RARBG/Homeland.S05E12.1080p.BluRay.x265-RARBG.mp4,5,12,1796960,data/encodings/1796960/1796960_S05E12_54240_0.npy
1532,1080,1920,0,533,885,137,489,123904,0.06,54264,/home/amos/media/tv/homeland/Homeland.S05.1080p.BluRay.x265-RARBG/Homeland.S05E12.1080p.BluRay.x265-RARBG.mp4,5,12,1796960,data/encodings/1796960/1796960_S05E12_54264_0.npy
1533,1080,1920,0,555,849,166,459,86142,0.042,54288,/home/amos/media/tv/homeland/Homeland.S05.1080p.BluRay.x265-RARBG/Homeland.S05E12.1080p.BluRay.x265-RARBG.mp4,5,12,1796960,data/encodings/1796960/1796960_S05E12_54288_0.npy
1534,1080,1920,0,497,849,137,489,123904,0.06,54312,/home/amos/media/tv/homeland/Homeland.S05.1080p.BluRay.x265-RARBG/Homeland.S05E12.1080p.BluRay.x265-RARBG.mp4,5,12,1796960,data/encodings/1796960/1796960_S05E12_54312_0.npy
1535,1080,1920,0,497,849,172,525,124256,0.06,54336,/home/amos/media/tv/homeland/Homeland.S05.1080p.BluRay.x265-RARBG/Homeland.S05E12.1080p.BluRay.x265-RARBG.mp4,5,12,1796960,data/encodings/1796960/1796960_S05E12_54336_0.npy
1536,1080,1920,0,533,885,137,489,123904,0.06,54360,/home/amos/media/tv/homeland/Homeland.S05.1080p.BluRay.x265-RARBG/Homeland.S05E12.1080p.BluRay.x265-RARBG.mp4,5,12,1796960,data/encodings/1796960/1796960_S05E12_54360_0.npy
1537,1080,1920,0,1419,1560,126,267,19881,0.01,54384,/home/amos/media/tv/homeland/Homeland.S05.1080p.BluRay.x265-RARBG/Homeland.S05E12.1080p.BluRay.x265-RARBG.mp4,5,12,1796960,data/encodings/1796960/1796960_S05E12_54384_0.npy
1538,1080,1920,0,1404,1574,95,265,28900,0.014,54408,/home/amos/media/tv/homeland/Homeland.S05.1080p.BluRay.x265-RARBG/Homeland.S05E12.1080p.BluRay.x265-RARBG.mp4,5,12,1796960,data/encodings/1796960/1796960_S05E12_54408_0.npy
1539,1080,1920,0,1419,1560,126,267,19881,0.01,54432,/home/amos/media/tv/homeland/Homeland.S05.1080p.BluRay.x265-RARBG/Homeland.S05E12.1080p.BluRay.x265-RARBG.mp4,5,12,1796960,data/encodings/1796960/1796960_S05E12_54432_0.npy
1540,1080,1920,0,331,535,120,324,41616,0.02,54456,/home/amos/media/tv/homeland/Homeland.S05.1080p.BluRay.x265-RARBG/Homeland.S05E12.1080p.BluRay.x265-RARBG.mp4,5,12,1796960,data/encodings/1796960/1796960_S05E12_54456_0.npy
1541,1080,1920,0,310,514,140,344,41616,0.02,54480,/home/amos/media/tv/homeland/Homeland.S05.1080p.BluRay.x265-RARBG/Homeland.S05E12.1080p.BluRay.x265-RARBG.mp4,5,12,1796960,data/encodings/1796960/1796960_S05E12_54480_0.npy
1542,1080,1920,0,455,658,140,344,41412,0.02,54504,/home/amos/media/tv/homeland/Homeland.S05.1080p.BluRay.x265-RARBG/Homeland.S05E12.1080p.BluRay.x265-RARBG.mp4,5,12,1796960,data/encodings/1796960/1796960_S05E12_54504_0.npy
1543,1080,1920,0,435,679,107,351,59536,0.029,54528,/home/amos/media/tv/homeland/Homeland.S05.1080p.BluRay.x265-RARBG/Homeland.S05E12.1080p.BluRay.x265-RARBG.mp4,5,12,1796960,data/encodings/1796960/1796960_S05E12_54528_0.npy
1544,1080,1920,0,1370,1539,78,248,28730,0.014,54552,/home/amos/media/tv/homeland/Homeland.S05.1080p.BluRay.x265-RARBG/Homeland.S05E12.1080p.BluRay.x265-RARBG.mp4,5,12,1796960,data/encodings/1796960/1796960_S05E12_54552_0.npy
1545,1080,1920,0,1524,1694,95,265,28900,0.014,54576,/home/amos/media/tv/homeland/Homeland.S05.1080p.BluRay.x265-RARBG/Homeland.S05E12.1080p.BluRay.x265-RARBG.mp4,5,12,1796960,data/encodings/1796960/1796960_S05E12_54576_0.npy
1546,1080,1920,0,1490,1660,112,282,28900,0.014,54600,/home/amos/media/tv/homeland/Homeland.S05.1080p.BluRay.x265-RARBG/Homeland.S05E12.1080p.BluRay.x265-RARBG.mp4,5,12,1796960,data/encodings/1796960/1796960_S05E12_54600_0.npy
1547,1080,1920,0,1104,1456,137,489,123904,0.06,54624,/home/amos/media/tv/homeland/Homeland.S05.1080p.BluRay.x265-RARBG/Homeland.S05E12.1080p.BluRay.x265-RARBG.mp4,5,12,1796960,data/encodings/1796960/1796960_S05E12_54624_0.npy
1548,1080,1920,0,961,1313,172,525,124256,0.06,54648,/home/amos/media/tv/homeland/Homeland.S05.1080p.BluRay.x265-RARBG/Homeland.S05E12.1080p.BluRay.x265-RARBG.mp4,5,12,1796960,data/encodings/1796960/1796960_S05E12_54648_0.npy
1549,1080,1920,0,1032,1384,172,525,124256,0.06,54672,/home/amos/media/tv/homeland/Homeland.S05.1080p.BluRay.x265-RARBG/Homeland.S05E12.1080p.BluRay.x265-RARBG.mp4,5,12,1796960,data/encodings/1796960/1796960_S05E12_54672_0.npy
1550,1080,1920,0,1068,1420,208,560,123904,0.06,54696,/home/amos/media/tv/homeland/Homeland.S05.1080p.BluRay.x265-RARBG/Homeland.S05E12.1080p.BluRay.x265-RARBG.mp4,5,12,1796960,data/encodings/1796960/1796960_S05E12_54696_0.npy
1551,1080,1920,0,1032,1384,208,560,123904,0.06,54720,/home/amos/media/tv/homeland/Homeland.S05.1080p.BluRay.x265-RARBG/Homeland.S05E12.1080p.BluRay.x265-RARBG.mp4,5,12,1796960,data/encodings/1796960/1796960_S05E12_54720_0.npy
1552,1080,1920,0,1032,1384,208,560,123904,0.06,54744,/home/amos/media/tv/homeland/Homeland.S05.1080p.BluRay.x265-RARBG/Homeland.S05E12.1080p.BluRay.x265-RARBG.mp4,5,12,1796960,data/encodings/1796960/1796960_S05E12_54744_0.npy
1553,1080,1920,0,1032,1384,172,525,124256,0.06,54768,/home/amos/media/tv/homeland/Homeland.S05.1080p.BluRay.x265-RARBG/Homeland.S05E12.1080p.BluRay.x265-RARBG.mp4,5,12,1796960,data/encodings/1796960/1796960_S05E12_54768_0.npy
1554,1080,1920,0,997,1349,172,525,124256,0.06,54792,/home/amos/media/tv/homeland/Homeland.S05.1080p.BluRay.x265-RARBG/Homeland.S05E12.1080p.BluRay.x265-RARBG.mp4,5,12,1796960,data/encodings/1796960/1796960_S05E12_54792_0.npy
1555,1080,1920,0,1239,1532,106,400,86142,0.042,54816,/home/amos/media/tv/homeland/Homeland.S05.1080p.BluRay.x265-RARBG/Homeland.S05E12.1080p.BluRay.x265-RARBG.mp4,5,12,1796960,data/encodings/1796960/1796960_S05E12_54816_0.npy
1556,1080,1920,0,1239,1532,136,429,85849,0.041,54840,/home/amos/media/tv/homeland/Homeland.S05.1080p.BluRay.x265-RARBG/Homeland.S05E12.1080p.BluRay.x265-RARBG.mp4,5,12,1796960,data/encodings/1796960/1796960_S05E12_54840_0.npy
1557,1080,1920,0,410,654,107,351,59536,0.029,54864,/home/amos/media/tv/homeland/Homeland.S05.1080p.BluRay.x265-RARBG/Homeland.S05E12.1080p.BluRay.x265-RARBG.mp4,5,12,1796960,data/encodings/1796960/1796960_S05E12_54864_0.npy
1558,1080,1920,0,435,679,132,376,59536,0.029,54888,/home/amos/media/tv/homeland/Homeland.S05.1080p.BluRay.x265-RARBG/Homeland.S05E12.1080p.BluRay.x265-RARBG.mp4,5,12,1796960,data/encodings/1796960/1796960_S05E12_54888_0.npy
1559,1080,1920,0,410,654,82,327,59780,0.029,54912,/home/amos/media/tv/homeland/Homeland.S05.1080p.BluRay.x265-RARBG/Homeland.S05E12.1080p.BluRay.x265-RARBG.mp4,5,12,1796960,data/encodings/1796960/1796960_S05E12_54912_0.npy
1560,1080,1920,0,385,630,107,351,59780,0.029,54936,/home/amos/media/tv/homeland/Homeland.S05.1080p.BluRay.x265-RARBG/Homeland.S05E12.1080p.BluRay.x265-RARBG.mp4,5,12,1796960,data/encodings/1796960/1796960_S05E12_54936_0.npy
1561,1080,1920,0,1252,1496,206,450,59536,0.029,54960,/home/amos/media/tv/homeland/Homeland.S05.1080p.BluRay.x265-RARBG/Homeland.S05E12.1080p.BluRay.x265-RARBG.mp4,5,12,1796960,data/encodings/1796960/1796960_S05E12_54960_0.npy
1562,1080,1920,0,1209,1503,166,459,86142,0.042,54984,/home/amos/media/tv/homeland/Homeland.S05.1080p.BluRay.x265-RARBG/Homeland.S05E12.1080p.BluRay.x265-RARBG.mp4,5,12,1796960,data/encodings/1796960/1796960_S05E12_54984_0.npy
1563,1080,1920,0,1239,1532,255,548,85849,0.041,55008,/home/amos/media/tv/homeland/Homeland.S05.1080p.BluRay.x265-RARBG/Homeland.S05E12.1080p.BluRay.x265-RARBG.mp4,5,12,1796960,data/encodings/1796960/1796960_S05E12_55008_0.npy
1564,1080,1920,0,1175,1527,172,525,124256,0.06,55032,/home/amos/media/tv/homeland/Homeland.S05.1080p.BluRay.x265-RARBG/Homeland.S05E12.1080p.BluRay.x265-RARBG.mp4,5,12,1796960,data/encodings/1796960/1796960_S05E12_55032_0.npy
1565,1080,1920,0,1239,1532,195,489,86142,0.042,55056,/home/amos/media/tv/homeland/Homeland.S05.1080p.BluRay.x265-RARBG/Homeland.S05E12.1080p.BluRay.x265-RARBG.mp4,5,12,1796960,data/encodings/1796960/1796960_S05E12_55056_0.npy
1566,1080,1920,0,961,1313,172,525,124256,0.06,55080,/home/amos/media/tv/homeland/Homeland.S05.1080p.BluRay.x265-RARBG/Homeland.S05E12.1080p.BluRay.x265-RARBG.mp4,5,12,1796960,data/encodings/1796960/1796960_S05E12_55080_0.npy
1567,1080,1920,0,925,1277,172,525,124256,0.06,55104,/home/amos/media/tv/homeland/Homeland.S05.1080p.BluRay.x265-RARBG/Homeland.S05E12.1080p.BluRay.x265-RARBG.mp4,5,12,1796960,data/encodings/1796960/1796960_S05E12_55104_0.npy
1568,1080,1920,0,961,1313,208,560,123904,0.06,55128,/home/amos/media/tv/homeland/Homeland.S05.1080p.BluRay.x265-RARBG/Homeland.S05E12.1080p.BluRay.x265-RARBG.mp4,5,12,1796960,data/encodings/1796960/1796960_S05E12_55128_0.npy
1569,1080,1920,0,961,1313,208,560,123904,0.06,55152,/home/amos/media/tv/homeland/Homeland.S05.1080p.BluRay.x265-RARBG/Homeland.S05E12.1080p.BluRay.x265-RARBG.mp4,5,12,1796960,data/encodings/1796960/1796960_S05E12_55152_0.npy
1570,1080,1920,0,961,1313,172,525,124256,0.06,55176,/home/amos/media/tv/homeland/Homeland.S05.1080p.BluRay.x265-RARBG/Homeland.S05E12.1080p.BluRay.x265-RARBG.mp4,5,12,1796960,data/encodings/1796960/1796960_S05E12_55176_0.npy
1571,1080,1920,0,961,1313,208,560,123904,0.06,55200,/home/amos/media/tv/homeland/Homeland.S05.1080p.BluRay.x265-RARBG/Homeland.S05E12.1080p.BluRay.x265-RARBG.mp4,5,12,1796960,data/encodings/1796960/1796960_S05E12_55200_0.npy
1572,1080,1920,0,961,1313,172,525,124256,0.06,55224,/home/amos/media/tv/homeland/Homeland.S05.1080p.BluRay.x265-RARBG/Homeland.S05E12.1080p.BluRay.x265-RARBG.mp4,5,12,1796960,data/encodings/1796960/1796960_S05E12_55224_0.npy
1573,1080,1920,0,1179,1473,136,429,86142,0.042,55248,/home/amos/media/tv/homeland/Homeland.S05.1080p.BluRay.x265-RARBG/Homeland.S05E12.1080p.BluRay.x265-RARBG.mp4,5,12,1796960,data/encodings/1796960/1796960_S05E12_55248_0.npy
1574,1080,1920,0,1269,1562,106,400,86142,0.042,55272,/home/amos/media/tv/homeland/Homeland.S05.1080p.BluRay.x265-RARBG/Homeland.S05E12.1080p.BluRay.x265-RARBG.mp4,5,12,1796960,data/encodings/1796960/1796960_S05E12_55272_0.npy
1575,1080,1920,0,1298,1592,106,400,86436,0.042,55296,/home/amos/media/tv/homeland/Homeland.S05.1080p.BluRay.x265-RARBG/Homeland.S05E12.1080p.BluRay.x265-RARBG.mp4,5,12,1796960,data/encodings/1796960/1796960_S05E12_55296_0.npy
1576,1080,1920,0,1239,1532,136,429,85849,0.041,55320,/home/amos/media/tv/homeland/Homeland.S05.1080p.BluRay.x265-RARBG/Homeland.S05E12.1080p.BluRay.x265-RARBG.mp4,5,12,1796960,data/encodings/1796960/1796960_S05E12_55320_0.npy
1577,1080,1920,0,961,1313,172,525,124256,0.06,55344,/home/amos/media/tv/homeland/Homeland.S05.1080p.BluRay.x265-RARBG/Homeland.S05E12.1080p.BluRay.x265-RARBG.mp4,5,12,1796960,data/encodings/1796960/1796960_S05E12_55344_0.npy
1578,1080,1920,0,961,1313,172,525,124256,0.06,55368,/home/amos/media/tv/homeland/Homeland.S05.1080p.BluRay.x265-RARBG/Homeland.S05E12.1080p.BluRay.x265-RARBG.mp4,5,12,1796960,data/encodings/1796960/1796960_S05E12_55368_0.npy
1579,1080,1920,0,484,729,82,327,60025,0.029,55392,/home/amos/media/tv/homeland/Homeland.S05.1080p.BluRay.x265-RARBG/Homeland.S05E12.1080p.BluRay.x265-RARBG.mp4,5,12,1796960,data/encodings/1796960/1796960_S05E12_55392_0.npy
1580,1080,1920,0,459,704,107,351,59780,0.029,55416,/home/amos/media/tv/homeland/Homeland.S05.1080p.BluRay.x265-RARBG/Homeland.S05E12.1080p.BluRay.x265-RARBG.mp4,5,12,1796960,data/encodings/1796960/1796960_S05E12_55416_0.npy
1581,1080,1920,0,459,704,82,327,60025,0.029,55440,/home/amos/media/tv/homeland/Homeland.S05.1080p.BluRay.x265-RARBG/Homeland.S05E12.1080p.BluRay.x265-RARBG.mp4,5,12,1796960,data/encodings/1796960/1796960_S05E12_55440_0.npy
1582,1080,1920,0,459,704,107,351,59780,0.029,55464,/home/amos/media/tv/homeland/Homeland.S05.1080p.BluRay.x265-RARBG/Homeland.S05E12.1080p.BluRay.x265-RARBG.mp4,5,12,1796960,data/encodings/1796960/1796960_S05E12_55464_0.npy
1583,1080,1920,0,537,741,120,324,41616,0.02,55488,/home/amos/media/tv/homeland/Homeland.S05.1080p.BluRay.x265-RARBG/Homeland.S05E12.1080p.BluRay.x265-RARBG.mp4,5,12,1796960,data/encodings/1796960/1796960_S05E12_55488_0.npy
1584,1080,1920,0,1102,1609,5,512,257049,0.124,55536,/home/amos/media/tv/homeland/Homeland.S05.1080p.BluRay.x265-RARBG/Homeland.S05E12.1080p.BluRay.x265-RARBG.mp4,5,12,1796960,data/encodings/1796960/1796960_S05E12_55536_0.npy
1585,1080,1920,0,1051,1558,159,666,257049,0.124,55560,/home/amos/media/tv/homeland/Homeland.S05.1080p.BluRay.x265-RARBG/Homeland.S05E12.1080p.BluRay.x265-RARBG.mp4,5,12,1796960,data/encodings/1796960/1796960_S05E12_55560_0.npy
1586,1080,1920,0,890,1242,208,560,123904,0.06,55584,/home/amos/media/tv/homeland/Homeland.S05.1080p.BluRay.x265-RARBG/Homeland.S05E12.1080p.BluRay.x265-RARBG.mp4,5,12,1796960,data/encodings/1796960/1796960_S05E12_55584_0.npy
1587,1080,1920,0,890,1242,172,525,124256,0.06,55608,/home/amos/media/tv/homeland/Homeland.S05.1080p.BluRay.x265-RARBG/Homeland.S05E12.1080p.BluRay.x265-RARBG.mp4,5,12,1796960,data/encodings/1796960/1796960_S05E12_55608_0.npy
1588,1080,1920,0,890,1242,172,525,124256,0.06,55632,/home/amos/media/tv/homeland/Homeland.S05.1080p.BluRay.x265-RARBG/Homeland.S05E12.1080p.BluRay.x265-RARBG.mp4,5,12,1796960,data/encodings/1796960/1796960_S05E12_55632_0.npy
1589,1080,1920,0,890,1242,208,560,123904,0.06,55656,/home/amos/media/tv/homeland/Homeland.S05.1080p.BluRay.x265-RARBG/Homeland.S05E12.1080p.BluRay.x265-RARBG.mp4,5,12,1796960,data/encodings/1796960/1796960_S05E12_55656_0.npy
1590,1080,1920,0,948,1455,159,666,257049,0.124,55680,/home/amos/media/tv/homeland/Homeland.S05.1080p.BluRay.x265-RARBG/Homeland.S05E12.1080p.BluRay.x265-RARBG.mp4,5,12,1796960,data/encodings/1796960/1796960_S05E12_55680_0.npy
1591,1080,1920,0,948,1455,210,717,257049,0.124,55704,/home/amos/media/tv/homeland/Homeland.S05.1080p.BluRay.x265-RARBG/Homeland.S05E12.1080p.BluRay.x265-RARBG.mp4,5,12,1796960,data/encodings/1796960/1796960_S05E12_55704_0.npy
1592,1080,1920,0,1102,1609,56,563,257049,0.124,55776,/home/amos/media/tv/homeland/Homeland.S05.1080p.BluRay.x265-RARBG/Homeland.S05E12.1080p.BluRay.x265-RARBG.mp4,5,12,1796960,data/encodings/1796960/1796960_S05E12_55776_0.npy
1593,1080,1920,0,948,1455,108,615,257049,0.124,55800,/home/amos/media/tv/homeland/Homeland.S05.1080p.BluRay.x265-RARBG/Homeland.S05E12.1080p.BluRay.x265-RARBG.mp4,5,12,1796960,data/encodings/1796960/1796960_S05E12_55800_0.npy
1594,1080,1920,0,925,1277,172,525,124256,0.06,55824,/home/amos/media/tv/homeland/Homeland.S05.1080p.BluRay.x265-RARBG/Homeland.S05E12.1080p.BluRay.x265-RARBG.mp4,5,12,1796960,data/encodings/1796960/1796960_S05E12_55824_0.npy
1595,1080,1920,0,925,1277,172,525,124256,0.06,55848,/home/amos/media/tv/homeland/Homeland.S05.1080p.BluRay.x265-RARBG/Homeland.S05E12.1080p.BluRay.x265-RARBG.mp4,5,12,1796960,data/encodings/1796960/1796960_S05E12_55848_0.npy
1596,1080,1920,0,925,1277,172,525,124256,0.06,55872,/home/amos/media/tv/homeland/Homeland.S05.1080p.BluRay.x265-RARBG/Homeland.S05E12.1080p.BluRay.x265-RARBG.mp4,5,12,1796960,data/encodings/1796960/1796960_S05E12_55872_0.npy
1597,1080,1920,0,890,1242,172,525,124256,0.06,55896,/home/amos/media/tv/homeland/Homeland.S05.1080p.BluRay.x265-RARBG/Homeland.S05E12.1080p.BluRay.x265-RARBG.mp4,5,12,1796960,data/encodings/1796960/1796960_S05E12_55896_0.npy
1598,1080,1920,0,890,1242,172,525,124256,0.06,55920,/home/amos/media/tv/homeland/Homeland.S05.1080p.BluRay.x265-RARBG/Homeland.S05E12.1080p.BluRay.x265-RARBG.mp4,5,12,1796960,data/encodings/1796960/1796960_S05E12_55920_0.npy
1599,1080,1920,0,1025,1448,218,640,178506,0.086,55944,/home/amos/media/tv/homeland/Homeland.S05.1080p.BluRay.x265-RARBG/Homeland.S05E12.1080p.BluRay.x265-RARBG.mp4,5,12,1796960,data/encodings/1796960/1796960_S05E12_55944_0.npy
1600,1080,1920,0,1025,1448,218,640,178506,0.086,55968,/home/amos/media/tv/homeland/Homeland.S05.1080p.BluRay.x265-RARBG/Homeland.S05E12.1080p.BluRay.x265-RARBG.mp4,5,12,1796960,data/encodings/1796960/1796960_S05E12_55968_0.npy
1601,1080,1920,0,1025,1448,218,640,178506,0.086,55992,/home/amos/media/tv/homeland/Homeland.S05.1080p.BluRay.x265-RARBG/Homeland.S05E12.1080p.BluRay.x265-RARBG.mp4,5,12,1796960,data/encodings/1796960/1796960_S05E12_55992_0.npy
1602,1080,1920,0,410,654,82,327,59780,0.029,56016,/home/amos/media/tv/homeland/Homeland.S05.1080p.BluRay.x265-RARBG/Homeland.S05E12.1080p.BluRay.x265-RARBG.mp4,5,12,1796960,data/encodings/1796960/1796960_S05E12_56016_0.npy
1603,1080,1920,0,410,654,82,327,59780,0.029,56040,/home/amos/media/tv/homeland/Homeland.S05.1080p.BluRay.x265-RARBG/Homeland.S05E12.1080p.BluRay.x265-RARBG.mp4,5,12,1796960,data/encodings/1796960/1796960_S05E12_56040_0.npy
1604,1080,1920,0,410,654,107,351,59536,0.029,56064,/home/amos/media/tv/homeland/Homeland.S05.1080p.BluRay.x265-RARBG/Homeland.S05E12.1080p.BluRay.x265-RARBG.mp4,5,12,1796960,data/encodings/1796960/1796960_S05E12_56064_0.npy
1605,1080,1920,0,434,638,58,262,41616,0.02,56088,/home/amos/media/tv/homeland/Homeland.S05.1080p.BluRay.x265-RARBG/Homeland.S05E12.1080p.BluRay.x265-RARBG.mp4,5,12,1796960,data/encodings/1796960/1796960_S05E12_56088_0.npy
1606,1080,1920,0,228,431,120,324,41412,0.02,56112,/home/amos/media/tv/homeland/Homeland.S05.1080p.BluRay.x265-RARBG/Homeland.S05E12.1080p.BluRay.x265-RARBG.mp4,5,12,1796960,data/encodings/1796960/1796960_S05E12_56112_0.npy
1607,1080,1920,0,999,1507,210,717,257556,0.124,56184,/home/amos/media/tv/homeland/Homeland.S05.1080p.BluRay.x265-RARBG/Homeland.S05E12.1080p.BluRay.x265-RARBG.mp4,5,12,1796960,data/encodings/1796960/1796960_S05E12_56184_0.npy
1608,1080,1920,0,999,1507,210,717,257556,0.124,56208,/home/amos/media/tv/homeland/Homeland.S05.1080p.BluRay.x265-RARBG/Homeland.S05E12.1080p.BluRay.x265-RARBG.mp4,5,12,1796960,data/encodings/1796960/1796960_S05E12_56208_0.npy
1609,1080,1920,0,1051,1558,210,717,257049,0.124,56304,/home/amos/media/tv/homeland/Homeland.S05.1080p.BluRay.x265-RARBG/Homeland.S05E12.1080p.BluRay.x265-RARBG.mp4,5,12,1796960,data/encodings/1796960/1796960_S05E12_56304_0.npy
1610,1080,1920,0,1051,1558,210,717,257049,0.124,56328,/home/amos/media/tv/homeland/Homeland.S05.1080p.BluRay.x265-RARBG/Homeland.S05E12.1080p.BluRay.x265-RARBG.mp4,5,12,1796960,data/encodings/1796960/1796960_S05E12_56328_0.npy
1611,1080,1920,0,1051,1558,210,717,257049,0.124,56352,/home/amos/media/tv/homeland/Homeland.S05.1080p.BluRay.x265-RARBG/Homeland.S05E12.1080p.BluRay.x265-RARBG.mp4,5,12,1796960,data/encodings/1796960/1796960_S05E12_56352_0.npy
1612,1080,1920,0,1111,1533,261,683,178084,0.086,56376,/home/amos/media/tv/homeland/Homeland.S05.1080p.BluRay.x265-RARBG/Homeland.S05E12.1080p.BluRay.x265-RARBG.mp4,5,12,1796960,data/encodings/1796960/1796960_S05E12_56376_0.npy
1613,1080,1920,0,1111,1533,261,683,178084,0.086,56400,/home/amos/media/tv/homeland/Homeland.S05.1080p.BluRay.x265-RARBG/Homeland.S05E12.1080p.BluRay.x265-RARBG.mp4,5,12,1796960,data/encodings/1796960/1796960_S05E12_56400_0.npy
1614,1080,1920,0,1068,1491,389,812,178929,0.086,56424,/home/amos/media/tv/homeland/Homeland.S05.1080p.BluRay.x265-RARBG/Homeland.S05E12.1080p.BluRay.x265-RARBG.mp4,5,12,1796960,data/encodings/1796960/1796960_S05E12_56424_0.npy
1615,1080,1920,0,1111,1533,389,812,178506,0.086,56448,/home/amos/media/tv/homeland/Homeland.S05.1080p.BluRay.x265-RARBG/Homeland.S05E12.1080p.BluRay.x265-RARBG.mp4,5,12,1796960,data/encodings/1796960/1796960_S05E12_56448_0.npy
1616,1080,1920,0,1102,1609,56,563,257049,0.124,56472,/home/amos/media/tv/homeland/Homeland.S05.1080p.BluRay.x265-RARBG/Homeland.S05E12.1080p.BluRay.x265-RARBG.mp4,5,12,1796960,data/encodings/1796960/1796960_S05E12_56472_0.npy
1617,1080,1920,0,1025,1448,175,598,178929,0.086,56496,/home/amos/media/tv/homeland/Homeland.S05.1080p.BluRay.x265-RARBG/Homeland.S05E12.1080p.BluRay.x265-RARBG.mp4,5,12,1796960,data/encodings/1796960/1796960_S05E12_56496_0.npy
1618,1080,1920,0,1068,1491,175,598,178929,0.086,56520,/home/amos/media/tv/homeland/Homeland.S05.1080p.BluRay.x265-RARBG/Homeland.S05E12.1080p.BluRay.x265-RARBG.mp4,5,12,1796960,data/encodings/1796960/1796960_S05E12_56520_0.npy
1619,1080,1920,0,734,1027,166,459,85849,0.041,56544,/home/amos/media/tv/homeland/Homeland.S05.1080p.BluRay.x265-RARBG/Homeland.S05E12.1080p.BluRay.x265-RARBG.mp4,5,12,1796960,data/encodings/1796960/1796960_S05E12_56544_0.npy
1620,1080,1920,0,734,1027,166,459,85849,0.041,56568,/home/amos/media/tv/homeland/Homeland.S05.1080p.BluRay.x265-RARBG/Homeland.S05E12.1080p.BluRay.x265-RARBG.mp4,5,12,1796960,data/encodings/1796960/1796960_S05E12_56568_0.npy
1621,1080,1920,0,763,1057,166,459,86142,0.042,56592,/home/amos/media/tv/homeland/Homeland.S05.1080p.BluRay.x265-RARBG/Homeland.S05E12.1080p.BluRay.x265-RARBG.mp4,5,12,1796960,data/encodings/1796960/1796960_S05E12_56592_0.npy
1622,1080,1920,0,1068,1491,175,598,178929,0.086,56616,/home/amos/media/tv/homeland/Homeland.S05.1080p.BluRay.x265-RARBG/Homeland.S05E12.1080p.BluRay.x265-RARBG.mp4,5,12,1796960,data/encodings/1796960/1796960_S05E12_56616_0.npy
1623,1080,1920,0,1068,1491,218,640,178506,0.086,56640,/home/amos/media/tv/homeland/Homeland.S05.1080p.BluRay.x265-RARBG/Homeland.S05E12.1080p.BluRay.x265-RARBG.mp4,5,12,1796960,data/encodings/1796960/1796960_S05E12_56640_0.npy
1624,1080,1920,0,1154,1661,210,717,257049,0.124,56664,/home/amos/media/tv/homeland/Homeland.S05.1080p.BluRay.x265-RARBG/Homeland.S05E12.1080p.BluRay.x265-RARBG.mp4,5,12,1796960,data/encodings/1796960/1796960_S05E12_56664_0.npy
1625,1080,1920,0,1102,1609,262,769,257049,0.124,56688,/home/amos/media/tv/homeland/Homeland.S05.1080p.BluRay.x265-RARBG/Homeland.S05E12.1080p.BluRay.x265-RARBG.mp4,5,12,1796960,data/encodings/1796960/1796960_S05E12_56688_0.npy
1626,1080,1920,0,999,1507,210,717,257556,0.124,56712,/home/amos/media/tv/homeland/Homeland.S05.1080p.BluRay.x265-RARBG/Homeland.S05E12.1080p.BluRay.x265-RARBG.mp4,5,12,1796960,data/encodings/1796960/1796960_S05E12_56712_0.npy
1627,1080,1920,0,948,1455,159,666,257049,0.124,56736,/home/amos/media/tv/homeland/Homeland.S05.1080p.BluRay.x265-RARBG/Homeland.S05E12.1080p.BluRay.x265-RARBG.mp4,5,12,1796960,data/encodings/1796960/1796960_S05E12_56736_0.npy
1628,1080,1920,0,1282,1705,218,640,178506,0.086,56760,/home/amos/media/tv/homeland/Homeland.S05.1080p.BluRay.x265-RARBG/Homeland.S05E12.1080p.BluRay.x265-RARBG.mp4,5,12,1796960,data/encodings/1796960/1796960_S05E12_56760_0.npy
1629,1080,1920,0,1196,1619,303,726,178929,0.086,56784,/home/amos/media/tv/homeland/Homeland.S05.1080p.BluRay.x265-RARBG/Homeland.S05E12.1080p.BluRay.x265-RARBG.mp4,5,12,1796960,data/encodings/1796960/1796960_S05E12_56784_0.npy
1630,1080,1920,0,794,1301,159,666,257049,0.124,56880,/home/amos/media/tv/homeland/Homeland.S05.1080p.BluRay.x265-RARBG/Homeland.S05E12.1080p.BluRay.x265-RARBG.mp4,5,12,1796960,data/encodings/1796960/1796960_S05E12_56880_0.npy
1631,1080,1920,0,845,1353,210,717,257556,0.124,56904,/home/amos/media/tv/homeland/Homeland.S05.1080p.BluRay.x265-RARBG/Homeland.S05E12.1080p.BluRay.x265-RARBG.mp4,5,12,1796960,data/encodings/1796960/1796960_S05E12_56904_0.npy
1632,1080,1920,0,897,1404,364,872,257556,0.124,56928,/home/amos/media/tv/homeland/Homeland.S05.1080p.BluRay.x265-RARBG/Homeland.S05E12.1080p.BluRay.x265-RARBG.mp4,5,12,1796960,data/encodings/1796960/1796960_S05E12_56928_0.npy
1633,1080,1920,0,948,1455,313,820,257049,0.124,56952,/home/amos/media/tv/homeland/Homeland.S05.1080p.BluRay.x265-RARBG/Homeland.S05E12.1080p.BluRay.x265-RARBG.mp4,5,12,1796960,data/encodings/1796960/1796960_S05E12_56952_0.npy
1634,1080,1920,0,794,1301,108,615,257049,0.124,57048,/home/amos/media/tv/homeland/Homeland.S05.1080p.BluRay.x265-RARBG/Homeland.S05E12.1080p.BluRay.x265-RARBG.mp4,5,12,1796960,data/encodings/1796960/1796960_S05E12_57048_0.npy
1635,1080,1920,0,1154,1576,261,683,178084,0.086,57072,/home/amos/media/tv/homeland/Homeland.S05.1080p.BluRay.x265-RARBG/Homeland.S05E12.1080p.BluRay.x265-RARBG.mp4,5,12,1796960,data/encodings/1796960/1796960_S05E12_57072_0.npy
1636,1080,1920,0,1282,1705,261,683,178506,0.086,57096,/home/amos/media/tv/homeland/Homeland.S05.1080p.BluRay.x265-RARBG/Homeland.S05E12.1080p.BluRay.x265-RARBG.mp4,5,12,1796960,data/encodings/1796960/1796960_S05E12_57096_0.npy
1637,1080,1920,0,1239,1662,261,683,178506,0.086,57120,/home/amos/media/tv/homeland/Homeland.S05.1080p.BluRay.x265-RARBG/Homeland.S05E12.1080p.BluRay.x265-RARBG.mp4,5,12,1796960,data/encodings/1796960/1796960_S05E12_57120_0.npy
1638,1080,1920,0,1239,1662,261,683,178506,0.086,57288,/home/amos/media/tv/homeland/Homeland.S05.1080p.BluRay.x265-RARBG/Homeland.S05E12.1080p.BluRay.x265-RARBG.mp4,5,12,1796960,data/encodings/1796960/1796960_S05E12_57288_0.npy
1639,1080,1920,0,1239,1662,261,683,178506,0.086,57312,/home/amos/media/tv/homeland/Homeland.S05.1080p.BluRay.x265-RARBG/Homeland.S05E12.1080p.BluRay.x265-RARBG.mp4,5,12,1796960,data/encodings/1796960/1796960_S05E12_57312_0.npy
1640,1080,1920,0,1239,1662,261,683,178506,0.086,57336,/home/amos/media/tv/homeland/Homeland.S05.1080p.BluRay.x265-RARBG/Homeland.S05E12.1080p.BluRay.x265-RARBG.mp4,5,12,1796960,data/encodings/1796960/1796960_S05E12_57336_0.npy
1641,1080,1920,0,1239,1662,218,640,178506,0.086,57360,/home/amos/media/tv/homeland/Homeland.S05.1080p.BluRay.x265-RARBG/Homeland.S05E12.1080p.BluRay.x265-RARBG.mp4,5,12,1796960,data/encodings/1796960/1796960_S05E12_57360_0.npy
1642,1080,1920,0,1239,1662,218,640,178506,0.086,57384,/home/amos/media/tv/homeland/Homeland.S05.1080p.BluRay.x265-RARBG/Homeland.S05E12.1080p.BluRay.x265-RARBG.mp4,5,12,1796960,data/encodings/1796960/1796960_S05E12_57384_0.npy
1643,1080,1920,0,1239,1662,218,640,178506,0.086,57408,/home/amos/media/tv/homeland/Homeland.S05.1080p.BluRay.x265-RARBG/Homeland.S05E12.1080p.BluRay.x265-RARBG.mp4,5,12,1796960,data/encodings/1796960/1796960_S05E12_57408_0.npy
1644,1080,1920,0,1239,1662,261,683,178506,0.086,57432,/home/amos/media/tv/homeland/Homeland.S05.1080p.BluRay.x265-RARBG/Homeland.S05E12.1080p.BluRay.x265-RARBG.mp4,5,12,1796960,data/encodings/1796960/1796960_S05E12_57432_0.npy
1645,1080,1920,0,1239,1662,261,683,178506,0.086,57456,/home/amos/media/tv/homeland/Homeland.S05.1080p.BluRay.x265-RARBG/Homeland.S05E12.1080p.BluRay.x265-RARBG.mp4,5,12,1796960,data/encodings/1796960/1796960_S05E12_57456_0.npy
1646,1080,1920,0,1196,1619,261,683,178506,0.086,57480,/home/amos/media/tv/homeland/Homeland.S05.1080p.BluRay.x265-RARBG/Homeland.S05E12.1080p.BluRay.x265-RARBG.mp4,5,12,1796960,data/encodings/1796960/1796960_S05E12_57480_0.npy
1647,1080,1920,0,1239,1662,261,683,178506,0.086,57504,/home/amos/media/tv/homeland/Homeland.S05.1080p.BluRay.x265-RARBG/Homeland.S05E12.1080p.BluRay.x265-RARBG.mp4,5,12,1796960,data/encodings/1796960/1796960_S05E12_57504_0.npy
1648,1080,1920,0,999,1507,5,512,257556,0.124,57600,/home/amos/media/tv/homeland/Homeland.S05.1080p.BluRay.x265-RARBG/Homeland.S05E12.1080p.BluRay.x265-RARBG.mp4,5,12,1796960,data/encodings/1796960/1796960_S05E12_57600_0.npy
1649,1080,1920,0,948,1455,210,717,257049,0.124,57624,/home/amos/media/tv/homeland/Homeland.S05.1080p.BluRay.x265-RARBG/Homeland.S05E12.1080p.BluRay.x265-RARBG.mp4,5,12,1796960,data/encodings/1796960/1796960_S05E12_57624_0.npy
1650,1080,1920,0,1051,1558,56,563,257049,0.124,57648,/home/amos/media/tv/homeland/Homeland.S05.1080p.BluRay.x265-RARBG/Homeland.S05E12.1080p.BluRay.x265-RARBG.mp4,5,12,1796960,data/encodings/1796960/1796960_S05E12_57648_0.npy
1651,1080,1920,0,348,446,78,176,9604,0.005,57672,/home/amos/media/tv/homeland/Homeland.S05.1080p.BluRay.x265-RARBG/Homeland.S05E12.1080p.BluRay.x265-RARBG.mp4,5,12,1796960,data/encodings/1796960/1796960_S05E12_57672_0.npy
1652,1080,1920,0,328,426,78,176,9604,0.005,57696,/home/amos/media/tv/homeland/Homeland.S05.1080p.BluRay.x265-RARBG/Homeland.S05E12.1080p.BluRay.x265-RARBG.mp4,5,12,1796960,data/encodings/1796960/1796960_S05E12_57696_0.npy
1653,1080,1920,0,948,1455,159,666,257049,0.124,57720,/home/amos/media/tv/homeland/Homeland.S05.1080p.BluRay.x265-RARBG/Homeland.S05E12.1080p.BluRay.x265-RARBG.mp4,5,12,1796960,data/encodings/1796960/1796960_S05E12_57720_0.npy
1654,1080,1920,0,897,1404,210,717,257049,0.124,57744,/home/amos/media/tv/homeland/Homeland.S05.1080p.BluRay.x265-RARBG/Homeland.S05E12.1080p.BluRay.x265-RARBG.mp4,5,12,1796960,data/encodings/1796960/1796960_S05E12_57744_0.npy
1655,1080,1920,0,948,1455,159,666,257049,0.124,57768,/home/amos/media/tv/homeland/Homeland.S05.1080p.BluRay.x265-RARBG/Homeland.S05E12.1080p.BluRay.x265-RARBG.mp4,5,12,1796960,data/encodings/1796960/1796960_S05E12_57768_0.npy
1656,1080,1920,0,897,1404,210,717,257049,0.124,57792,/home/amos/media/tv/homeland/Homeland.S05.1080p.BluRay.x265-RARBG/Homeland.S05E12.1080p.BluRay.x265-RARBG.mp4,5,12,1796960,data/encodings/1796960/1796960_S05E12_57792_0.npy
1657,1080,1920,0,1205,1273,249,317,4624,0.002,57816,/home/amos/media/tv/homeland/Homeland.S05.1080p.BluRay.x265-RARBG/Homeland.S05E12.1080p.BluRay.x265-RARBG.mp4,5,12,1796960,data/encodings/1796960/1796960_S05E12_57816_0.npy
1658,1080,1920,0,1502,1570,138,207,4692,0.002,57888,/home/amos/media/tv/homeland/Homeland.S05.1080p.BluRay.x265-RARBG/Homeland.S05E12.1080p.BluRay.x265-RARBG.mp4,5,12,1796960,data/encodings/1796960/1796960_S05E12_57888_0.npy
1659,1080,1920,0,1475,1543,152,221,4692,0.002,57912,/home/amos/media/tv/homeland/Homeland.S05.1080p.BluRay.x265-RARBG/Homeland.S05E12.1080p.BluRay.x265-RARBG.mp4,5,12,1796960,data/encodings/1796960/1796960_S05E12_57912_0.npy
1660,1080,1920,0,1482,1581,128,226,9702,0.005,57936,/home/amos/media/tv/homeland/Homeland.S05.1080p.BluRay.x265-RARBG/Homeland.S05E12.1080p.BluRay.x265-RARBG.mp4,5,12,1796960,data/encodings/1796960/1796960_S05E12_57936_0.npy
1661,1080,1920,0,1421,1591,147,317,28900,0.014,58104,/home/amos/media/tv/homeland/Homeland.S05.1080p.BluRay.x265-RARBG/Homeland.S05E12.1080p.BluRay.x265-RARBG.mp4,5,12,1796960,data/encodings/1796960/1796960_S05E12_58104_0.npy
1662,1080,1920,0,475,645,336,506,28900,0.014,58128,/home/amos/media/tv/homeland/Homeland.S05.1080p.BluRay.x265-RARBG/Homeland.S05E12.1080p.BluRay.x265-RARBG.mp4,5,12,1796960,data/encodings/1796960/1796960_S05E12_58128_0.npy
1663,1080,1920,0,578,782,388,592,41616,0.02,58152,/home/amos/media/tv/homeland/Homeland.S05.1080p.BluRay.x265-RARBG/Homeland.S05E12.1080p.BluRay.x265-RARBG.mp4,5,12,1796960,data/encodings/1796960/1796960_S05E12_58152_0.npy
1664,1080,1920,0,517,720,367,571,41412,0.02,58176,/home/amos/media/tv/homeland/Homeland.S05.1080p.BluRay.x265-RARBG/Homeland.S05E12.1080p.BluRay.x265-RARBG.mp4,5,12,1796960,data/encodings/1796960/1796960_S05E12_58176_0.npy
1665,1080,1920,0,517,720,367,571,41412,0.02,58200,/home/amos/media/tv/homeland/Homeland.S05.1080p.BluRay.x265-RARBG/Homeland.S05E12.1080p.BluRay.x265-RARBG.mp4,5,12,1796960,data/encodings/1796960/1796960_S05E12_58200_0.npy
1666,1080,1920,0,496,700,367,571,41616,0.02,58224,/home/amos/media/tv/homeland/Homeland.S05.1080p.BluRay.x265-RARBG/Homeland.S05E12.1080p.BluRay.x265-RARBG.mp4,5,12,1796960,data/encodings/1796960/1796960_S05E12_58224_0.npy
1667,1080,1920,0,496,700,388,592,41616,0.02,58248,/home/amos/media/tv/homeland/Homeland.S05.1080p.BluRay.x265-RARBG/Homeland.S05E12.1080p.BluRay.x265-RARBG.mp4,5,12,1796960,data/encodings/1796960/1796960_S05E12_58248_0.npy
1668,1080,1920,0,517,720,429,633,41412,0.02,58272,/home/amos/media/tv/homeland/Homeland.S05.1080p.BluRay.x265-RARBG/Homeland.S05E12.1080p.BluRay.x265-RARBG.mp4,5,12,1796960,data/encodings/1796960/1796960_S05E12_58272_0.npy
1669,1080,1920,0,1227,1472,156,401,60025,0.029,58296,/home/amos/media/tv/homeland/Homeland.S05.1080p.BluRay.x265-RARBG/Homeland.S05E12.1080p.BluRay.x265-RARBG.mp4,5,12,1796960,data/encodings/1796960/1796960_S05E12_58296_0.npy
1670,1080,1920,0,1179,1473,166,459,86142,0.042,58320,/home/amos/media/tv/homeland/Homeland.S05.1080p.BluRay.x265-RARBG/Homeland.S05E12.1080p.BluRay.x265-RARBG.mp4,5,12,1796960,data/encodings/1796960/1796960_S05E12_58320_0.npy
1671,1080,1920,0,558,803,280,525,60025,0.029,58344,/home/amos/media/tv/homeland/Homeland.S05.1080p.BluRay.x265-RARBG/Homeland.S05E12.1080p.BluRay.x265-RARBG.mp4,5,12,1796960,data/encodings/1796960/1796960_S05E12_58344_0.npy
1672,1080,1920,0,578,782,326,530,41616,0.02,58368,/home/amos/media/tv/homeland/Homeland.S05.1080p.BluRay.x265-RARBG/Homeland.S05E12.1080p.BluRay.x265-RARBG.mp4,5,12,1796960,data/encodings/1796960/1796960_S05E12_58368_0.npy
1673,1080,1920,0,558,762,367,571,41616,0.02,58392,/home/amos/media/tv/homeland/Homeland.S05.1080p.BluRay.x265-RARBG/Homeland.S05E12.1080p.BluRay.x265-RARBG.mp4,5,12,1796960,data/encodings/1796960/1796960_S05E12_58392_0.npy
1674,1080,1920,0,558,803,280,525,60025,0.029,58416,/home/amos/media/tv/homeland/Homeland.S05.1080p.BluRay.x265-RARBG/Homeland.S05E12.1080p.BluRay.x265-RARBG.mp4,5,12,1796960,data/encodings/1796960/1796960_S05E12_58416_0.npy
1675,1080,1920,0,599,803,326,530,41616,0.02,58440,/home/amos/media/tv/homeland/Homeland.S05.1080p.BluRay.x265-RARBG/Homeland.S05E12.1080p.BluRay.x265-RARBG.mp4,5,12,1796960,data/encodings/1796960/1796960_S05E12_58440_0.npy
1676,1080,1920,0,558,803,280,525,60025,0.029,58464,/home/amos/media/tv/homeland/Homeland.S05.1080p.BluRay.x265-RARBG/Homeland.S05E12.1080p.BluRay.x265-RARBG.mp4,5,12,1796960,data/encodings/1796960/1796960_S05E12_58464_0.npy
1677,1080,1920,0,1051,1558,210,717,257049,0.124,58488,/home/amos/media/tv/homeland/Homeland.S05.1080p.BluRay.x265-RARBG/Homeland.S05E12.1080p.BluRay.x265-RARBG.mp4,5,12,1796960,data/encodings/1796960/1796960_S05E12_58488_0.npy
1678,1080,1920,0,1051,1558,159,666,257049,0.124,58512,/home/amos/media/tv/homeland/Homeland.S05.1080p.BluRay.x265-RARBG/Homeland.S05E12.1080p.BluRay.x265-RARBG.mp4,5,12,1796960,data/encodings/1796960/1796960_S05E12_58512_0.npy
1679,1080,1920,0,1051,1558,210,717,257049,0.124,58536,/home/amos/media/tv/homeland/Homeland.S05.1080p.BluRay.x265-RARBG/Homeland.S05E12.1080p.BluRay.x265-RARBG.mp4,5,12,1796960,data/encodings/1796960/1796960_S05E12_58536_0.npy
1680,1080,1920,0,1051,1558,159,666,257049,0.124,58560,/home/amos/media/tv/homeland/Homeland.S05.1080p.BluRay.x265-RARBG/Homeland.S05E12.1080p.BluRay.x265-RARBG.mp4,5,12,1796960,data/encodings/1796960/1796960_S05E12_58560_0.npy
1681,1080,1920,0,1051,1558,210,717,257049,0.124,58584,/home/amos/media/tv/homeland/Homeland.S05.1080p.BluRay.x265-RARBG/Homeland.S05E12.1080p.BluRay.x265-RARBG.mp4,5,12,1796960,data/encodings/1796960/1796960_S05E12_58584_0.npy
1682,1080,1920,0,554,977,175,598,178929,0.086,58608,/home/amos/media/tv/homeland/Homeland.S05.1080p.BluRay.x265-RARBG/Homeland.S05E12.1080p.BluRay.x265-RARBG.mp4,5,12,1796960,data/encodings/1796960/1796960_S05E12_58608_0.npy
1683,1080,1920,0,512,934,218,640,178084,0.086,58632,/home/amos/media/tv/homeland/Homeland.S05.1080p.BluRay.x265-RARBG/Homeland.S05E12.1080p.BluRay.x265-RARBG.mp4,5,12,1796960,data/encodings/1796960/1796960_S05E12_58632_0.npy
1684,1080,1920,0,512,934,218,640,178084,0.086,58656,/home/amos/media/tv/homeland/Homeland.S05.1080p.BluRay.x265-RARBG/Homeland.S05E12.1080p.BluRay.x265-RARBG.mp4,5,12,1796960,data/encodings/1796960/1796960_S05E12_58656_0.npy
1685,1080,1920,0,512,934,218,640,178084,0.086,58680,/home/amos/media/tv/homeland/Homeland.S05.1080p.BluRay.x265-RARBG/Homeland.S05E12.1080p.BluRay.x265-RARBG.mp4,5,12,1796960,data/encodings/1796960/1796960_S05E12_58680_0.npy
1686,1080,1920,0,554,977,175,598,178929,0.086,58704,/home/amos/media/tv/homeland/Homeland.S05.1080p.BluRay.x265-RARBG/Homeland.S05E12.1080p.BluRay.x265-RARBG.mp4,5,12,1796960,data/encodings/1796960/1796960_S05E12_58704_0.npy
1687,1080,1920,0,569,921,172,525,124256,0.06,58728,/home/amos/media/tv/homeland/Homeland.S05.1080p.BluRay.x265-RARBG/Homeland.S05E12.1080p.BluRay.x265-RARBG.mp4,5,12,1796960,data/encodings/1796960/1796960_S05E12_58728_0.npy
1688,1080,1920,0,640,992,208,560,123904,0.06,58752,/home/amos/media/tv/homeland/Homeland.S05.1080p.BluRay.x265-RARBG/Homeland.S05E12.1080p.BluRay.x265-RARBG.mp4,5,12,1796960,data/encodings/1796960/1796960_S05E12_58752_0.npy
1689,1080,1920,0,1102,1609,210,717,257049,0.124,58776,/home/amos/media/tv/homeland/Homeland.S05.1080p.BluRay.x265-RARBG/Homeland.S05E12.1080p.BluRay.x265-RARBG.mp4,5,12,1796960,data/encodings/1796960/1796960_S05E12_58776_0.npy
1690,1080,1920,0,1051,1558,210,717,257049,0.124,58800,/home/amos/media/tv/homeland/Homeland.S05.1080p.BluRay.x265-RARBG/Homeland.S05E12.1080p.BluRay.x265-RARBG.mp4,5,12,1796960,data/encodings/1796960/1796960_S05E12_58800_0.npy
1691,1080,1920,0,1102,1609,159,666,257049,0.124,58824,/home/amos/media/tv/homeland/Homeland.S05.1080p.BluRay.x265-RARBG/Homeland.S05E12.1080p.BluRay.x265-RARBG.mp4,5,12,1796960,data/encodings/1796960/1796960_S05E12_58824_0.npy
1692,1080,1920,0,512,934,175,598,178506,0.086,58848,/home/amos/media/tv/homeland/Homeland.S05.1080p.BluRay.x265-RARBG/Homeland.S05E12.1080p.BluRay.x265-RARBG.mp4,5,12,1796960,data/encodings/1796960/1796960_S05E12_58848_0.npy
1693,1080,1920,0,604,956,172,525,124256,0.06,58872,/home/amos/media/tv/homeland/Homeland.S05.1080p.BluRay.x265-RARBG/Homeland.S05E12.1080p.BluRay.x265-RARBG.mp4,5,12,1796960,data/encodings/1796960/1796960_S05E12_58872_0.npy
1694,1080,1920,0,533,885,172,525,124256,0.06,58896,/home/amos/media/tv/homeland/Homeland.S05.1080p.BluRay.x265-RARBG/Homeland.S05E12.1080p.BluRay.x265-RARBG.mp4,5,12,1796960,data/encodings/1796960/1796960_S05E12_58896_0.npy
1695,1080,1920,0,1051,1558,159,666,257049,0.124,58920,/home/amos/media/tv/homeland/Homeland.S05.1080p.BluRay.x265-RARBG/Homeland.S05E12.1080p.BluRay.x265-RARBG.mp4,5,12,1796960,data/encodings/1796960/1796960_S05E12_58920_0.npy
1696,1080,1920,0,1051,1558,159,666,257049,0.124,58944,/home/amos/media/tv/homeland/Homeland.S05.1080p.BluRay.x265-RARBG/Homeland.S05E12.1080p.BluRay.x265-RARBG.mp4,5,12,1796960,data/encodings/1796960/1796960_S05E12_58944_0.npy
1697,1080,1920,0,533,885,208,560,123904,0.06,58968,/home/amos/media/tv/homeland/Homeland.S05.1080p.BluRay.x265-RARBG/Homeland.S05E12.1080p.BluRay.x265-RARBG.mp4,5,12,1796960,data/encodings/1796960/1796960_S05E12_58968_0.npy
1698,1080,1920,0,533,885,208,560,123904,0.06,58992,/home/amos/media/tv/homeland/Homeland.S05.1080p.BluRay.x265-RARBG/Homeland.S05E12.1080p.BluRay.x265-RARBG.mp4,5,12,1796960,data/encodings/1796960/1796960_S05E12_58992_0.npy
1699,1080,1920,0,533,885,208,560,123904,0.06,59016,/home/amos/media/tv/homeland/Homeland.S05.1080p.BluRay.x265-RARBG/Homeland.S05E12.1080p.BluRay.x265-RARBG.mp4,5,12,1796960,data/encodings/1796960/1796960_S05E12_59016_0.npy
1700,1080,1920,0,469,891,132,555,178506,0.086,59040,/home/amos/media/tv/homeland/Homeland.S05.1080p.BluRay.x265-RARBG/Homeland.S05E12.1080p.BluRay.x265-RARBG.mp4,5,12,1796960,data/encodings/1796960/1796960_S05E12_59040_0.npy
1701,1080,1920,0,469,891,132,555,178506,0.086,59064,/home/amos/media/tv/homeland/Homeland.S05.1080p.BluRay.x265-RARBG/Homeland.S05E12.1080p.BluRay.x265-RARBG.mp4,5,12,1796960,data/encodings/1796960/1796960_S05E12_59064_0.npy
1702,1080,1920,0,999,1507,210,717,257556,0.124,59088,/home/amos/media/tv/homeland/Homeland.S05.1080p.BluRay.x265-RARBG/Homeland.S05E12.1080p.BluRay.x265-RARBG.mp4,5,12,1796960,data/encodings/1796960/1796960_S05E12_59088_0.npy
1703,1080,1920,0,999,1507,313,820,257556,0.124,59112,/home/amos/media/tv/homeland/Homeland.S05.1080p.BluRay.x265-RARBG/Homeland.S05E12.1080p.BluRay.x265-RARBG.mp4,5,12,1796960,data/encodings/1796960/1796960_S05E12_59112_0.npy
1704,1080,1920,0,999,1507,210,717,257556,0.124,59136,/home/amos/media/tv/homeland/Homeland.S05.1080p.BluRay.x265-RARBG/Homeland.S05E12.1080p.BluRay.x265-RARBG.mp4,5,12,1796960,data/encodings/1796960/1796960_S05E12_59136_0.npy
1705,1080,1920,0,512,934,175,598,178506,0.086,59160,/home/amos/media/tv/homeland/Homeland.S05.1080p.BluRay.x265-RARBG/Homeland.S05E12.1080p.BluRay.x265-RARBG.mp4,5,12,1796960,data/encodings/1796960/1796960_S05E12_59160_0.npy
1706,1080,1920,0,512,934,175,598,178506,0.086,59184,/home/amos/media/tv/homeland/Homeland.S05.1080p.BluRay.x265-RARBG/Homeland.S05E12.1080p.BluRay.x265-RARBG.mp4,5,12,1796960,data/encodings/1796960/1796960_S05E12_59184_0.npy
1707,1080,1920,0,554,977,175,598,178929,0.086,59208,/home/amos/media/tv/homeland/Homeland.S05.1080p.BluRay.x265-RARBG/Homeland.S05E12.1080p.BluRay.x265-RARBG.mp4,5,12,1796960,data/encodings/1796960/1796960_S05E12_59208_0.npy
1708,1080,1920,0,999,1507,210,717,257556,0.124,59232,/home/amos/media/tv/homeland/Homeland.S05.1080p.BluRay.x265-RARBG/Homeland.S05E12.1080p.BluRay.x265-RARBG.mp4,5,12,1796960,data/encodings/1796960/1796960_S05E12_59232_0.npy
1709,1080,1920,0,999,1507,210,717,257556,0.124,59256,/home/amos/media/tv/homeland/Homeland.S05.1080p.BluRay.x265-RARBG/Homeland.S05E12.1080p.BluRay.x265-RARBG.mp4,5,12,1796960,data/encodings/1796960/1796960_S05E12_59256_0.npy
1710,1080,1920,0,999,1507,159,666,257556,0.124,59280,/home/amos/media/tv/homeland/Homeland.S05.1080p.BluRay.x265-RARBG/Homeland.S05E12.1080p.BluRay.x265-RARBG.mp4,5,12,1796960,data/encodings/1796960/1796960_S05E12_59280_0.npy
1711,1080,1920,0,462,814,208,560,123904,0.06,59304,/home/amos/media/tv/homeland/Homeland.S05.1080p.BluRay.x265-RARBG/Homeland.S05E12.1080p.BluRay.x265-RARBG.mp4,5,12,1796960,data/encodings/1796960/1796960_S05E12_59304_0.npy
1712,1080,1920,0,426,778,208,560,123904,0.06,59328,/home/amos/media/tv/homeland/Homeland.S05.1080p.BluRay.x265-RARBG/Homeland.S05E12.1080p.BluRay.x265-RARBG.mp4,5,12,1796960,data/encodings/1796960/1796960_S05E12_59328_0.npy
1713,1080,1920,0,426,849,132,555,178929,0.086,59352,/home/amos/media/tv/homeland/Homeland.S05.1080p.BluRay.x265-RARBG/Homeland.S05E12.1080p.BluRay.x265-RARBG.mp4,5,12,1796960,data/encodings/1796960/1796960_S05E12_59352_0.npy
1714,1080,1920,0,383,806,175,598,178929,0.086,59376,/home/amos/media/tv/homeland/Homeland.S05.1080p.BluRay.x265-RARBG/Homeland.S05E12.1080p.BluRay.x265-RARBG.mp4,5,12,1796960,data/encodings/1796960/1796960_S05E12_59376_0.npy
1715,1080,1920,0,426,849,175,598,178929,0.086,59400,/home/amos/media/tv/homeland/Homeland.S05.1080p.BluRay.x265-RARBG/Homeland.S05E12.1080p.BluRay.x265-RARBG.mp4,5,12,1796960,data/encodings/1796960/1796960_S05E12_59400_0.npy
1716,1080,1920,0,426,849,175,598,178929,0.086,59424,/home/amos/media/tv/homeland/Homeland.S05.1080p.BluRay.x265-RARBG/Homeland.S05E12.1080p.BluRay.x265-RARBG.mp4,5,12,1796960,data/encodings/1796960/1796960_S05E12_59424_0.npy
1717,1080,1920,0,948,1455,210,717,257049,0.124,59448,/home/amos/media/tv/homeland/Homeland.S05.1080p.BluRay.x265-RARBG/Homeland.S05E12.1080p.BluRay.x265-RARBG.mp4,5,12,1796960,data/encodings/1796960/1796960_S05E12_59448_0.npy
1718,1080,1920,0,999,1507,210,717,257556,0.124,59472,/home/amos/media/tv/homeland/Homeland.S05.1080p.BluRay.x265-RARBG/Homeland.S05E12.1080p.BluRay.x265-RARBG.mp4,5,12,1796960,data/encodings/1796960/1796960_S05E12_59472_0.npy
1719,1080,1920,0,555,849,314,608,86436,0.042,59496,/home/amos/media/tv/homeland/Homeland.S05.1080p.BluRay.x265-RARBG/Homeland.S05E12.1080p.BluRay.x265-RARBG.mp4,5,12,1796960,data/encodings/1796960/1796960_S05E12_59496_0.npy
1720,1080,1920,0,526,819,314,608,86142,0.042,59520,/home/amos/media/tv/homeland/Homeland.S05.1080p.BluRay.x265-RARBG/Homeland.S05E12.1080p.BluRay.x265-RARBG.mp4,5,12,1796960,data/encodings/1796960/1796960_S05E12_59520_0.npy
1721,1080,1920,0,534,778,355,599,59536,0.029,59544,/home/amos/media/tv/homeland/Homeland.S05.1080p.BluRay.x265-RARBG/Homeland.S05E12.1080p.BluRay.x265-RARBG.mp4,5,12,1796960,data/encodings/1796960/1796960_S05E12_59544_0.npy
1722,1080,1920,0,558,762,347,551,41616,0.02,59568,/home/amos/media/tv/homeland/Homeland.S05.1080p.BluRay.x265-RARBG/Homeland.S05E12.1080p.BluRay.x265-RARBG.mp4,5,12,1796960,data/encodings/1796960/1796960_S05E12_59568_0.npy
1723,1080,1920,0,578,782,347,551,41616,0.02,59592,/home/amos/media/tv/homeland/Homeland.S05.1080p.BluRay.x265-RARBG/Homeland.S05E12.1080p.BluRay.x265-RARBG.mp4,5,12,1796960,data/encodings/1796960/1796960_S05E12_59592_0.npy
1724,1080,1920,0,948,1455,210,717,257049,0.124,59616,/home/amos/media/tv/homeland/Homeland.S05.1080p.BluRay.x265-RARBG/Homeland.S05E12.1080p.BluRay.x265-RARBG.mp4,5,12,1796960,data/encodings/1796960/1796960_S05E12_59616_0.npy
1725,1080,1920,0,948,1455,210,717,257049,0.124,59640,/home/amos/media/tv/homeland/Homeland.S05.1080p.BluRay.x265-RARBG/Homeland.S05E12.1080p.BluRay.x265-RARBG.mp4,5,12,1796960,data/encodings/1796960/1796960_S05E12_59640_0.npy
1726,1080,1920,0,340,763,175,598,178929,0.086,59664,/home/amos/media/tv/homeland/Homeland.S05.1080p.BluRay.x265-RARBG/Homeland.S05E12.1080p.BluRay.x265-RARBG.mp4,5,12,1796960,data/encodings/1796960/1796960_S05E12_59664_0.npy
1727,1080,1920,0,390,742,208,560,123904,0.06,59688,/home/amos/media/tv/homeland/Homeland.S05.1080p.BluRay.x265-RARBG/Homeland.S05E12.1080p.BluRay.x265-RARBG.mp4,5,12,1796960,data/encodings/1796960/1796960_S05E12_59688_0.npy
1728,1080,1920,0,340,763,175,598,178929,0.086,59712,/home/amos/media/tv/homeland/Homeland.S05.1080p.BluRay.x265-RARBG/Homeland.S05E12.1080p.BluRay.x265-RARBG.mp4,5,12,1796960,data/encodings/1796960/1796960_S05E12_59712_0.npy
1729,1080,1920,0,462,814,208,560,123904,0.06,59736,/home/amos/media/tv/homeland/Homeland.S05.1080p.BluRay.x265-RARBG/Homeland.S05E12.1080p.BluRay.x265-RARBG.mp4,5,12,1796960,data/encodings/1796960/1796960_S05E12_59736_0.npy
1730,1080,1920,0,1051,1558,159,666,257049,0.124,59760,/home/amos/media/tv/homeland/Homeland.S05.1080p.BluRay.x265-RARBG/Homeland.S05E12.1080p.BluRay.x265-RARBG.mp4,5,12,1796960,data/encodings/1796960/1796960_S05E12_59760_0.npy
1731,1080,1920,0,1051,1558,159,666,257049,0.124,59784,/home/amos/media/tv/homeland/Homeland.S05.1080p.BluRay.x265-RARBG/Homeland.S05E12.1080p.BluRay.x265-RARBG.mp4,5,12,1796960,data/encodings/1796960/1796960_S05E12_59784_0.npy
1732,1080,1920,0,1051,1558,159,666,257049,0.124,59808,/home/amos/media/tv/homeland/Homeland.S05.1080p.BluRay.x265-RARBG/Homeland.S05E12.1080p.BluRay.x265-RARBG.mp4,5,12,1796960,data/encodings/1796960/1796960_S05E12_59808_0.npy
1733,1080,1920,0,1051,1558,159,666,257049,0.124,59832,/home/amos/media/tv/homeland/Homeland.S05.1080p.BluRay.x265-RARBG/Homeland.S05E12.1080p.BluRay.x265-RARBG.mp4,5,12,1796960,data/encodings/1796960/1796960_S05E12_59832_0.npy
1734,1080,1920,0,1051,1558,159,666,257049,0.124,59856,/home/amos/media/tv/homeland/Homeland.S05.1080p.BluRay.x265-RARBG/Homeland.S05E12.1080p.BluRay.x265-RARBG.mp4,5,12,1796960,data/encodings/1796960/1796960_S05E12_59856_0.npy
1735,1080,1920,0,1051,1558,159,666,257049,0.124,59880,/home/amos/media/tv/homeland/Homeland.S05.1080p.BluRay.x265-RARBG/Homeland.S05E12.1080p.BluRay.x265-RARBG.mp4,5,12,1796960,data/encodings/1796960/1796960_S05E12_59880_0.npy
1736,1080,1920,0,462,814,208,560,123904,0.06,59904,/home/amos/media/tv/homeland/Homeland.S05.1080p.BluRay.x265-RARBG/Homeland.S05E12.1080p.BluRay.x265-RARBG.mp4,5,12,1796960,data/encodings/1796960/1796960_S05E12_59904_0.npy
1737,1080,1920,0,462,814,208,560,123904,0.06,59928,/home/amos/media/tv/homeland/Homeland.S05.1080p.BluRay.x265-RARBG/Homeland.S05E12.1080p.BluRay.x265-RARBG.mp4,5,12,1796960,data/encodings/1796960/1796960_S05E12_59928_0.npy
1738,1080,1920,0,462,814,208,560,123904,0.06,59952,/home/amos/media/tv/homeland/Homeland.S05.1080p.BluRay.x265-RARBG/Homeland.S05E12.1080p.BluRay.x265-RARBG.mp4,5,12,1796960,data/encodings/1796960/1796960_S05E12_59952_0.npy
1739,1080,1920,0,383,806,89,512,178929,0.086,59976,/home/amos/media/tv/homeland/Homeland.S05.1080p.BluRay.x265-RARBG/Homeland.S05E12.1080p.BluRay.x265-RARBG.mp4,5,12,1796960,data/encodings/1796960/1796960_S05E12_59976_0.npy
1740,1080,1920,0,569,921,351,703,123904,0.06,60000,/home/amos/media/tv/homeland/Homeland.S05.1080p.BluRay.x265-RARBG/Homeland.S05E12.1080p.BluRay.x265-RARBG.mp4,5,12,1796960,data/encodings/1796960/1796960_S05E12_60000_0.npy
1741,1080,1920,0,604,956,315,667,123904,0.06,60024,/home/amos/media/tv/homeland/Homeland.S05.1080p.BluRay.x265-RARBG/Homeland.S05E12.1080p.BluRay.x265-RARBG.mp4,5,12,1796960,data/encodings/1796960/1796960_S05E12_60024_0.npy
1742,1080,1920,0,497,849,208,560,123904,0.06,60048,/home/amos/media/tv/homeland/Homeland.S05.1080p.BluRay.x265-RARBG/Homeland.S05E12.1080p.BluRay.x265-RARBG.mp4,5,12,1796960,data/encodings/1796960/1796960_S05E12_60048_0.npy
1743,1080,1920,0,469,891,175,598,178506,0.086,60072,/home/amos/media/tv/homeland/Homeland.S05.1080p.BluRay.x265-RARBG/Homeland.S05E12.1080p.BluRay.x265-RARBG.mp4,5,12,1796960,data/encodings/1796960/1796960_S05E12_60072_0.npy
1744,1080,1920,0,497,849,208,560,123904,0.06,60096,/home/amos/media/tv/homeland/Homeland.S05.1080p.BluRay.x265-RARBG/Homeland.S05E12.1080p.BluRay.x265-RARBG.mp4,5,12,1796960,data/encodings/1796960/1796960_S05E12_60096_0.npy
1745,1080,1920,0,640,1063,175,598,178929,0.086,60120,/home/amos/media/tv/homeland/Homeland.S05.1080p.BluRay.x265-RARBG/Homeland.S05E12.1080p.BluRay.x265-RARBG.mp4,5,12,1796960,data/encodings/1796960/1796960_S05E12_60120_0.npy
1746,1080,1920,0,497,849,244,596,123904,0.06,60144,/home/amos/media/tv/homeland/Homeland.S05.1080p.BluRay.x265-RARBG/Homeland.S05E12.1080p.BluRay.x265-RARBG.mp4,5,12,1796960,data/encodings/1796960/1796960_S05E12_60144_0.npy
1747,1080,1920,0,1090,1172,113,194,6642,0.003,60168,/home/amos/media/tv/homeland/Homeland.S05.1080p.BluRay.x265-RARBG/Homeland.S05E12.1080p.BluRay.x265-RARBG.mp4,5,12,1796960,data/encodings/1796960/1796960_S05E12_60168_0.npy
1748,1080,1920,1,1194,1292,78,176,9604,0.005,60168,/home/amos/media/tv/homeland/Homeland.S05.1080p.BluRay.x265-RARBG/Homeland.S05E12.1080p.BluRay.x265-RARBG.mp4,5,12,1796960,data/encodings/1796960/1796960_S05E12_60168_1.npy
1749,1080,1920,0,1184,1282,78,176,9604,0.005,60192,/home/amos/media/tv/homeland/Homeland.S05.1080p.BluRay.x265-RARBG/Homeland.S05E12.1080p.BluRay.x265-RARBG.mp4,5,12,1796960,data/encodings/1796960/1796960_S05E12_60192_0.npy
1750,1080,1920,0,1184,1282,68,166,9604,0.005,60216,/home/amos/media/tv/homeland/Homeland.S05.1080p.BluRay.x265-RARBG/Homeland.S05E12.1080p.BluRay.x265-RARBG.mp4,5,12,1796960,data/encodings/1796960/1796960_S05E12_60216_0.npy
1751,1080,1920,0,1184,1282,58,157,9702,0.005,60240,/home/amos/media/tv/homeland/Homeland.S05.1080p.BluRay.x265-RARBG/Homeland.S05E12.1080p.BluRay.x265-RARBG.mp4,5,12,1796960,data/encodings/1796960/1796960_S05E12_60240_0.npy
1752,1080,1920,0,999,1507,159,666,257556,0.124,60264,/home/amos/media/tv/homeland/Homeland.S05.1080p.BluRay.x265-RARBG/Homeland.S05E12.1080p.BluRay.x265-RARBG.mp4,5,12,1796960,data/encodings/1796960/1796960_S05E12_60264_0.npy
1753,1080,1920,0,999,1507,159,666,257556,0.124,60288,/home/amos/media/tv/homeland/Homeland.S05.1080p.BluRay.x265-RARBG/Homeland.S05E12.1080p.BluRay.x265-RARBG.mp4,5,12,1796960,data/encodings/1796960/1796960_S05E12_60288_0.npy
1754,1080,1920,0,999,1507,210,717,257556,0.124,60312,/home/amos/media/tv/homeland/Homeland.S05.1080p.BluRay.x265-RARBG/Homeland.S05E12.1080p.BluRay.x265-RARBG.mp4,5,12,1796960,data/encodings/1796960/1796960_S05E12_60312_0.npy
1755,1080,1920,0,999,1507,210,717,257556,0.124,60336,/home/amos/media/tv/homeland/Homeland.S05.1080p.BluRay.x265-RARBG/Homeland.S05E12.1080p.BluRay.x265-RARBG.mp4,5,12,1796960,data/encodings/1796960/1796960_S05E12_60336_0.npy
1756,1080,1920,0,682,885,182,385,41209,0.02,60360,/home/amos/media/tv/homeland/Homeland.S05.1080p.BluRay.x265-RARBG/Homeland.S05E12.1080p.BluRay.x265-RARBG.mp4,5,12,1796960,data/encodings/1796960/1796960_S05E12_60360_0.npy
1757,1080,1920,0,633,877,156,401,59780,0.029,60384,/home/amos/media/tv/homeland/Homeland.S05.1080p.BluRay.x265-RARBG/Homeland.S05E12.1080p.BluRay.x265-RARBG.mp4,5,12,1796960,data/encodings/1796960/1796960_S05E12_60384_0.npy
1758,1080,1920,0,633,877,156,401,59780,0.029,60408,/home/amos/media/tv/homeland/Homeland.S05.1080p.BluRay.x265-RARBG/Homeland.S05E12.1080p.BluRay.x265-RARBG.mp4,5,12,1796960,data/encodings/1796960/1796960_S05E12_60408_0.npy
1759,1080,1920,0,657,902,156,401,60025,0.029,60432,/home/amos/media/tv/homeland/Homeland.S05.1080p.BluRay.x265-RARBG/Homeland.S05E12.1080p.BluRay.x265-RARBG.mp4,5,12,1796960,data/encodings/1796960/1796960_S05E12_60432_0.npy
1760,1080,1920,0,682,927,156,401,60025,0.029,60456,/home/amos/media/tv/homeland/Homeland.S05.1080p.BluRay.x265-RARBG/Homeland.S05E12.1080p.BluRay.x265-RARBG.mp4,5,12,1796960,data/encodings/1796960/1796960_S05E12_60456_0.npy
1761,1080,1920,0,702,906,182,385,41412,0.02,60480,/home/amos/media/tv/homeland/Homeland.S05.1080p.BluRay.x265-RARBG/Homeland.S05E12.1080p.BluRay.x265-RARBG.mp4,5,12,1796960,data/encodings/1796960/1796960_S05E12_60480_0.npy
1762,1080,1920,0,702,906,182,385,41412,0.02,60504,/home/amos/media/tv/homeland/Homeland.S05.1080p.BluRay.x265-RARBG/Homeland.S05E12.1080p.BluRay.x265-RARBG.mp4,5,12,1796960,data/encodings/1796960/1796960_S05E12_60504_0.npy
1763,1080,1920,0,682,885,182,385,41209,0.02,60528,/home/amos/media/tv/homeland/Homeland.S05.1080p.BluRay.x265-RARBG/Homeland.S05E12.1080p.BluRay.x265-RARBG.mp4,5,12,1796960,data/encodings/1796960/1796960_S05E12_60528_0.npy
1764,1080,1920,0,837,876,329,369,1560,0.001,60552,/home/amos/media/tv/homeland/Homeland.S05.1080p.BluRay.x265-RARBG/Homeland.S05E12.1080p.BluRay.x265-RARBG.mp4,5,12,1796960,data/encodings/1796960/1796960_S05E12_60552_0.npy
1765,1080,1920,1,593,632,333,373,1560,0.001,60552,/home/amos/media/tv/homeland/Homeland.S05.1080p.BluRay.x265-RARBG/Homeland.S05E12.1080p.BluRay.x265-RARBG.mp4,5,12,1796960,data/encodings/1796960/1796960_S05E12_60552_1.npy
1766,1080,1920,0,837,876,333,373,1560,0.001,60576,/home/amos/media/tv/homeland/Homeland.S05.1080p.BluRay.x265-RARBG/Homeland.S05E12.1080p.BluRay.x265-RARBG.mp4,5,12,1796960,data/encodings/1796960/1796960_S05E12_60576_0.npy
1767,1080,1920,0,837,876,333,373,1560,0.001,60600,/home/amos/media/tv/homeland/Homeland.S05.1080p.BluRay.x265-RARBG/Homeland.S05E12.1080p.BluRay.x265-RARBG.mp4,5,12,1796960,data/encodings/1796960/1796960_S05E12_60600_0.npy
1768,1080,1920,0,837,876,333,373,1560,0.001,60624,/home/amos/media/tv/homeland/Homeland.S05.1080p.BluRay.x265-RARBG/Homeland.S05E12.1080p.BluRay.x265-RARBG.mp4,5,12,1796960,data/encodings/1796960/1796960_S05E12_60624_0.npy
1769,1080,1920,0,837,876,333,373,1560,0.001,60648,/home/amos/media/tv/homeland/Homeland.S05.1080p.BluRay.x265-RARBG/Homeland.S05E12.1080p.BluRay.x265-RARBG.mp4,5,12,1796960,data/encodings/1796960/1796960_S05E12_60648_0.npy
1770,1080,1920,0,837,876,333,373,1560,0.001,60672,/home/amos/media/tv/homeland/Homeland.S05.1080p.BluRay.x265-RARBG/Homeland.S05E12.1080p.BluRay.x265-RARBG.mp4,5,12,1796960,data/encodings/1796960/1796960_S05E12_60672_0.npy
1771,1080,1920,0,837,876,333,373,1560,0.001,60696,/home/amos/media/tv/homeland/Homeland.S05.1080p.BluRay.x265-RARBG/Homeland.S05E12.1080p.BluRay.x265-RARBG.mp4,5,12,1796960,data/encodings/1796960/1796960_S05E12_60696_0.npy
1772,1080,1920,0,220,950,17,747,532900,0.257,61200,/home/amos/media/tv/homeland/Homeland.S05.1080p.BluRay.x265-RARBG/Homeland.S05E12.1080p.BluRay.x265-RARBG.mp4,5,12,1796960,data/encodings/1796960/1796960_S05E12_61200_0.npy
1773,1080,1920,0,220,950,17,747,532900,0.257,61224,/home/amos/media/tv/homeland/Homeland.S05.1080p.BluRay.x265-RARBG/Homeland.S05E12.1080p.BluRay.x265-RARBG.mp4,5,12,1796960,data/encodings/1796960/1796960_S05E12_61224_0.npy
1774,1080,1920,0,707,952,181,426,60025,0.029,61248,/home/amos/media/tv/homeland/Homeland.S05.1080p.BluRay.x265-RARBG/Homeland.S05E12.1080p.BluRay.x265-RARBG.mp4,5,12,1796960,data/encodings/1796960/1796960_S05E12_61248_0.npy
1775,1080,1920,0,657,902,181,426,60025,0.029,61272,/home/amos/media/tv/homeland/Homeland.S05.1080p.BluRay.x265-RARBG/Homeland.S05E12.1080p.BluRay.x265-RARBG.mp4,5,12,1796960,data/encodings/1796960/1796960_S05E12_61272_0.npy
1776,1080,1920,0,657,902,206,450,59780,0.029,61296,/home/amos/media/tv/homeland/Homeland.S05.1080p.BluRay.x265-RARBG/Homeland.S05E12.1080p.BluRay.x265-RARBG.mp4,5,12,1796960,data/encodings/1796960/1796960_S05E12_61296_0.npy
1777,1080,1920,0,1001,1295,314,608,86436,0.042,61320,/home/amos/media/tv/homeland/Homeland.S05.1080p.BluRay.x265-RARBG/Homeland.S05E12.1080p.BluRay.x265-RARBG.mp4,5,12,1796960,data/encodings/1796960/1796960_S05E12_61320_0.npy
1778,1080,1920,0,1054,1298,330,574,59536,0.029,61344,/home/amos/media/tv/homeland/Homeland.S05.1080p.BluRay.x265-RARBG/Homeland.S05E12.1080p.BluRay.x265-RARBG.mp4,5,12,1796960,data/encodings/1796960/1796960_S05E12_61344_0.npy
1779,1080,1920,0,1031,1324,285,578,85849,0.041,61368,/home/amos/media/tv/homeland/Homeland.S05.1080p.BluRay.x265-RARBG/Homeland.S05E12.1080p.BluRay.x265-RARBG.mp4,5,12,1796960,data/encodings/1796960/1796960_S05E12_61368_0.npy
1780,1080,1920,0,1031,1324,255,548,85849,0.041,61392,/home/amos/media/tv/homeland/Homeland.S05.1080p.BluRay.x265-RARBG/Homeland.S05E12.1080p.BluRay.x265-RARBG.mp4,5,12,1796960,data/encodings/1796960/1796960_S05E12_61392_0.npy
1781,1080,1920,0,1061,1354,255,548,85849,0.041,61416,/home/amos/media/tv/homeland/Homeland.S05.1080p.BluRay.x265-RARBG/Homeland.S05E12.1080p.BluRay.x265-RARBG.mp4,5,12,1796960,data/encodings/1796960/1796960_S05E12_61416_0.npy
1782,1080,1920,0,1054,1298,255,500,59780,0.029,61440,/home/amos/media/tv/homeland/Homeland.S05.1080p.BluRay.x265-RARBG/Homeland.S05E12.1080p.BluRay.x265-RARBG.mp4,5,12,1796960,data/encodings/1796960/1796960_S05E12_61440_0.npy
1783,1080,1920,0,1031,1324,225,519,86142,0.042,61464,/home/amos/media/tv/homeland/Homeland.S05.1080p.BluRay.x265-RARBG/Homeland.S05E12.1080p.BluRay.x265-RARBG.mp4,5,12,1796960,data/encodings/1796960/1796960_S05E12_61464_0.npy
1784,1080,1920,0,1031,1324,255,548,85849,0.041,61488,/home/amos/media/tv/homeland/Homeland.S05.1080p.BluRay.x265-RARBG/Homeland.S05E12.1080p.BluRay.x265-RARBG.mp4,5,12,1796960,data/encodings/1796960/1796960_S05E12_61488_0.npy
1785,1080,1920,0,583,828,181,426,60025,0.029,61512,/home/amos/media/tv/homeland/Homeland.S05.1080p.BluRay.x265-RARBG/Homeland.S05E12.1080p.BluRay.x265-RARBG.mp4,5,12,1796960,data/encodings/1796960/1796960_S05E12_61512_0.npy
1786,1080,1920,0,583,828,181,426,60025,0.029,61536,/home/amos/media/tv/homeland/Homeland.S05.1080p.BluRay.x265-RARBG/Homeland.S05E12.1080p.BluRay.x265-RARBG.mp4,5,12,1796960,data/encodings/1796960/1796960_S05E12_61536_0.npy
1787,1080,1920,0,583,828,181,426,60025,0.029,61560,/home/amos/media/tv/homeland/Homeland.S05.1080p.BluRay.x265-RARBG/Homeland.S05E12.1080p.BluRay.x265-RARBG.mp4,5,12,1796960,data/encodings/1796960/1796960_S05E12_61560_0.npy
1788,1080,1920,0,1054,1298,305,550,59780,0.029,61584,/home/amos/media/tv/homeland/Homeland.S05.1080p.BluRay.x265-RARBG/Homeland.S05E12.1080p.BluRay.x265-RARBG.mp4,5,12,1796960,data/encodings/1796960/1796960_S05E12_61584_0.npy
1789,1080,1920,0,1054,1298,330,574,59536,0.029,61608,/home/amos/media/tv/homeland/Homeland.S05.1080p.BluRay.x265-RARBG/Homeland.S05E12.1080p.BluRay.x265-RARBG.mp4,5,12,1796960,data/encodings/1796960/1796960_S05E12_61608_0.npy
1790,1080,1920,0,1061,1354,314,608,86142,0.042,61632,/home/amos/media/tv/homeland/Homeland.S05.1080p.BluRay.x265-RARBG/Homeland.S05E12.1080p.BluRay.x265-RARBG.mp4,5,12,1796960,data/encodings/1796960/1796960_S05E12_61632_0.npy
1791,1080,1920,0,1090,1384,314,608,86436,0.042,61656,/home/amos/media/tv/homeland/Homeland.S05.1080p.BluRay.x265-RARBG/Homeland.S05E12.1080p.BluRay.x265-RARBG.mp4,5,12,1796960,data/encodings/1796960/1796960_S05E12_61656_0.npy
1792,1080,1920,0,1078,1323,330,574,59780,0.029,61680,/home/amos/media/tv/homeland/Homeland.S05.1080p.BluRay.x265-RARBG/Homeland.S05E12.1080p.BluRay.x265-RARBG.mp4,5,12,1796960,data/encodings/1796960/1796960_S05E12_61680_0.npy
1793,1080,1920,0,1078,1323,305,550,60025,0.029,61704,/home/amos/media/tv/homeland/Homeland.S05.1080p.BluRay.x265-RARBG/Homeland.S05E12.1080p.BluRay.x265-RARBG.mp4,5,12,1796960,data/encodings/1796960/1796960_S05E12_61704_0.npy
1794,1080,1920,0,1078,1323,305,550,60025,0.029,61728,/home/amos/media/tv/homeland/Homeland.S05.1080p.BluRay.x265-RARBG/Homeland.S05E12.1080p.BluRay.x265-RARBG.mp4,5,12,1796960,data/encodings/1796960/1796960_S05E12_61728_0.npy
1795,1080,1920,0,608,852,181,426,59780,0.029,61752,/home/amos/media/tv/homeland/Homeland.S05.1080p.BluRay.x265-RARBG/Homeland.S05E12.1080p.BluRay.x265-RARBG.mp4,5,12,1796960,data/encodings/1796960/1796960_S05E12_61752_0.npy
1796,1080,1920,0,633,877,156,401,59780,0.029,61776,/home/amos/media/tv/homeland/Homeland.S05.1080p.BluRay.x265-RARBG/Homeland.S05E12.1080p.BluRay.x265-RARBG.mp4,5,12,1796960,data/encodings/1796960/1796960_S05E12_61776_0.npy
1797,1080,1920,0,682,927,255,500,60025,0.029,61800,/home/amos/media/tv/homeland/Homeland.S05.1080p.BluRay.x265-RARBG/Homeland.S05E12.1080p.BluRay.x265-RARBG.mp4,5,12,1796960,data/encodings/1796960/1796960_S05E12_61800_0.npy
1798,1080,1920,0,1153,1397,156,401,59780,0.029,61872,/home/amos/media/tv/homeland/Homeland.S05.1080p.BluRay.x265-RARBG/Homeland.S05E12.1080p.BluRay.x265-RARBG.mp4,5,12,1796960,data/encodings/1796960/1796960_S05E12_61872_0.npy
1799,1080,1920,0,1179,1473,136,429,86142,0.042,61896,/home/amos/media/tv/homeland/Homeland.S05.1080p.BluRay.x265-RARBG/Homeland.S05E12.1080p.BluRay.x265-RARBG.mp4,5,12,1796960,data/encodings/1796960/1796960_S05E12_61896_0.npy
1800,1080,1920,0,1012,1216,182,385,41412,0.02,61992,/home/amos/media/tv/homeland/Homeland.S05.1080p.BluRay.x265-RARBG/Homeland.S05E12.1080p.BluRay.x265-RARBG.mp4,5,12,1796960,data/encodings/1796960/1796960_S05E12_61992_0.npy
1801,1080,1920,1,372,542,336,506,28900,0.014,61992,/home/amos/media/tv/homeland/Homeland.S05.1080p.BluRay.x265-RARBG/Homeland.S05E12.1080p.BluRay.x265-RARBG.mp4,5,12,1796960,data/encodings/1796960/1796960_S05E12_61992_1.npy
1802,1080,1920,0,372,542,336,506,28900,0.014,62016,/home/amos/media/tv/homeland/Homeland.S05.1080p.BluRay.x265-RARBG/Homeland.S05E12.1080p.BluRay.x265-RARBG.mp4,5,12,1796960,data/encodings/1796960/1796960_S05E12_62016_0.npy
1803,1080,1920,1,909,1113,99,303,41616,0.02,62016,/home/amos/media/tv/homeland/Homeland.S05.1080p.BluRay.x265-RARBG/Homeland.S05E12.1080p.BluRay.x265-RARBG.mp4,5,12,1796960,data/encodings/1796960/1796960_S05E12_62016_1.npy
1804,1080,1920,0,1077,1247,422,592,28900,0.014,62040,/home/amos/media/tv/homeland/Homeland.S05.1080p.BluRay.x265-RARBG/Homeland.S05E12.1080p.BluRay.x265-RARBG.mp4,5,12,1796960,data/encodings/1796960/1796960_S05E12_62040_0.npy
1805,1080,1920,1,372,542,336,506,28900,0.014,62040,/home/amos/media/tv/homeland/Homeland.S05.1080p.BluRay.x265-RARBG/Homeland.S05E12.1080p.BluRay.x265-RARBG.mp4,5,12,1796960,data/encodings/1796960/1796960_S05E12_62040_1.npy
1806,1080,1920,0,1089,1231,556,697,20022,0.01,62064,/home/amos/media/tv/homeland/Homeland.S05.1080p.BluRay.x265-RARBG/Homeland.S05E12.1080p.BluRay.x265-RARBG.mp4,5,12,1796960,data/encodings/1796960/1796960_S05E12_62064_0.npy
1807,1080,1920,0,1061,1179,566,684,13924,0.007,62088,/home/amos/media/tv/homeland/Homeland.S05.1080p.BluRay.x265-RARBG/Homeland.S05E12.1080p.BluRay.x265-RARBG.mp4,5,12,1796960,data/encodings/1796960/1796960_S05E12_62088_0.npy
1808,1080,1920,0,1049,1167,578,696,13924,0.007,62112,/home/amos/media/tv/homeland/Homeland.S05.1080p.BluRay.x265-RARBG/Homeland.S05E12.1080p.BluRay.x265-RARBG.mp4,5,12,1796960,data/encodings/1796960/1796960_S05E12_62112_0.npy
1809,1080,1920,0,1049,1167,566,684,13924,0.007,62136,/home/amos/media/tv/homeland/Homeland.S05.1080p.BluRay.x265-RARBG/Homeland.S05E12.1080p.BluRay.x265-RARBG.mp4,5,12,1796960,data/encodings/1796960/1796960_S05E12_62136_0.npy
1810,1080,1920,0,1156,1238,195,277,6724,0.003,62160,/home/amos/media/tv/homeland/Homeland.S05.1080p.BluRay.x265-RARBG/Homeland.S05E12.1080p.BluRay.x265-RARBG.mp4,5,12,1796960,data/encodings/1796960/1796960_S05E12_62160_0.npy
1811,1080,1920,1,1336,1405,166,234,4692,0.002,62160,/home/amos/media/tv/homeland/Homeland.S05.1080p.BluRay.x265-RARBG/Homeland.S05E12.1080p.BluRay.x265-RARBG.mp4,5,12,1796960,data/encodings/1796960/1796960_S05E12_62160_1.npy
1812,1080,1920,0,1177,1234,212,268,3192,0.002,62184,/home/amos/media/tv/homeland/Homeland.S05.1080p.BluRay.x265-RARBG/Homeland.S05E12.1080p.BluRay.x265-RARBG.mp4,5,12,1796960,data/encodings/1796960/1796960_S05E12_62184_0.npy
1813,1080,1920,0,1252,1496,156,401,59780,0.029,62208,/home/amos/media/tv/homeland/Homeland.S05.1080p.BluRay.x265-RARBG/Homeland.S05E12.1080p.BluRay.x265-RARBG.mp4,5,12,1796960,data/encodings/1796960/1796960_S05E12_62208_0.npy
1814,1080,1920,0,1277,1521,156,401,59780,0.029,62232,/home/amos/media/tv/homeland/Homeland.S05.1080p.BluRay.x265-RARBG/Homeland.S05E12.1080p.BluRay.x265-RARBG.mp4,5,12,1796960,data/encodings/1796960/1796960_S05E12_62232_0.npy
1815,1080,1920,0,1363,1567,182,385,41412,0.02,62256,/home/amos/media/tv/homeland/Homeland.S05.1080p.BluRay.x265-RARBG/Homeland.S05E12.1080p.BluRay.x265-RARBG.mp4,5,12,1796960,data/encodings/1796960/1796960_S05E12_62256_0.npy
1816,1080,1920,0,319,671,315,667,123904,0.06,62280,/home/amos/media/tv/homeland/Homeland.S05.1080p.BluRay.x265-RARBG/Homeland.S05E12.1080p.BluRay.x265-RARBG.mp4,5,12,1796960,data/encodings/1796960/1796960_S05E12_62280_0.npy
1817,1080,1920,0,355,707,315,667,123904,0.06,62304,/home/amos/media/tv/homeland/Homeland.S05.1080p.BluRay.x265-RARBG/Homeland.S05E12.1080p.BluRay.x265-RARBG.mp4,5,12,1796960,data/encodings/1796960/1796960_S05E12_62304_0.npy
1818,1080,1920,0,462,814,244,596,123904,0.06,62328,/home/amos/media/tv/homeland/Homeland.S05.1080p.BluRay.x265-RARBG/Homeland.S05E12.1080p.BluRay.x265-RARBG.mp4,5,12,1796960,data/encodings/1796960/1796960_S05E12_62328_0.npy
1819,1080,1920,0,555,849,255,548,86142,0.042,62352,/home/amos/media/tv/homeland/Homeland.S05.1080p.BluRay.x265-RARBG/Homeland.S05E12.1080p.BluRay.x265-RARBG.mp4,5,12,1796960,data/encodings/1796960/1796960_S05E12_62352_0.npy
1820,1080,1920,0,1246,1598,172,525,124256,0.06,62376,/home/amos/media/tv/homeland/Homeland.S05.1080p.BluRay.x265-RARBG/Homeland.S05E12.1080p.BluRay.x265-RARBG.mp4,5,12,1796960,data/encodings/1796960/1796960_S05E12_62376_0.npy
1821,1080,1920,0,1211,1563,208,560,123904,0.06,62400,/home/amos/media/tv/homeland/Homeland.S05.1080p.BluRay.x265-RARBG/Homeland.S05E12.1080p.BluRay.x265-RARBG.mp4,5,12,1796960,data/encodings/1796960/1796960_S05E12_62400_0.npy
1822,1080,1920,0,1246,1598,244,596,123904,0.06,62424,/home/amos/media/tv/homeland/Homeland.S05.1080p.BluRay.x265-RARBG/Homeland.S05E12.1080p.BluRay.x265-RARBG.mp4,5,12,1796960,data/encodings/1796960/1796960_S05E12_62424_0.npy
1823,1080,1920,0,1353,1705,208,560,123904,0.06,62448,/home/amos/media/tv/homeland/Homeland.S05.1080p.BluRay.x265-RARBG/Homeland.S05E12.1080p.BluRay.x265-RARBG.mp4,5,12,1796960,data/encodings/1796960/1796960_S05E12_62448_0.npy
1824,1080,1920,0,436,730,314,608,86436,0.042,62472,/home/amos/media/tv/homeland/Homeland.S05.1080p.BluRay.x265-RARBG/Homeland.S05E12.1080p.BluRay.x265-RARBG.mp4,5,12,1796960,data/encodings/1796960/1796960_S05E12_62472_0.npy
1825,1080,1920,0,283,636,351,703,124256,0.06,62496,/home/amos/media/tv/homeland/Homeland.S05.1080p.BluRay.x265-RARBG/Homeland.S05E12.1080p.BluRay.x265-RARBG.mp4,5,12,1796960,data/encodings/1796960/1796960_S05E12_62496_0.npy
1826,1080,1920,0,1191,1259,242,310,4624,0.002,62520,/home/amos/media/tv/homeland/Homeland.S05.1080p.BluRay.x265-RARBG/Homeland.S05E12.1080p.BluRay.x265-RARBG.mp4,5,12,1796960,data/encodings/1796960/1796960_S05E12_62520_0.npy
1827,1080,1920,0,1102,1159,246,303,3249,0.002,62544,/home/amos/media/tv/homeland/Homeland.S05.1080p.BluRay.x265-RARBG/Homeland.S05E12.1080p.BluRay.x265-RARBG.mp4,5,12,1796960,data/encodings/1796960/1796960_S05E12_62544_0.npy
1828,1080,1920,1,1364,1432,187,255,4624,0.002,62544,/home/amos/media/tv/homeland/Homeland.S05.1080p.BluRay.x265-RARBG/Homeland.S05E12.1080p.BluRay.x265-RARBG.mp4,5,12,1796960,data/encodings/1796960/1796960_S05E12_62544_1.npy
1829,1080,1920,0,1371,1439,187,255,4624,0.002,62568,/home/amos/media/tv/homeland/Homeland.S05.1080p.BluRay.x265-RARBG/Homeland.S05E12.1080p.BluRay.x265-RARBG.mp4,5,12,1796960,data/encodings/1796960/1796960_S05E12_62568_0.npy
1830,1080,1920,1,1044,1101,258,315,3249,0.002,62568,/home/amos/media/tv/homeland/Homeland.S05.1080p.BluRay.x265-RARBG/Homeland.S05E12.1080p.BluRay.x265-RARBG.mp4,5,12,1796960,data/encodings/1796960/1796960_S05E12_62568_1.npy
1831,1080,1920,0,1378,1446,194,262,4624,0.002,62592,/home/amos/media/tv/homeland/Homeland.S05.1080p.BluRay.x265-RARBG/Homeland.S05E12.1080p.BluRay.x265-RARBG.mp4,5,12,1796960,data/encodings/1796960/1796960_S05E12_62592_0.npy
1832,1080,1920,1,1046,1114,318,386,4624,0.002,62592,/home/amos/media/tv/homeland/Homeland.S05.1080p.BluRay.x265-RARBG/Homeland.S05E12.1080p.BluRay.x265-RARBG.mp4,5,12,1796960,data/encodings/1796960/1796960_S05E12_62592_1.npy
1833,1080,1920,0,831,1075,156,401,59780,0.029,62664,/home/amos/media/tv/homeland/Homeland.S05.1080p.BluRay.x265-RARBG/Homeland.S05E12.1080p.BluRay.x265-RARBG.mp4,5,12,1796960,data/encodings/1796960/1796960_S05E12_62664_0.npy
1834,1080,1920,0,912,1205,77,370,85849,0.041,62688,/home/amos/media/tv/homeland/Homeland.S05.1080p.BluRay.x265-RARBG/Homeland.S05E12.1080p.BluRay.x265-RARBG.mp4,5,12,1796960,data/encodings/1796960/1796960_S05E12_62688_0.npy
1835,1080,1920,0,942,1235,136,429,85849,0.041,62712,/home/amos/media/tv/homeland/Homeland.S05.1080p.BluRay.x265-RARBG/Homeland.S05E12.1080p.BluRay.x265-RARBG.mp4,5,12,1796960,data/encodings/1796960/1796960_S05E12_62712_0.npy
1836,1080,1920,0,852,1146,166,459,86142,0.042,62736,/home/amos/media/tv/homeland/Homeland.S05.1080p.BluRay.x265-RARBG/Homeland.S05E12.1080p.BluRay.x265-RARBG.mp4,5,12,1796960,data/encodings/1796960/1796960_S05E12_62736_0.npy
1837,1080,1920,0,1032,1384,422,774,123904,0.06,62760,/home/amos/media/tv/homeland/Homeland.S05.1080p.BluRay.x265-RARBG/Homeland.S05E12.1080p.BluRay.x265-RARBG.mp4,5,12,1796960,data/encodings/1796960/1796960_S05E12_62760_0.npy
1838,1080,1920,0,1139,1491,101,453,123904,0.06,62784,/home/amos/media/tv/homeland/Homeland.S05.1080p.BluRay.x265-RARBG/Homeland.S05E12.1080p.BluRay.x265-RARBG.mp4,5,12,1796960,data/encodings/1796960/1796960_S05E12_62784_0.npy
1839,1080,1920,0,1031,1324,255,548,85849,0.041,62808,/home/amos/media/tv/homeland/Homeland.S05.1080p.BluRay.x265-RARBG/Homeland.S05E12.1080p.BluRay.x265-RARBG.mp4,5,12,1796960,data/encodings/1796960/1796960_S05E12_62808_0.npy
1840,1080,1920,0,961,1313,172,525,124256,0.06,62832,/home/amos/media/tv/homeland/Homeland.S05.1080p.BluRay.x265-RARBG/Homeland.S05E12.1080p.BluRay.x265-RARBG.mp4,5,12,1796960,data/encodings/1796960/1796960_S05E12_62832_0.npy
1841,1080,1920,0,991,1195,182,385,41412,0.02,62856,/home/amos/media/tv/homeland/Homeland.S05.1080p.BluRay.x265-RARBG/Homeland.S05E12.1080p.BluRay.x265-RARBG.mp4,5,12,1796960,data/encodings/1796960/1796960_S05E12_62856_0.npy
1842,1080,1920,0,929,1133,182,385,41412,0.02,62880,/home/amos/media/tv/homeland/Homeland.S05.1080p.BluRay.x265-RARBG/Homeland.S05E12.1080p.BluRay.x265-RARBG.mp4,5,12,1796960,data/encodings/1796960/1796960_S05E12_62880_0.npy
1843,1080,1920,0,929,1133,182,385,41412,0.02,62904,/home/amos/media/tv/homeland/Homeland.S05.1080p.BluRay.x265-RARBG/Homeland.S05E12.1080p.BluRay.x265-RARBG.mp4,5,12,1796960,data/encodings/1796960/1796960_S05E12_62904_0.npy
1844,1080,1920,0,974,1144,198,368,28900,0.014,62928,/home/amos/media/tv/homeland/Homeland.S05.1080p.BluRay.x265-RARBG/Homeland.S05E12.1080p.BluRay.x265-RARBG.mp4,5,12,1796960,data/encodings/1796960/1796960_S05E12_62928_0.npy
1845,1080,1920,0,950,1154,182,385,41412,0.02,62952,/home/amos/media/tv/homeland/Homeland.S05.1080p.BluRay.x265-RARBG/Homeland.S05E12.1080p.BluRay.x265-RARBG.mp4,5,12,1796960,data/encodings/1796960/1796960_S05E12_62952_0.npy
1846,1080,1920,0,1026,1195,302,471,28561,0.014,62976,/home/amos/media/tv/homeland/Homeland.S05.1080p.BluRay.x265-RARBG/Homeland.S05E12.1080p.BluRay.x265-RARBG.mp4,5,12,1796960,data/encodings/1796960/1796960_S05E12_62976_0.npy
1847,1080,1920,0,1065,1147,129,211,6724,0.003,63072,/home/amos/media/tv/homeland/Homeland.S05.1080p.BluRay.x265-RARBG/Homeland.S05E12.1080p.BluRay.x265-RARBG.mp4,5,12,1796960,data/encodings/1796960/1796960_S05E12_63072_0.npy
1848,1080,1920,1,486,554,159,227,4624,0.002,63072,/home/amos/media/tv/homeland/Homeland.S05.1080p.BluRay.x265-RARBG/Homeland.S05E12.1080p.BluRay.x265-RARBG.mp4,5,12,1796960,data/encodings/1796960/1796960_S05E12_63072_1.npy
1849,1080,1920,0,111,168,154,211,3249,0.002,63096,/home/amos/media/tv/homeland/Homeland.S05.1080p.BluRay.x265-RARBG/Homeland.S05E12.1080p.BluRay.x265-RARBG.mp4,5,12,1796960,data/encodings/1796960/1796960_S05E12_63096_0.npy
1850,1080,1920,0,1073,1112,377,417,1560,0.001,63144,/home/amos/media/tv/homeland/Homeland.S05.1080p.BluRay.x265-RARBG/Homeland.S05E12.1080p.BluRay.x265-RARBG.mp4,5,12,1796960,data/encodings/1796960/1796960_S05E12_63144_0.npy
1851,1080,1920,0,1372,1489,673,791,13806,0.007,63168,/home/amos/media/tv/homeland/Homeland.S05.1080p.BluRay.x265-RARBG/Homeland.S05E12.1080p.BluRay.x265-RARBG.mp4,5,12,1796960,data/encodings/1796960/1796960_S05E12_63168_0.npy
1852,1080,1920,1,1239,1287,230,277,2256,0.001,63168,/home/amos/media/tv/homeland/Homeland.S05.1080p.BluRay.x265-RARBG/Homeland.S05E12.1080p.BluRay.x265-RARBG.mp4,5,12,1796960,data/encodings/1796960/1796960_S05E12_63168_1.npy
1853,1080,1920,0,1438,1608,560,729,28730,0.014,63192,/home/amos/media/tv/homeland/Homeland.S05.1080p.BluRay.x265-RARBG/Homeland.S05E12.1080p.BluRay.x265-RARBG.mp4,5,12,1796960,data/encodings/1796960/1796960_S05E12_63192_0.npy
1854,1080,1920,1,759,901,670,812,20164,0.01,63192,/home/amos/media/tv/homeland/Homeland.S05.1080p.BluRay.x265-RARBG/Homeland.S05E12.1080p.BluRay.x265-RARBG.mp4,5,12,1796960,data/encodings/1796960/1796960_S05E12_63192_1.npy
1855,1080,1920,0,117,235,626,744,13924,0.007,63216,/home/amos/media/tv/homeland/Homeland.S05.1080p.BluRay.x265-RARBG/Homeland.S05E12.1080p.BluRay.x265-RARBG.mp4,5,12,1796960,data/encodings/1796960/1796960_S05E12_63216_0.npy
1856,1080,1920,1,854,1024,577,747,28900,0.014,63216,/home/amos/media/tv/homeland/Homeland.S05.1080p.BluRay.x265-RARBG/Homeland.S05E12.1080p.BluRay.x265-RARBG.mp4,5,12,1796960,data/encodings/1796960/1796960_S05E12_63216_1.npy
1857,1080,1920,2,1517,1556,617,657,1560,0.001,63216,/home/amos/media/tv/homeland/Homeland.S05.1080p.BluRay.x265-RARBG/Homeland.S05E12.1080p.BluRay.x265-RARBG.mp4,5,12,1796960,data/encodings/1796960/1796960_S05E12_63216_2.npy
1858,1080,1920,0,338,508,594,764,28900,0.014,63240,/home/amos/media/tv/homeland/Homeland.S05.1080p.BluRay.x265-RARBG/Homeland.S05E12.1080p.BluRay.x265-RARBG.mp4,5,12,1796960,data/encodings/1796960/1796960_S05E12_63240_0.npy
1859,1080,1920,1,1001,1040,637,677,1560,0.001,63240,/home/amos/media/tv/homeland/Homeland.S05.1080p.BluRay.x265-RARBG/Homeland.S05E12.1080p.BluRay.x265-RARBG.mp4,5,12,1796960,data/encodings/1796960/1796960_S05E12_63240_1.npy
1860,1080,1920,0,1603,1920,244,596,111584,0.054,63360,/home/amos/media/tv/homeland/Homeland.S05.1080p.BluRay.x265-RARBG/Homeland.S05E12.1080p.BluRay.x265-RARBG.mp4,5,12,1796960,data/encodings/1796960/1796960_S05E12_63360_0.npy
1861,1080,1920,0,1211,1563,244,596,123904,0.06,63384,/home/amos/media/tv/homeland/Homeland.S05.1080p.BluRay.x265-RARBG/Homeland.S05E12.1080p.BluRay.x265-RARBG.mp4,5,12,1796960,data/encodings/1796960/1796960_S05E12_63384_0.npy
1862,1080,1920,0,793,1087,285,578,86142,0.042,63408,/home/amos/media/tv/homeland/Homeland.S05.1080p.BluRay.x265-RARBG/Homeland.S05E12.1080p.BluRay.x265-RARBG.mp4,5,12,1796960,data/encodings/1796960/1796960_S05E12_63408_0.npy
1863,1080,1920,0,426,778,315,667,123904,0.06,63432,/home/amos/media/tv/homeland/Homeland.S05.1080p.BluRay.x265-RARBG/Homeland.S05E12.1080p.BluRay.x265-RARBG.mp4,5,12,1796960,data/encodings/1796960/1796960_S05E12_63432_0.npy
1864,1080,1920,0,258,552,285,578,86142,0.042,63456,/home/amos/media/tv/homeland/Homeland.S05.1080p.BluRay.x265-RARBG/Homeland.S05E12.1080p.BluRay.x265-RARBG.mp4,5,12,1796960,data/encodings/1796960/1796960_S05E12_63456_0.npy
1865,1080,1920,0,137,382,330,574,59780,0.029,63480,/home/amos/media/tv/homeland/Homeland.S05.1080p.BluRay.x265-RARBG/Homeland.S05E12.1080p.BluRay.x265-RARBG.mp4,5,12,1796960,data/encodings/1796960/1796960_S05E12_63480_0.npy
1866,1080,1920,0,104,308,347,551,41616,0.02,63504,/home/amos/media/tv/homeland/Homeland.S05.1080p.BluRay.x265-RARBG/Homeland.S05E12.1080p.BluRay.x265-RARBG.mp4,5,12,1796960,data/encodings/1796960/1796960_S05E12_63504_0.npy
1867,1080,1920,0,124,328,347,551,41616,0.02,63528,/home/amos/media/tv/homeland/Homeland.S05.1080p.BluRay.x265-RARBG/Homeland.S05E12.1080p.BluRay.x265-RARBG.mp4,5,12,1796960,data/encodings/1796960/1796960_S05E12_63528_0.npy
1868,1080,1920,0,131,301,353,523,28900,0.014,63552,/home/amos/media/tv/homeland/Homeland.S05.1080p.BluRay.x265-RARBG/Homeland.S05E12.1080p.BluRay.x265-RARBG.mp4,5,12,1796960,data/encodings/1796960/1796960_S05E12_63552_0.npy
1869,1080,1920,0,888,1092,140,344,41616,0.02,63576,/home/amos/media/tv/homeland/Homeland.S05.1080p.BluRay.x265-RARBG/Homeland.S05E12.1080p.BluRay.x265-RARBG.mp4,5,12,1796960,data/encodings/1796960/1796960_S05E12_63576_0.npy
1870,1080,1920,0,867,1071,161,365,41616,0.02,63600,/home/amos/media/tv/homeland/Homeland.S05.1080p.BluRay.x265-RARBG/Homeland.S05E12.1080p.BluRay.x265-RARBG.mp4,5,12,1796960,data/encodings/1796960/1796960_S05E12_63600_0.npy
1871,1080,1920,0,867,1071,161,365,41616,0.02,63624,/home/amos/media/tv/homeland/Homeland.S05.1080p.BluRay.x265-RARBG/Homeland.S05E12.1080p.BluRay.x265-RARBG.mp4,5,12,1796960,data/encodings/1796960/1796960_S05E12_63624_0.npy
1872,1080,1920,0,867,1071,120,324,41616,0.02,63648,/home/amos/media/tv/homeland/Homeland.S05.1080p.BluRay.x265-RARBG/Homeland.S05E12.1080p.BluRay.x265-RARBG.mp4,5,12,1796960,data/encodings/1796960/1796960_S05E12_63648_0.npy
1873,1080,1920,0,867,1071,120,324,41616,0.02,63672,/home/amos/media/tv/homeland/Homeland.S05.1080p.BluRay.x265-RARBG/Homeland.S05E12.1080p.BluRay.x265-RARBG.mp4,5,12,1796960,data/encodings/1796960/1796960_S05E12_63672_0.npy
1874,1080,1920,0,867,1071,120,324,41616,0.02,63696,/home/amos/media/tv/homeland/Homeland.S05.1080p.BluRay.x265-RARBG/Homeland.S05E12.1080p.BluRay.x265-RARBG.mp4,5,12,1796960,data/encodings/1796960/1796960_S05E12_63696_0.npy
1875,1080,1920,0,847,1051,120,324,41616,0.02,63720,/home/amos/media/tv/homeland/Homeland.S05.1080p.BluRay.x265-RARBG/Homeland.S05E12.1080p.BluRay.x265-RARBG.mp4,5,12,1796960,data/encodings/1796960/1796960_S05E12_63720_0.npy
1876,1080,1920,0,1239,1662,303,726,178929,0.086,63744,/home/amos/media/tv/homeland/Homeland.S05.1080p.BluRay.x265-RARBG/Homeland.S05E12.1080p.BluRay.x265-RARBG.mp4,5,12,1796960,data/encodings/1796960/1796960_S05E12_63744_0.npy
1877,1080,1920,0,890,1242,172,525,124256,0.06,63768,/home/amos/media/tv/homeland/Homeland.S05.1080p.BluRay.x265-RARBG/Homeland.S05E12.1080p.BluRay.x265-RARBG.mp4,5,12,1796960,data/encodings/1796960/1796960_S05E12_63768_0.npy
1878,1080,1920,0,818,1170,172,525,124256,0.06,63792,/home/amos/media/tv/homeland/Homeland.S05.1080p.BluRay.x265-RARBG/Homeland.S05E12.1080p.BluRay.x265-RARBG.mp4,5,12,1796960,data/encodings/1796960/1796960_S05E12_63792_0.npy
1879,1080,1920,0,961,1313,172,525,124256,0.06,63816,/home/amos/media/tv/homeland/Homeland.S05.1080p.BluRay.x265-RARBG/Homeland.S05E12.1080p.BluRay.x265-RARBG.mp4,5,12,1796960,data/encodings/1796960/1796960_S05E12_63816_0.npy
1880,1080,1920,0,286,456,250,420,28900,0.014,63840,/home/amos/media/tv/homeland/Homeland.S05.1080p.BluRay.x265-RARBG/Homeland.S05E12.1080p.BluRay.x265-RARBG.mp4,5,12,1796960,data/encodings/1796960/1796960_S05E12_63840_0.npy
1881,1080,1920,0,301,442,255,396,19881,0.01,63864,/home/amos/media/tv/homeland/Homeland.S05.1080p.BluRay.x265-RARBG/Homeland.S05E12.1080p.BluRay.x265-RARBG.mp4,5,12,1796960,data/encodings/1796960/1796960_S05E12_63864_0.npy
1882,1080,1920,0,269,439,216,385,28730,0.014,63888,/home/amos/media/tv/homeland/Homeland.S05.1080p.BluRay.x265-RARBG/Homeland.S05E12.1080p.BluRay.x265-RARBG.mp4,5,12,1796960,data/encodings/1796960/1796960_S05E12_63888_0.npy
1883,1080,1920,0,290,493,223,427,41412,0.02,63912,/home/amos/media/tv/homeland/Homeland.S05.1080p.BluRay.x265-RARBG/Homeland.S05E12.1080p.BluRay.x265-RARBG.mp4,5,12,1796960,data/encodings/1796960/1796960_S05E12_63912_0.npy
1884,1080,1920,0,269,473,223,427,41616,0.02,63936,/home/amos/media/tv/homeland/Homeland.S05.1080p.BluRay.x265-RARBG/Homeland.S05E12.1080p.BluRay.x265-RARBG.mp4,5,12,1796960,data/encodings/1796960/1796960_S05E12_63936_0.npy
1885,1080,1920,0,310,514,223,427,41616,0.02,63960,/home/amos/media/tv/homeland/Homeland.S05.1080p.BluRay.x265-RARBG/Homeland.S05E12.1080p.BluRay.x265-RARBG.mp4,5,12,1796960,data/encodings/1796960/1796960_S05E12_63960_0.npy
1886,1080,1920,0,303,473,233,403,28900,0.014,63984,/home/amos/media/tv/homeland/Homeland.S05.1080p.BluRay.x265-RARBG/Homeland.S05E12.1080p.BluRay.x265-RARBG.mp4,5,12,1796960,data/encodings/1796960/1796960_S05E12_63984_0.npy
1887,1080,1920,0,320,490,216,385,28730,0.014,64008,/home/amos/media/tv/homeland/Homeland.S05.1080p.BluRay.x265-RARBG/Homeland.S05E12.1080p.BluRay.x265-RARBG.mp4,5,12,1796960,data/encodings/1796960/1796960_S05E12_64008_0.npy
1888,1080,1920,0,320,490,233,403,28900,0.014,64032,/home/amos/media/tv/homeland/Homeland.S05.1080p.BluRay.x265-RARBG/Homeland.S05E12.1080p.BluRay.x265-RARBG.mp4,5,12,1796960,data/encodings/1796960/1796960_S05E12_64032_0.npy
1889,1080,1920,0,338,508,233,403,28900,0.014,64056,/home/amos/media/tv/homeland/Homeland.S05.1080p.BluRay.x265-RARBG/Homeland.S05E12.1080p.BluRay.x265-RARBG.mp4,5,12,1796960,data/encodings/1796960/1796960_S05E12_64056_0.npy
1890,1080,1920,0,320,490,216,385,28730,0.014,64080,/home/amos/media/tv/homeland/Homeland.S05.1080p.BluRay.x265-RARBG/Homeland.S05E12.1080p.BluRay.x265-RARBG.mp4,5,12,1796960,data/encodings/1796960/1796960_S05E12_64080_0.npy
1891,1080,1920,0,338,508,233,403,28900,0.014,64104,/home/amos/media/tv/homeland/Homeland.S05.1080p.BluRay.x265-RARBG/Homeland.S05E12.1080p.BluRay.x265-RARBG.mp4,5,12,1796960,data/encodings/1796960/1796960_S05E12_64104_0.npy
1892,1080,1920,0,338,508,216,385,28730,0.014,64128,/home/amos/media/tv/homeland/Homeland.S05.1080p.BluRay.x265-RARBG/Homeland.S05E12.1080p.BluRay.x265-RARBG.mp4,5,12,1796960,data/encodings/1796960/1796960_S05E12_64128_0.npy
1893,1080,1920,0,355,525,233,403,28900,0.014,64152,/home/amos/media/tv/homeland/Homeland.S05.1080p.BluRay.x265-RARBG/Homeland.S05E12.1080p.BluRay.x265-RARBG.mp4,5,12,1796960,data/encodings/1796960/1796960_S05E12_64152_0.npy
1894,1080,1920,0,355,525,216,385,28730,0.014,64176,/home/amos/media/tv/homeland/Homeland.S05.1080p.BluRay.x265-RARBG/Homeland.S05E12.1080p.BluRay.x265-RARBG.mp4,5,12,1796960,data/encodings/1796960/1796960_S05E12_64176_0.npy
1895,1080,1920,0,355,525,216,385,28730,0.014,64200,/home/amos/media/tv/homeland/Homeland.S05.1080p.BluRay.x265-RARBG/Homeland.S05E12.1080p.BluRay.x265-RARBG.mp4,5,12,1796960,data/encodings/1796960/1796960_S05E12_64200_0.npy
1896,1080,1920,0,389,559,233,403,28900,0.014,64224,/home/amos/media/tv/homeland/Homeland.S05.1080p.BluRay.x265-RARBG/Homeland.S05E12.1080p.BluRay.x265-RARBG.mp4,5,12,1796960,data/encodings/1796960/1796960_S05E12_64224_0.npy
1897,1080,1920,0,389,559,216,385,28730,0.014,64248,/home/amos/media/tv/homeland/Homeland.S05.1080p.BluRay.x265-RARBG/Homeland.S05E12.1080p.BluRay.x265-RARBG.mp4,5,12,1796960,data/encodings/1796960/1796960_S05E12_64248_0.npy
1898,1080,1920,0,406,576,198,368,28900,0.014,64272,/home/amos/media/tv/homeland/Homeland.S05.1080p.BluRay.x265-RARBG/Homeland.S05E12.1080p.BluRay.x265-RARBG.mp4,5,12,1796960,data/encodings/1796960/1796960_S05E12_64272_0.npy
1899,1080,1920,0,413,617,161,365,41616,0.02,64296,/home/amos/media/tv/homeland/Homeland.S05.1080p.BluRay.x265-RARBG/Homeland.S05E12.1080p.BluRay.x265-RARBG.mp4,5,12,1796960,data/encodings/1796960/1796960_S05E12_64296_0.npy
1900,1080,1920,0,441,611,164,334,28900,0.014,64320,/home/amos/media/tv/homeland/Homeland.S05.1080p.BluRay.x265-RARBG/Homeland.S05E12.1080p.BluRay.x265-RARBG.mp4,5,12,1796960,data/encodings/1796960/1796960_S05E12_64320_0.npy
1901,1080,1920,0,413,617,140,344,41616,0.02,64344,/home/amos/media/tv/homeland/Homeland.S05.1080p.BluRay.x265-RARBG/Homeland.S05E12.1080p.BluRay.x265-RARBG.mp4,5,12,1796960,data/encodings/1796960/1796960_S05E12_64344_0.npy
1902,1080,1920,0,441,611,181,351,28900,0.014,64368,/home/amos/media/tv/homeland/Homeland.S05.1080p.BluRay.x265-RARBG/Homeland.S05E12.1080p.BluRay.x265-RARBG.mp4,5,12,1796960,data/encodings/1796960/1796960_S05E12_64368_0.npy
1903,1080,1920,0,424,594,181,351,28900,0.014,64392,/home/amos/media/tv/homeland/Homeland.S05.1080p.BluRay.x265-RARBG/Homeland.S05E12.1080p.BluRay.x265-RARBG.mp4,5,12,1796960,data/encodings/1796960/1796960_S05E12_64392_0.npy
1904,1080,1920,0,424,594,181,351,28900,0.014,64416,/home/amos/media/tv/homeland/Homeland.S05.1080p.BluRay.x265-RARBG/Homeland.S05E12.1080p.BluRay.x265-RARBG.mp4,5,12,1796960,data/encodings/1796960/1796960_S05E12_64416_0.npy
1905,1080,1920,0,406,576,181,351,28900,0.014,64440,/home/amos/media/tv/homeland/Homeland.S05.1080p.BluRay.x265-RARBG/Homeland.S05E12.1080p.BluRay.x265-RARBG.mp4,5,12,1796960,data/encodings/1796960/1796960_S05E12_64440_0.npy
1906,1080,1920,0,406,576,198,368,28900,0.014,64464,/home/amos/media/tv/homeland/Homeland.S05.1080p.BluRay.x265-RARBG/Homeland.S05E12.1080p.BluRay.x265-RARBG.mp4,5,12,1796960,data/encodings/1796960/1796960_S05E12_64464_0.npy
1907,1080,1920,0,389,559,198,368,28900,0.014,64488,/home/amos/media/tv/homeland/Homeland.S05.1080p.BluRay.x265-RARBG/Homeland.S05E12.1080p.BluRay.x265-RARBG.mp4,5,12,1796960,data/encodings/1796960/1796960_S05E12_64488_0.npy
1908,1080,1920,0,372,542,198,368,28900,0.014,64512,/home/amos/media/tv/homeland/Homeland.S05.1080p.BluRay.x265-RARBG/Homeland.S05E12.1080p.BluRay.x265-RARBG.mp4,5,12,1796960,data/encodings/1796960/1796960_S05E12_64512_0.npy
1909,1080,1920,0,372,576,202,406,41616,0.02,64536,/home/amos/media/tv/homeland/Homeland.S05.1080p.BluRay.x265-RARBG/Homeland.S05E12.1080p.BluRay.x265-RARBG.mp4,5,12,1796960,data/encodings/1796960/1796960_S05E12_64536_0.npy
1910,1080,1920,0,393,597,182,385,41412,0.02,64560,/home/amos/media/tv/homeland/Homeland.S05.1080p.BluRay.x265-RARBG/Homeland.S05E12.1080p.BluRay.x265-RARBG.mp4,5,12,1796960,data/encodings/1796960/1796960_S05E12_64560_0.npy
1911,1080,1920,0,393,597,161,365,41616,0.02,64584,/home/amos/media/tv/homeland/Homeland.S05.1080p.BluRay.x265-RARBG/Homeland.S05E12.1080p.BluRay.x265-RARBG.mp4,5,12,1796960,data/encodings/1796960/1796960_S05E12_64584_0.npy
1912,1080,1920,0,1090,1384,225,519,86436,0.042,64608,/home/amos/media/tv/homeland/Homeland.S05.1080p.BluRay.x265-RARBG/Homeland.S05E12.1080p.BluRay.x265-RARBG.mp4,5,12,1796960,data/encodings/1796960/1796960_S05E12_64608_0.npy
1913,1080,1920,0,1090,1384,225,519,86436,0.042,64632,/home/amos/media/tv/homeland/Homeland.S05.1080p.BluRay.x265-RARBG/Homeland.S05E12.1080p.BluRay.x265-RARBG.mp4,5,12,1796960,data/encodings/1796960/1796960_S05E12_64632_0.npy
1914,1080,1920,0,1061,1354,195,489,86142,0.042,64656,/home/amos/media/tv/homeland/Homeland.S05.1080p.BluRay.x265-RARBG/Homeland.S05E12.1080p.BluRay.x265-RARBG.mp4,5,12,1796960,data/encodings/1796960/1796960_S05E12_64656_0.npy
1915,1080,1920,0,1061,1354,195,489,86142,0.042,64680,/home/amos/media/tv/homeland/Homeland.S05.1080p.BluRay.x265-RARBG/Homeland.S05E12.1080p.BluRay.x265-RARBG.mp4,5,12,1796960,data/encodings/1796960/1796960_S05E12_64680_0.npy
1916,1080,1920,0,1001,1295,195,489,86436,0.042,64704,/home/amos/media/tv/homeland/Homeland.S05.1080p.BluRay.x265-RARBG/Homeland.S05E12.1080p.BluRay.x265-RARBG.mp4,5,12,1796960,data/encodings/1796960/1796960_S05E12_64704_0.npy
1917,1080,1920,0,1001,1295,225,519,86436,0.042,64728,/home/amos/media/tv/homeland/Homeland.S05.1080p.BluRay.x265-RARBG/Homeland.S05E12.1080p.BluRay.x265-RARBG.mp4,5,12,1796960,data/encodings/1796960/1796960_S05E12_64728_0.npy
1918,1080,1920,0,1120,1413,225,519,86142,0.042,64752,/home/amos/media/tv/homeland/Homeland.S05.1080p.BluRay.x265-RARBG/Homeland.S05E12.1080p.BluRay.x265-RARBG.mp4,5,12,1796960,data/encodings/1796960/1796960_S05E12_64752_0.npy
1919,1080,1920,0,1150,1443,225,519,86142,0.042,64776,/home/amos/media/tv/homeland/Homeland.S05.1080p.BluRay.x265-RARBG/Homeland.S05E12.1080p.BluRay.x265-RARBG.mp4,5,12,1796960,data/encodings/1796960/1796960_S05E12_64776_0.npy
1920,1080,1920,0,469,891,218,640,178084,0.086,64800,/home/amos/media/tv/homeland/Homeland.S05.1080p.BluRay.x265-RARBG/Homeland.S05E12.1080p.BluRay.x265-RARBG.mp4,5,12,1796960,data/encodings/1796960/1796960_S05E12_64800_0.npy
1921,1080,1920,0,469,891,261,683,178084,0.086,64824,/home/amos/media/tv/homeland/Homeland.S05.1080p.BluRay.x265-RARBG/Homeland.S05E12.1080p.BluRay.x265-RARBG.mp4,5,12,1796960,data/encodings/1796960/1796960_S05E12_64824_0.npy
1922,1080,1920,0,469,891,261,683,178084,0.086,64848,/home/amos/media/tv/homeland/Homeland.S05.1080p.BluRay.x265-RARBG/Homeland.S05E12.1080p.BluRay.x265-RARBG.mp4,5,12,1796960,data/encodings/1796960/1796960_S05E12_64848_0.npy
1923,1080,1920,0,469,891,218,640,178084,0.086,64872,/home/amos/media/tv/homeland/Homeland.S05.1080p.BluRay.x265-RARBG/Homeland.S05E12.1080p.BluRay.x265-RARBG.mp4,5,12,1796960,data/encodings/1796960/1796960_S05E12_64872_0.npy
1924,1080,1920,0,469,891,261,683,178084,0.086,64896,/home/amos/media/tv/homeland/Homeland.S05.1080p.BluRay.x265-RARBG/Homeland.S05E12.1080p.BluRay.x265-RARBG.mp4,5,12,1796960,data/encodings/1796960/1796960_S05E12_64896_0.npy
1925,1080,1920,0,435,942,210,717,257049,0.124,64920,/home/amos/media/tv/homeland/Homeland.S05.1080p.BluRay.x265-RARBG/Homeland.S05E12.1080p.BluRay.x265-RARBG.mp4,5,12,1796960,data/encodings/1796960/1796960_S05E12_64920_0.npy
1926,1080,1920,0,469,891,218,640,178084,0.086,64944,/home/amos/media/tv/homeland/Homeland.S05.1080p.BluRay.x265-RARBG/Homeland.S05E12.1080p.BluRay.x265-RARBG.mp4,5,12,1796960,data/encodings/1796960/1796960_S05E12_64944_0.npy
1927,1080,1920,0,469,891,261,683,178084,0.086,64968,/home/amos/media/tv/homeland/Homeland.S05.1080p.BluRay.x265-RARBG/Homeland.S05E12.1080p.BluRay.x265-RARBG.mp4,5,12,1796960,data/encodings/1796960/1796960_S05E12_64968_0.npy
1928,1080,1920,0,1001,1295,195,489,86436,0.042,64992,/home/amos/media/tv/homeland/Homeland.S05.1080p.BluRay.x265-RARBG/Homeland.S05E12.1080p.BluRay.x265-RARBG.mp4,5,12,1796960,data/encodings/1796960/1796960_S05E12_64992_0.npy
1929,1080,1920,0,997,1349,137,489,123904,0.06,65016,/home/amos/media/tv/homeland/Homeland.S05.1080p.BluRay.x265-RARBG/Homeland.S05E12.1080p.BluRay.x265-RARBG.mp4,5,12,1796960,data/encodings/1796960/1796960_S05E12_65016_0.npy
1930,1080,1920,0,925,1277,208,560,123904,0.06,65040,/home/amos/media/tv/homeland/Homeland.S05.1080p.BluRay.x265-RARBG/Homeland.S05E12.1080p.BluRay.x265-RARBG.mp4,5,12,1796960,data/encodings/1796960/1796960_S05E12_65040_0.npy
1931,1080,1920,0,997,1349,208,560,123904,0.06,65064,/home/amos/media/tv/homeland/Homeland.S05.1080p.BluRay.x265-RARBG/Homeland.S05E12.1080p.BluRay.x265-RARBG.mp4,5,12,1796960,data/encodings/1796960/1796960_S05E12_65064_0.npy
1932,1080,1920,0,1175,1527,244,596,123904,0.06,65088,/home/amos/media/tv/homeland/Homeland.S05.1080p.BluRay.x265-RARBG/Homeland.S05E12.1080p.BluRay.x265-RARBG.mp4,5,12,1796960,data/encodings/1796960/1796960_S05E12_65088_0.npy
1933,1080,1920,0,1139,1491,244,596,123904,0.06,65112,/home/amos/media/tv/homeland/Homeland.S05.1080p.BluRay.x265-RARBG/Homeland.S05E12.1080p.BluRay.x265-RARBG.mp4,5,12,1796960,data/encodings/1796960/1796960_S05E12_65112_0.npy
1934,1080,1920,0,1139,1491,244,596,123904,0.06,65136,/home/amos/media/tv/homeland/Homeland.S05.1080p.BluRay.x265-RARBG/Homeland.S05E12.1080p.BluRay.x265-RARBG.mp4,5,12,1796960,data/encodings/1796960/1796960_S05E12_65136_0.npy
1935,1080,1920,0,426,849,261,683,178506,0.086,65160,/home/amos/media/tv/homeland/Homeland.S05.1080p.BluRay.x265-RARBG/Homeland.S05E12.1080p.BluRay.x265-RARBG.mp4,5,12,1796960,data/encodings/1796960/1796960_S05E12_65160_0.npy
1936,1080,1920,0,383,806,261,683,178506,0.086,65184,/home/amos/media/tv/homeland/Homeland.S05.1080p.BluRay.x265-RARBG/Homeland.S05E12.1080p.BluRay.x265-RARBG.mp4,5,12,1796960,data/encodings/1796960/1796960_S05E12_65184_0.npy
1937,1080,1920,0,383,806,261,683,178506,0.086,65208,/home/amos/media/tv/homeland/Homeland.S05.1080p.BluRay.x265-RARBG/Homeland.S05E12.1080p.BluRay.x265-RARBG.mp4,5,12,1796960,data/encodings/1796960/1796960_S05E12_65208_0.npy
1938,1080,1920,0,383,890,210,717,257049,0.124,65232,/home/amos/media/tv/homeland/Homeland.S05.1080p.BluRay.x265-RARBG/Homeland.S05E12.1080p.BluRay.x265-RARBG.mp4,5,12,1796960,data/encodings/1796960/1796960_S05E12_65232_0.npy
1939,1080,1920,0,537,1044,159,666,257049,0.124,65256,/home/amos/media/tv/homeland/Homeland.S05.1080p.BluRay.x265-RARBG/Homeland.S05E12.1080p.BluRay.x265-RARBG.mp4,5,12,1796960,data/encodings/1796960/1796960_S05E12_65256_0.npy
1940,1080,1920,0,1368,1790,218,640,178084,0.086,65304,/home/amos/media/tv/homeland/Homeland.S05.1080p.BluRay.x265-RARBG/Homeland.S05E12.1080p.BluRay.x265-RARBG.mp4,5,12,1796960,data/encodings/1796960/1796960_S05E12_65304_0.npy
1941,1080,1920,0,1246,1598,172,525,124256,0.06,65328,/home/amos/media/tv/homeland/Homeland.S05.1080p.BluRay.x265-RARBG/Homeland.S05E12.1080p.BluRay.x265-RARBG.mp4,5,12,1796960,data/encodings/1796960/1796960_S05E12_65328_0.npy
1942,1080,1920,0,1025,1448,218,640,178506,0.086,65352,/home/amos/media/tv/homeland/Homeland.S05.1080p.BluRay.x265-RARBG/Homeland.S05E12.1080p.BluRay.x265-RARBG.mp4,5,12,1796960,data/encodings/1796960/1796960_S05E12_65352_0.npy
1943,1080,1920,0,890,1242,279,632,124256,0.06,65376,/home/amos/media/tv/homeland/Homeland.S05.1080p.BluRay.x265-RARBG/Homeland.S05E12.1080p.BluRay.x265-RARBG.mp4,5,12,1796960,data/encodings/1796960/1796960_S05E12_65376_0.npy
1944,1080,1920,0,783,1135,279,632,124256,0.06,65400,/home/amos/media/tv/homeland/Homeland.S05.1080p.BluRay.x265-RARBG/Homeland.S05E12.1080p.BluRay.x265-RARBG.mp4,5,12,1796960,data/encodings/1796960/1796960_S05E12_65400_0.npy
1945,1080,1920,0,747,1099,279,632,124256,0.06,65424,/home/amos/media/tv/homeland/Homeland.S05.1080p.BluRay.x265-RARBG/Homeland.S05E12.1080p.BluRay.x265-RARBG.mp4,5,12,1796960,data/encodings/1796960/1796960_S05E12_65424_0.npy
1946,1080,1920,0,747,1099,279,632,124256,0.06,65448,/home/amos/media/tv/homeland/Homeland.S05.1080p.BluRay.x265-RARBG/Homeland.S05E12.1080p.BluRay.x265-RARBG.mp4,5,12,1796960,data/encodings/1796960/1796960_S05E12_65448_0.npy
1947,1080,1920,0,1145,1263,339,457,13924,0.007,65472,/home/amos/media/tv/homeland/Homeland.S05.1080p.BluRay.x265-RARBG/Homeland.S05E12.1080p.BluRay.x265-RARBG.mp4,5,12,1796960,data/encodings/1796960/1796960_S05E12_65472_0.npy
1948,1080,1920,0,1164,1262,297,395,9604,0.005,65496,/home/amos/media/tv/homeland/Homeland.S05.1080p.BluRay.x265-RARBG/Homeland.S05E12.1080p.BluRay.x265-RARBG.mp4,5,12,1796960,data/encodings/1796960/1796960_S05E12_65496_0.npy
1949,1080,1920,0,1133,1251,267,385,13924,0.007,65520,/home/amos/media/tv/homeland/Homeland.S05.1080p.BluRay.x265-RARBG/Homeland.S05E12.1080p.BluRay.x265-RARBG.mp4,5,12,1796960,data/encodings/1796960/1796960_S05E12_65520_0.npy
1950,1080,1920,0,1037,1155,196,314,13924,0.007,65544,/home/amos/media/tv/homeland/Homeland.S05.1080p.BluRay.x265-RARBG/Homeland.S05E12.1080p.BluRay.x265-RARBG.mp4,5,12,1796960,data/encodings/1796960/1796960_S05E12_65544_0.npy
1951,1080,1920,0,834,952,88,206,13924,0.007,65568,/home/amos/media/tv/homeland/Homeland.S05.1080p.BluRay.x265-RARBG/Homeland.S05E12.1080p.BluRay.x265-RARBG.mp4,5,12,1796960,data/encodings/1796960/1796960_S05E12_65568_0.npy
1952,1080,1920,0,1054,1153,367,465,9702,0.005,65616,/home/amos/media/tv/homeland/Homeland.S05.1080p.BluRay.x265-RARBG/Homeland.S05E12.1080p.BluRay.x265-RARBG.mp4,5,12,1796960,data/encodings/1796960/1796960_S05E12_65616_0.npy
1953,1080,1920,0,1064,1163,377,475,9702,0.005,65640,/home/amos/media/tv/homeland/Homeland.S05.1080p.BluRay.x265-RARBG/Homeland.S05E12.1080p.BluRay.x265-RARBG.mp4,5,12,1796960,data/encodings/1796960/1796960_S05E12_65640_0.npy
1954,1080,1920,0,1064,1163,377,475,9702,0.005,65664,/home/amos/media/tv/homeland/Homeland.S05.1080p.BluRay.x265-RARBG/Homeland.S05E12.1080p.BluRay.x265-RARBG.mp4,5,12,1796960,data/encodings/1796960/1796960_S05E12_65664_0.npy
1955,1080,1920,0,1064,1163,387,485,9702,0.005,65688,/home/amos/media/tv/homeland/Homeland.S05.1080p.BluRay.x265-RARBG/Homeland.S05E12.1080p.BluRay.x265-RARBG.mp4,5,12,1796960,data/encodings/1796960/1796960_S05E12_65688_0.npy
1956,1080,1920,0,1025,1448,218,640,178506,0.086,65712,/home/amos/media/tv/homeland/Homeland.S05.1080p.BluRay.x265-RARBG/Homeland.S05E12.1080p.BluRay.x265-RARBG.mp4,5,12,1796960,data/encodings/1796960/1796960_S05E12_65712_0.npy
1957,1080,1920,0,1025,1448,218,640,178506,0.086,65736,/home/amos/media/tv/homeland/Homeland.S05.1080p.BluRay.x265-RARBG/Homeland.S05E12.1080p.BluRay.x265-RARBG.mp4,5,12,1796960,data/encodings/1796960/1796960_S05E12_65736_0.npy
1958,1080,1920,0,999,1507,159,666,257556,0.124,65760,/home/amos/media/tv/homeland/Homeland.S05.1080p.BluRay.x265-RARBG/Homeland.S05E12.1080p.BluRay.x265-RARBG.mp4,5,12,1796960,data/encodings/1796960/1796960_S05E12_65760_0.npy
1959,1080,1920,0,999,1507,159,666,257556,0.124,65784,/home/amos/media/tv/homeland/Homeland.S05.1080p.BluRay.x265-RARBG/Homeland.S05E12.1080p.BluRay.x265-RARBG.mp4,5,12,1796960,data/encodings/1796960/1796960_S05E12_65784_0.npy
1960,1080,1920,0,1068,1491,261,683,178506,0.086,65808,/home/amos/media/tv/homeland/Homeland.S05.1080p.BluRay.x265-RARBG/Homeland.S05E12.1080p.BluRay.x265-RARBG.mp4,5,12,1796960,data/encodings/1796960/1796960_S05E12_65808_0.npy
1961,1080,1920,0,948,1455,210,717,257049,0.124,65832,/home/amos/media/tv/homeland/Homeland.S05.1080p.BluRay.x265-RARBG/Homeland.S05E12.1080p.BluRay.x265-RARBG.mp4,5,12,1796960,data/encodings/1796960/1796960_S05E12_65832_0.npy
1962,1080,1920,0,948,1455,210,717,257049,0.124,65856,/home/amos/media/tv/homeland/Homeland.S05.1080p.BluRay.x265-RARBG/Homeland.S05E12.1080p.BluRay.x265-RARBG.mp4,5,12,1796960,data/encodings/1796960/1796960_S05E12_65856_0.npy
1963,1080,1920,0,948,1455,210,717,257049,0.124,65880,/home/amos/media/tv/homeland/Homeland.S05.1080p.BluRay.x265-RARBG/Homeland.S05E12.1080p.BluRay.x265-RARBG.mp4,5,12,1796960,data/encodings/1796960/1796960_S05E12_65880_0.npy
1964,1080,1920,0,948,1455,159,666,257049,0.124,65904,/home/amos/media/tv/homeland/Homeland.S05.1080p.BluRay.x265-RARBG/Homeland.S05E12.1080p.BluRay.x265-RARBG.mp4,5,12,1796960,data/encodings/1796960/1796960_S05E12_65904_0.npy
1965,1080,1920,0,948,1455,159,666,257049,0.124,65928,/home/amos/media/tv/homeland/Homeland.S05.1080p.BluRay.x265-RARBG/Homeland.S05E12.1080p.BluRay.x265-RARBG.mp4,5,12,1796960,data/encodings/1796960/1796960_S05E12_65928_0.npy
1966,1080,1920,0,948,1455,159,666,257049,0.124,65952,/home/amos/media/tv/homeland/Homeland.S05.1080p.BluRay.x265-RARBG/Homeland.S05E12.1080p.BluRay.x265-RARBG.mp4,5,12,1796960,data/encodings/1796960/1796960_S05E12_65952_0.npy
1967,1080,1920,0,569,921,208,560,123904,0.06,65976,/home/amos/media/tv/homeland/Homeland.S05.1080p.BluRay.x265-RARBG/Homeland.S05E12.1080p.BluRay.x265-RARBG.mp4,5,12,1796960,data/encodings/1796960/1796960_S05E12_65976_0.npy
1968,1080,1920,0,569,921,172,525,124256,0.06,66000,/home/amos/media/tv/homeland/Homeland.S05.1080p.BluRay.x265-RARBG/Homeland.S05E12.1080p.BluRay.x265-RARBG.mp4,5,12,1796960,data/encodings/1796960/1796960_S05E12_66000_0.npy
1969,1080,1920,0,604,956,172,525,124256,0.06,66024,/home/amos/media/tv/homeland/Homeland.S05.1080p.BluRay.x265-RARBG/Homeland.S05E12.1080p.BluRay.x265-RARBG.mp4,5,12,1796960,data/encodings/1796960/1796960_S05E12_66024_0.npy
1970,1080,1920,0,569,921,172,525,124256,0.06,66048,/home/amos/media/tv/homeland/Homeland.S05.1080p.BluRay.x265-RARBG/Homeland.S05E12.1080p.BluRay.x265-RARBG.mp4,5,12,1796960,data/encodings/1796960/1796960_S05E12_66048_0.npy
1971,1080,1920,0,604,956,208,560,123904,0.06,66072,/home/amos/media/tv/homeland/Homeland.S05.1080p.BluRay.x265-RARBG/Homeland.S05E12.1080p.BluRay.x265-RARBG.mp4,5,12,1796960,data/encodings/1796960/1796960_S05E12_66072_0.npy
1972,1080,1920,0,604,956,208,560,123904,0.06,66096,/home/amos/media/tv/homeland/Homeland.S05.1080p.BluRay.x265-RARBG/Homeland.S05E12.1080p.BluRay.x265-RARBG.mp4,5,12,1796960,data/encodings/1796960/1796960_S05E12_66096_0.npy
1973,1080,1920,0,897,1404,210,717,257049,0.124,66120,/home/amos/media/tv/homeland/Homeland.S05.1080p.BluRay.x265-RARBG/Homeland.S05E12.1080p.BluRay.x265-RARBG.mp4,5,12,1796960,data/encodings/1796960/1796960_S05E12_66120_0.npy
1974,1080,1920,0,897,1404,210,717,257049,0.124,66144,/home/amos/media/tv/homeland/Homeland.S05.1080p.BluRay.x265-RARBG/Homeland.S05E12.1080p.BluRay.x265-RARBG.mp4,5,12,1796960,data/encodings/1796960/1796960_S05E12_66144_0.npy
1975,1080,1920,0,815,1423,160,769,370272,0.179,66168,/home/amos/media/tv/homeland/Homeland.S05.1080p.BluRay.x265-RARBG/Homeland.S05E12.1080p.BluRay.x265-RARBG.mp4,5,12,1796960,data/encodings/1796960/1796960_S05E12_66168_0.npy
1976,1080,1920,0,897,1404,262,769,257049,0.124,66192,/home/amos/media/tv/homeland/Homeland.S05.1080p.BluRay.x265-RARBG/Homeland.S05E12.1080p.BluRay.x265-RARBG.mp4,5,12,1796960,data/encodings/1796960/1796960_S05E12_66192_0.npy
1977,1080,1920,0,753,1362,222,830,370272,0.179,66216,/home/amos/media/tv/homeland/Homeland.S05.1080p.BluRay.x265-RARBG/Homeland.S05E12.1080p.BluRay.x265-RARBG.mp4,5,12,1796960,data/encodings/1796960/1796960_S05E12_66216_0.npy
1978,1080,1920,0,753,1362,222,830,370272,0.179,66240,/home/amos/media/tv/homeland/Homeland.S05.1080p.BluRay.x265-RARBG/Homeland.S05E12.1080p.BluRay.x265-RARBG.mp4,5,12,1796960,data/encodings/1796960/1796960_S05E12_66240_0.npy
1979,1080,1920,0,753,1362,222,830,370272,0.179,66264,/home/amos/media/tv/homeland/Homeland.S05.1080p.BluRay.x265-RARBG/Homeland.S05E12.1080p.BluRay.x265-RARBG.mp4,5,12,1796960,data/encodings/1796960/1796960_S05E12_66264_0.npy
1980,1080,1920,0,569,921,208,560,123904,0.06,66288,/home/amos/media/tv/homeland/Homeland.S05.1080p.BluRay.x265-RARBG/Homeland.S05E12.1080p.BluRay.x265-RARBG.mp4,5,12,1796960,data/encodings/1796960/1796960_S05E12_66288_0.npy
1981,1080,1920,0,569,921,208,560,123904,0.06,66312,/home/amos/media/tv/homeland/Homeland.S05.1080p.BluRay.x265-RARBG/Homeland.S05E12.1080p.BluRay.x265-RARBG.mp4,5,12,1796960,data/encodings/1796960/1796960_S05E12_66312_0.npy
1982,1080,1920,0,569,921,208,560,123904,0.06,66336,/home/amos/media/tv/homeland/Homeland.S05.1080p.BluRay.x265-RARBG/Homeland.S05E12.1080p.BluRay.x265-RARBG.mp4,5,12,1796960,data/encodings/1796960/1796960_S05E12_66336_0.npy
1983,1080,1920,0,569,921,208,560,123904,0.06,66360,/home/amos/media/tv/homeland/Homeland.S05.1080p.BluRay.x265-RARBG/Homeland.S05E12.1080p.BluRay.x265-RARBG.mp4,5,12,1796960,data/encodings/1796960/1796960_S05E12_66360_0.npy
1984,1080,1920,0,854,1277,175,598,178929,0.086,66384,/home/amos/media/tv/homeland/Homeland.S05.1080p.BluRay.x265-RARBG/Homeland.S05E12.1080p.BluRay.x265-RARBG.mp4,5,12,1796960,data/encodings/1796960/1796960_S05E12_66384_0.npy
1985,1080,1920,0,925,1277,208,560,123904,0.06,66408,/home/amos/media/tv/homeland/Homeland.S05.1080p.BluRay.x265-RARBG/Homeland.S05E12.1080p.BluRay.x265-RARBG.mp4,5,12,1796960,data/encodings/1796960/1796960_S05E12_66408_0.npy
1986,1080,1920,0,854,1206,208,560,123904,0.06,66432,/home/amos/media/tv/homeland/Homeland.S05.1080p.BluRay.x265-RARBG/Homeland.S05E12.1080p.BluRay.x265-RARBG.mp4,5,12,1796960,data/encodings/1796960/1796960_S05E12_66432_0.npy
1987,1080,1920,0,925,1277,172,525,124256,0.06,66456,/home/amos/media/tv/homeland/Homeland.S05.1080p.BluRay.x265-RARBG/Homeland.S05E12.1080p.BluRay.x265-RARBG.mp4,5,12,1796960,data/encodings/1796960/1796960_S05E12_66456_0.npy
1988,1080,1920,0,1175,1527,208,560,123904,0.06,66480,/home/amos/media/tv/homeland/Homeland.S05.1080p.BluRay.x265-RARBG/Homeland.S05E12.1080p.BluRay.x265-RARBG.mp4,5,12,1796960,data/encodings/1796960/1796960_S05E12_66480_0.npy
1989,1080,1920,0,1175,1527,172,525,124256,0.06,66504,/home/amos/media/tv/homeland/Homeland.S05.1080p.BluRay.x265-RARBG/Homeland.S05E12.1080p.BluRay.x265-RARBG.mp4,5,12,1796960,data/encodings/1796960/1796960_S05E12_66504_0.npy
1990,1080,1920,0,1104,1456,172,525,124256,0.06,66528,/home/amos/media/tv/homeland/Homeland.S05.1080p.BluRay.x265-RARBG/Homeland.S05E12.1080p.BluRay.x265-RARBG.mp4,5,12,1796960,data/encodings/1796960/1796960_S05E12_66528_0.npy
1991,1080,1920,0,1175,1527,137,489,123904,0.06,66552,/home/amos/media/tv/homeland/Homeland.S05.1080p.BluRay.x265-RARBG/Homeland.S05E12.1080p.BluRay.x265-RARBG.mp4,5,12,1796960,data/encodings/1796960/1796960_S05E12_66552_0.npy
1992,1080,1920,0,1269,1562,166,459,85849,0.041,66576,/home/amos/media/tv/homeland/Homeland.S05.1080p.BluRay.x265-RARBG/Homeland.S05E12.1080p.BluRay.x265-RARBG.mp4,5,12,1796960,data/encodings/1796960/1796960_S05E12_66576_0.npy
1993,1080,1920,0,1252,1496,181,426,59780,0.029,66600,/home/amos/media/tv/homeland/Homeland.S05.1080p.BluRay.x265-RARBG/Homeland.S05E12.1080p.BluRay.x265-RARBG.mp4,5,12,1796960,data/encodings/1796960/1796960_S05E12_66600_0.npy
1994,1080,1920,0,1025,1448,261,683,178506,0.086,66624,/home/amos/media/tv/homeland/Homeland.S05.1080p.BluRay.x265-RARBG/Homeland.S05E12.1080p.BluRay.x265-RARBG.mp4,5,12,1796960,data/encodings/1796960/1796960_S05E12_66624_0.npy
1995,1080,1920,0,1025,1448,175,598,178929,0.086,66648,/home/amos/media/tv/homeland/Homeland.S05.1080p.BluRay.x265-RARBG/Homeland.S05E12.1080p.BluRay.x265-RARBG.mp4,5,12,1796960,data/encodings/1796960/1796960_S05E12_66648_0.npy
1996,1080,1920,0,982,1405,218,640,178506,0.086,66672,/home/amos/media/tv/homeland/Homeland.S05.1080p.BluRay.x265-RARBG/Homeland.S05E12.1080p.BluRay.x265-RARBG.mp4,5,12,1796960,data/encodings/1796960/1796960_S05E12_66672_0.npy
1997,1080,1920,0,982,1405,218,640,178506,0.086,66696,/home/amos/media/tv/homeland/Homeland.S05.1080p.BluRay.x265-RARBG/Homeland.S05E12.1080p.BluRay.x265-RARBG.mp4,5,12,1796960,data/encodings/1796960/1796960_S05E12_66696_0.npy
1998,1080,1920,0,845,1353,210,717,257556,0.124,66720,/home/amos/media/tv/homeland/Homeland.S05.1080p.BluRay.x265-RARBG/Homeland.S05E12.1080p.BluRay.x265-RARBG.mp4,5,12,1796960,data/encodings/1796960/1796960_S05E12_66720_0.npy
1999,1080,1920,0,897,1404,159,666,257049,0.124,66744,/home/amos/media/tv/homeland/Homeland.S05.1080p.BluRay.x265-RARBG/Homeland.S05E12.1080p.BluRay.x265-RARBG.mp4,5,12,1796960,data/encodings/1796960/1796960_S05E12_66744_0.npy
2000,1080,1920,0,940,1362,261,683,178084,0.086,66768,/home/amos/media/tv/homeland/Homeland.S05.1080p.BluRay.x265-RARBG/Homeland.S05E12.1080p.BluRay.x265-RARBG.mp4,5,12,1796960,data/encodings/1796960/1796960_S05E12_66768_0.npy
2001,1080,1920,0,940,1362,261,683,178084,0.086,66792,/home/amos/media/tv/homeland/Homeland.S05.1080p.BluRay.x265-RARBG/Homeland.S05E12.1080p.BluRay.x265-RARBG.mp4,5,12,1796960,data/encodings/1796960/1796960_S05E12_66792_0.npy
2002,1080,1920,0,897,1319,261,683,178084,0.086,66816,/home/amos/media/tv/homeland/Homeland.S05.1080p.BluRay.x265-RARBG/Homeland.S05E12.1080p.BluRay.x265-RARBG.mp4,5,12,1796960,data/encodings/1796960/1796960_S05E12_66816_0.npy
2003,1080,1920,0,897,1319,261,683,178084,0.086,66840,/home/amos/media/tv/homeland/Homeland.S05.1080p.BluRay.x265-RARBG/Homeland.S05E12.1080p.BluRay.x265-RARBG.mp4,5,12,1796960,data/encodings/1796960/1796960_S05E12_66840_0.npy
2004,1080,1920,0,756,824,180,248,4624,0.002,67152,/home/amos/media/tv/homeland/Homeland.S05.1080p.BluRay.x265-RARBG/Homeland.S05E12.1080p.BluRay.x265-RARBG.mp4,5,12,1796960,data/encodings/1796960/1796960_S05E12_67152_0.npy
2005,1080,1920,0,776,845,173,241,4692,0.002,67176,/home/amos/media/tv/homeland/Homeland.S05.1080p.BluRay.x265-RARBG/Homeland.S05E12.1080p.BluRay.x265-RARBG.mp4,5,12,1796960,data/encodings/1796960/1796960_S05E12_67176_0.npy
2006,1080,1920,0,776,845,180,248,4692,0.002,67200,/home/amos/media/tv/homeland/Homeland.S05.1080p.BluRay.x265-RARBG/Homeland.S05E12.1080p.BluRay.x265-RARBG.mp4,5,12,1796960,data/encodings/1796960/1796960_S05E12_67200_0.npy
2007,1080,1920,0,783,852,187,255,4692,0.002,67224,/home/amos/media/tv/homeland/Homeland.S05.1080p.BluRay.x265-RARBG/Homeland.S05E12.1080p.BluRay.x265-RARBG.mp4,5,12,1796960,data/encodings/1796960/1796960_S05E12_67224_0.npy
2008,1080,1920,0,783,852,194,262,4692,0.002,67248,/home/amos/media/tv/homeland/Homeland.S05.1080p.BluRay.x265-RARBG/Homeland.S05E12.1080p.BluRay.x265-RARBG.mp4,5,12,1796960,data/encodings/1796960/1796960_S05E12_67248_0.npy
2009,1080,1920,0,790,859,194,262,4692,0.002,67272,/home/amos/media/tv/homeland/Homeland.S05.1080p.BluRay.x265-RARBG/Homeland.S05E12.1080p.BluRay.x265-RARBG.mp4,5,12,1796960,data/encodings/1796960/1796960_S05E12_67272_0.npy
2010,1080,1920,0,790,859,194,262,4692,0.002,67296,/home/amos/media/tv/homeland/Homeland.S05.1080p.BluRay.x265-RARBG/Homeland.S05E12.1080p.BluRay.x265-RARBG.mp4,5,12,1796960,data/encodings/1796960/1796960_S05E12_67296_0.npy
2011,1080,1920,0,770,838,173,241,4624,0.002,67464,/home/amos/media/tv/homeland/Homeland.S05.1080p.BluRay.x265-RARBG/Homeland.S05E12.1080p.BluRay.x265-RARBG.mp4,5,12,1796960,data/encodings/1796960/1796960_S05E12_67464_0.npy
2012,1080,1920,0,714,783,159,227,4692,0.002,67488,/home/amos/media/tv/homeland/Homeland.S05.1080p.BluRay.x265-RARBG/Homeland.S05E12.1080p.BluRay.x265-RARBG.mp4,5,12,1796960,data/encodings/1796960/1796960_S05E12_67488_0.npy
2013,1080,1920,0,763,831,173,241,4624,0.002,67512,/home/amos/media/tv/homeland/Homeland.S05.1080p.BluRay.x265-RARBG/Homeland.S05E12.1080p.BluRay.x265-RARBG.mp4,5,12,1796960,data/encodings/1796960/1796960_S05E12_67512_0.npy
2014,1080,1920,0,633,877,181,426,59780,0.029,67536,/home/amos/media/tv/homeland/Homeland.S05.1080p.BluRay.x265-RARBG/Homeland.S05E12.1080p.BluRay.x265-RARBG.mp4,5,12,1796960,data/encodings/1796960/1796960_S05E12_67536_0.npy
2015,1080,1920,0,744,947,244,447,41209,0.02,67560,/home/amos/media/tv/homeland/Homeland.S05.1080p.BluRay.x265-RARBG/Homeland.S05E12.1080p.BluRay.x265-RARBG.mp4,5,12,1796960,data/encodings/1796960/1796960_S05E12_67560_0.npy
2016,1080,1920,0,723,927,202,406,41616,0.02,67584,/home/amos/media/tv/homeland/Homeland.S05.1080p.BluRay.x265-RARBG/Homeland.S05E12.1080p.BluRay.x265-RARBG.mp4,5,12,1796960,data/encodings/1796960/1796960_S05E12_67584_0.npy
2017,1080,1920,0,661,865,161,365,41616,0.02,67608,/home/amos/media/tv/homeland/Homeland.S05.1080p.BluRay.x265-RARBG/Homeland.S05E12.1080p.BluRay.x265-RARBG.mp4,5,12,1796960,data/encodings/1796960/1796960_S05E12_67608_0.npy
2018,1080,1920,0,682,885,161,365,41412,0.02,67632,/home/amos/media/tv/homeland/Homeland.S05.1080p.BluRay.x265-RARBG/Homeland.S05E12.1080p.BluRay.x265-RARBG.mp4,5,12,1796960,data/encodings/1796960/1796960_S05E12_67632_0.npy
2019,1080,1920,0,744,947,223,427,41412,0.02,67656,/home/amos/media/tv/homeland/Homeland.S05.1080p.BluRay.x265-RARBG/Homeland.S05E12.1080p.BluRay.x265-RARBG.mp4,5,12,1796960,data/encodings/1796960/1796960_S05E12_67656_0.npy
2020,1080,1920,0,702,906,223,427,41616,0.02,67680,/home/amos/media/tv/homeland/Homeland.S05.1080p.BluRay.x265-RARBG/Homeland.S05E12.1080p.BluRay.x265-RARBG.mp4,5,12,1796960,data/encodings/1796960/1796960_S05E12_67680_0.npy
2021,1080,1920,0,723,927,244,447,41412,0.02,67704,/home/amos/media/tv/homeland/Homeland.S05.1080p.BluRay.x265-RARBG/Homeland.S05E12.1080p.BluRay.x265-RARBG.mp4,5,12,1796960,data/encodings/1796960/1796960_S05E12_67704_0.npy
2022,1080,1920,0,1156,1360,182,385,41412,0.02,67728,/home/amos/media/tv/homeland/Homeland.S05.1080p.BluRay.x265-RARBG/Homeland.S05E12.1080p.BluRay.x265-RARBG.mp4,5,12,1796960,data/encodings/1796960/1796960_S05E12_67728_0.npy
2023,1080,1920,0,1198,1401,140,344,41412,0.02,67752,/home/amos/media/tv/homeland/Homeland.S05.1080p.BluRay.x265-RARBG/Homeland.S05E12.1080p.BluRay.x265-RARBG.mp4,5,12,1796960,data/encodings/1796960/1796960_S05E12_67752_0.npy
2024,1080,1920,0,1094,1298,120,324,41616,0.02,67776,/home/amos/media/tv/homeland/Homeland.S05.1080p.BluRay.x265-RARBG/Homeland.S05E12.1080p.BluRay.x265-RARBG.mp4,5,12,1796960,data/encodings/1796960/1796960_S05E12_67776_0.npy
2025,1080,1920,0,1215,1385,164,334,28900,0.014,67800,/home/amos/media/tv/homeland/Homeland.S05.1080p.BluRay.x265-RARBG/Homeland.S05E12.1080p.BluRay.x265-RARBG.mp4,5,12,1796960,data/encodings/1796960/1796960_S05E12_67800_0.npy
2026,1080,1920,0,785,989,244,447,41412,0.02,67824,/home/amos/media/tv/homeland/Homeland.S05.1080p.BluRay.x265-RARBG/Homeland.S05E12.1080p.BluRay.x265-RARBG.mp4,5,12,1796960,data/encodings/1796960/1796960_S05E12_67824_0.npy
2027,1080,1920,0,620,824,223,427,41616,0.02,67848,/home/amos/media/tv/homeland/Homeland.S05.1080p.BluRay.x265-RARBG/Homeland.S05E12.1080p.BluRay.x265-RARBG.mp4,5,12,1796960,data/encodings/1796960/1796960_S05E12_67848_0.npy
2028,1080,1920,0,682,885,161,365,41412,0.02,67872,/home/amos/media/tv/homeland/Homeland.S05.1080p.BluRay.x265-RARBG/Homeland.S05E12.1080p.BluRay.x265-RARBG.mp4,5,12,1796960,data/encodings/1796960/1796960_S05E12_67872_0.npy
2029,1080,1920,0,661,865,202,406,41616,0.02,67896,/home/amos/media/tv/homeland/Homeland.S05.1080p.BluRay.x265-RARBG/Homeland.S05E12.1080p.BluRay.x265-RARBG.mp4,5,12,1796960,data/encodings/1796960/1796960_S05E12_67896_0.npy
2030,1080,1920,0,1218,1422,140,344,41616,0.02,67920,/home/amos/media/tv/homeland/Homeland.S05.1080p.BluRay.x265-RARBG/Homeland.S05E12.1080p.BluRay.x265-RARBG.mp4,5,12,1796960,data/encodings/1796960/1796960_S05E12_67920_0.npy
2031,1080,1920,0,1115,1319,140,344,41616,0.02,67944,/home/amos/media/tv/homeland/Homeland.S05.1080p.BluRay.x265-RARBG/Homeland.S05E12.1080p.BluRay.x265-RARBG.mp4,5,12,1796960,data/encodings/1796960/1796960_S05E12_67944_0.npy
2032,1080,1920,0,1136,1340,140,344,41616,0.02,67968,/home/amos/media/tv/homeland/Homeland.S05.1080p.BluRay.x265-RARBG/Homeland.S05E12.1080p.BluRay.x265-RARBG.mp4,5,12,1796960,data/encodings/1796960/1796960_S05E12_67968_0.npy
2033,1080,1920,0,1218,1422,140,344,41616,0.02,68016,/home/amos/media/tv/homeland/Homeland.S05.1080p.BluRay.x265-RARBG/Homeland.S05E12.1080p.BluRay.x265-RARBG.mp4,5,12,1796960,data/encodings/1796960/1796960_S05E12_68016_0.npy
2034,1080,1920,0,1218,1422,140,344,41616,0.02,68040,/home/amos/media/tv/homeland/Homeland.S05.1080p.BluRay.x265-RARBG/Homeland.S05E12.1080p.BluRay.x265-RARBG.mp4,5,12,1796960,data/encodings/1796960/1796960_S05E12_68040_0.npy
2035,1080,1920,0,558,803,156,401,60025,0.029,68088,/home/amos/media/tv/homeland/Homeland.S05.1080p.BluRay.x265-RARBG/Homeland.S05E12.1080p.BluRay.x265-RARBG.mp4,5,12,1796960,data/encodings/1796960/1796960_S05E12_68088_0.npy
2036,1080,1920,0,583,828,156,401,60025,0.029,68112,/home/amos/media/tv/homeland/Homeland.S05.1080p.BluRay.x265-RARBG/Homeland.S05E12.1080p.BluRay.x265-RARBG.mp4,5,12,1796960,data/encodings/1796960/1796960_S05E12_68112_0.npy
2037,1080,1920,0,633,877,132,376,59536,0.029,68136,/home/amos/media/tv/homeland/Homeland.S05.1080p.BluRay.x265-RARBG/Homeland.S05E12.1080p.BluRay.x265-RARBG.mp4,5,12,1796960,data/encodings/1796960/1796960_S05E12_68136_0.npy
2038,1080,1920,0,583,828,132,376,59780,0.029,68160,/home/amos/media/tv/homeland/Homeland.S05.1080p.BluRay.x265-RARBG/Homeland.S05E12.1080p.BluRay.x265-RARBG.mp4,5,12,1796960,data/encodings/1796960/1796960_S05E12_68160_0.npy
2039,1080,1920,0,608,852,156,401,59780,0.029,68184,/home/amos/media/tv/homeland/Homeland.S05.1080p.BluRay.x265-RARBG/Homeland.S05E12.1080p.BluRay.x265-RARBG.mp4,5,12,1796960,data/encodings/1796960/1796960_S05E12_68184_0.npy
2040,1080,1920,0,608,852,132,376,59536,0.029,68208,/home/amos/media/tv/homeland/Homeland.S05.1080p.BluRay.x265-RARBG/Homeland.S05E12.1080p.BluRay.x265-RARBG.mp4,5,12,1796960,data/encodings/1796960/1796960_S05E12_68208_0.npy
2041,1080,1920,0,702,906,161,365,41616,0.02,68232,/home/amos/media/tv/homeland/Homeland.S05.1080p.BluRay.x265-RARBG/Homeland.S05E12.1080p.BluRay.x265-RARBG.mp4,5,12,1796960,data/encodings/1796960/1796960_S05E12_68232_0.npy
2042,1080,1920,0,657,902,156,401,60025,0.029,68256,/home/amos/media/tv/homeland/Homeland.S05.1080p.BluRay.x265-RARBG/Homeland.S05E12.1080p.BluRay.x265-RARBG.mp4,5,12,1796960,data/encodings/1796960/1796960_S05E12_68256_0.npy
2043,1080,1920,0,702,906,140,344,41616,0.02,68280,/home/amos/media/tv/homeland/Homeland.S05.1080p.BluRay.x265-RARBG/Homeland.S05E12.1080p.BluRay.x265-RARBG.mp4,5,12,1796960,data/encodings/1796960/1796960_S05E12_68280_0.npy
2044,1080,1920,0,682,885,140,344,41412,0.02,68304,/home/amos/media/tv/homeland/Homeland.S05.1080p.BluRay.x265-RARBG/Homeland.S05E12.1080p.BluRay.x265-RARBG.mp4,5,12,1796960,data/encodings/1796960/1796960_S05E12_68304_0.npy
2045,1080,1920,0,682,885,140,344,41412,0.02,68328,/home/amos/media/tv/homeland/Homeland.S05.1080p.BluRay.x265-RARBG/Homeland.S05E12.1080p.BluRay.x265-RARBG.mp4,5,12,1796960,data/encodings/1796960/1796960_S05E12_68328_0.npy
2046,1080,1920,0,702,906,140,344,41616,0.02,68352,/home/amos/media/tv/homeland/Homeland.S05.1080p.BluRay.x265-RARBG/Homeland.S05E12.1080p.BluRay.x265-RARBG.mp4,5,12,1796960,data/encodings/1796960/1796960_S05E12_68352_0.npy
2047,1080,1920,0,702,906,161,365,41616,0.02,68376,/home/amos/media/tv/homeland/Homeland.S05.1080p.BluRay.x265-RARBG/Homeland.S05E12.1080p.BluRay.x265-RARBG.mp4,5,12,1796960,data/encodings/1796960/1796960_S05E12_68376_0.npy
2048,1080,1920,0,633,877,156,401,59780,0.029,68400,/home/amos/media/tv/homeland/Homeland.S05.1080p.BluRay.x265-RARBG/Homeland.S05E12.1080p.BluRay.x265-RARBG.mp4,5,12,1796960,data/encodings/1796960/1796960_S05E12_68400_0.npy
2049,1080,1920,0,1077,1247,147,317,28900,0.014,68424,/home/amos/media/tv/homeland/Homeland.S05.1080p.BluRay.x265-RARBG/Homeland.S05E12.1080p.BluRay.x265-RARBG.mp4,5,12,1796960,data/encodings/1796960/1796960_S05E12_68424_0.npy
2050,1080,1920,0,1053,1257,120,324,41616,0.02,68448,/home/amos/media/tv/homeland/Homeland.S05.1080p.BluRay.x265-RARBG/Homeland.S05E12.1080p.BluRay.x265-RARBG.mp4,5,12,1796960,data/encodings/1796960/1796960_S05E12_68448_0.npy
2051,1080,1920,0,1033,1236,140,344,41412,0.02,68472,/home/amos/media/tv/homeland/Homeland.S05.1080p.BluRay.x265-RARBG/Homeland.S05E12.1080p.BluRay.x265-RARBG.mp4,5,12,1796960,data/encodings/1796960/1796960_S05E12_68472_0.npy
2052,1080,1920,0,1033,1236,140,344,41412,0.02,68496,/home/amos/media/tv/homeland/Homeland.S05.1080p.BluRay.x265-RARBG/Homeland.S05E12.1080p.BluRay.x265-RARBG.mp4,5,12,1796960,data/encodings/1796960/1796960_S05E12_68496_0.npy
2053,1080,1920,0,1033,1236,140,344,41412,0.02,68520,/home/amos/media/tv/homeland/Homeland.S05.1080p.BluRay.x265-RARBG/Homeland.S05E12.1080p.BluRay.x265-RARBG.mp4,5,12,1796960,data/encodings/1796960/1796960_S05E12_68520_0.npy
2054,1080,1920,0,583,828,132,376,59780,0.029,68544,/home/amos/media/tv/homeland/Homeland.S05.1080p.BluRay.x265-RARBG/Homeland.S05E12.1080p.BluRay.x265-RARBG.mp4,5,12,1796960,data/encodings/1796960/1796960_S05E12_68544_0.npy
2055,1080,1920,0,583,828,156,401,60025,0.029,68568,/home/amos/media/tv/homeland/Homeland.S05.1080p.BluRay.x265-RARBG/Homeland.S05E12.1080p.BluRay.x265-RARBG.mp4,5,12,1796960,data/encodings/1796960/1796960_S05E12_68568_0.npy
2056,1080,1920,0,620,824,161,365,41616,0.02,68592,/home/amos/media/tv/homeland/Homeland.S05.1080p.BluRay.x265-RARBG/Homeland.S05E12.1080p.BluRay.x265-RARBG.mp4,5,12,1796960,data/encodings/1796960/1796960_S05E12_68592_0.npy
2057,1080,1920,0,583,828,156,401,60025,0.029,68616,/home/amos/media/tv/homeland/Homeland.S05.1080p.BluRay.x265-RARBG/Homeland.S05E12.1080p.BluRay.x265-RARBG.mp4,5,12,1796960,data/encodings/1796960/1796960_S05E12_68616_0.npy
2058,1080,1920,0,640,844,202,406,41616,0.02,68640,/home/amos/media/tv/homeland/Homeland.S05.1080p.BluRay.x265-RARBG/Homeland.S05E12.1080p.BluRay.x265-RARBG.mp4,5,12,1796960,data/encodings/1796960/1796960_S05E12_68640_0.npy
2059,1080,1920,0,707,952,156,401,60025,0.029,68664,/home/amos/media/tv/homeland/Homeland.S05.1080p.BluRay.x265-RARBG/Homeland.S05E12.1080p.BluRay.x265-RARBG.mp4,5,12,1796960,data/encodings/1796960/1796960_S05E12_68664_0.npy
2060,1080,1920,0,764,968,182,385,41412,0.02,68688,/home/amos/media/tv/homeland/Homeland.S05.1080p.BluRay.x265-RARBG/Homeland.S05E12.1080p.BluRay.x265-RARBG.mp4,5,12,1796960,data/encodings/1796960/1796960_S05E12_68688_0.npy
2061,1080,1920,0,682,885,161,365,41412,0.02,68712,/home/amos/media/tv/homeland/Homeland.S05.1080p.BluRay.x265-RARBG/Homeland.S05E12.1080p.BluRay.x265-RARBG.mp4,5,12,1796960,data/encodings/1796960/1796960_S05E12_68712_0.npy
2062,1080,1920,0,847,1051,161,365,41616,0.02,68736,/home/amos/media/tv/homeland/Homeland.S05.1080p.BluRay.x265-RARBG/Homeland.S05E12.1080p.BluRay.x265-RARBG.mp4,5,12,1796960,data/encodings/1796960/1796960_S05E12_68736_0.npy
2063,1080,1920,0,847,1051,161,365,41616,0.02,68760,/home/amos/media/tv/homeland/Homeland.S05.1080p.BluRay.x265-RARBG/Homeland.S05E12.1080p.BluRay.x265-RARBG.mp4,5,12,1796960,data/encodings/1796960/1796960_S05E12_68760_0.npy
2064,1080,1920,0,867,1071,161,365,41616,0.02,68784,/home/amos/media/tv/homeland/Homeland.S05.1080p.BluRay.x265-RARBG/Homeland.S05E12.1080p.BluRay.x265-RARBG.mp4,5,12,1796960,data/encodings/1796960/1796960_S05E12_68784_0.npy
2065,1080,1920,0,909,1113,182,385,41412,0.02,68808,/home/amos/media/tv/homeland/Homeland.S05.1080p.BluRay.x265-RARBG/Homeland.S05E12.1080p.BluRay.x265-RARBG.mp4,5,12,1796960,data/encodings/1796960/1796960_S05E12_68808_0.npy
2066,1080,1920,0,1115,1319,161,365,41616,0.02,68832,/home/amos/media/tv/homeland/Homeland.S05.1080p.BluRay.x265-RARBG/Homeland.S05E12.1080p.BluRay.x265-RARBG.mp4,5,12,1796960,data/encodings/1796960/1796960_S05E12_68832_0.npy
2067,1080,1920,0,1239,1443,161,365,41616,0.02,68856,/home/amos/media/tv/homeland/Homeland.S05.1080p.BluRay.x265-RARBG/Homeland.S05E12.1080p.BluRay.x265-RARBG.mp4,5,12,1796960,data/encodings/1796960/1796960_S05E12_68856_0.npy
2068,1080,1920,0,1404,1608,99,303,41616,0.02,68928,/home/amos/media/tv/homeland/Homeland.S05.1080p.BluRay.x265-RARBG/Homeland.S05E12.1080p.BluRay.x265-RARBG.mp4,5,12,1796960,data/encodings/1796960/1796960_S05E12_68928_0.npy
2069,1080,1920,0,1404,1608,99,303,41616,0.02,68952,/home/amos/media/tv/homeland/Homeland.S05.1080p.BluRay.x265-RARBG/Homeland.S05E12.1080p.BluRay.x265-RARBG.mp4,5,12,1796960,data/encodings/1796960/1796960_S05E12_68952_0.npy
2070,1080,1920,0,1326,1571,132,376,59780,0.029,68976,/home/amos/media/tv/homeland/Homeland.S05.1080p.BluRay.x265-RARBG/Homeland.S05E12.1080p.BluRay.x265-RARBG.mp4,5,12,1796960,data/encodings/1796960/1796960_S05E12_68976_0.npy
2071,1080,1920,0,1351,1595,132,376,59536,0.029,69048,/home/amos/media/tv/homeland/Homeland.S05.1080p.BluRay.x265-RARBG/Homeland.S05E12.1080p.BluRay.x265-RARBG.mp4,5,12,1796960,data/encodings/1796960/1796960_S05E12_69048_0.npy
2072,1080,1920,1,207,411,285,489,41616,0.02,69048,/home/amos/media/tv/homeland/Homeland.S05.1080p.BluRay.x265-RARBG/Homeland.S05E12.1080p.BluRay.x265-RARBG.mp4,5,12,1796960,data/encodings/1796960/1796960_S05E12_69048_1.npy
2073,1080,1920,0,1363,1567,140,344,41616,0.02,69072,/home/amos/media/tv/homeland/Homeland.S05.1080p.BluRay.x265-RARBG/Homeland.S05E12.1080p.BluRay.x265-RARBG.mp4,5,12,1796960,data/encodings/1796960/1796960_S05E12_69072_0.npy
2074,1080,1920,1,186,390,285,489,41616,0.02,69072,/home/amos/media/tv/homeland/Homeland.S05.1080p.BluRay.x265-RARBG/Homeland.S05E12.1080p.BluRay.x265-RARBG.mp4,5,12,1796960,data/encodings/1796960/1796960_S05E12_69072_1.npy
2075,1080,1920,0,1363,1567,140,344,41616,0.02,69096,/home/amos/media/tv/homeland/Homeland.S05.1080p.BluRay.x265-RARBG/Homeland.S05E12.1080p.BluRay.x265-RARBG.mp4,5,12,1796960,data/encodings/1796960/1796960_S05E12_69096_0.npy
2076,1080,1920,1,217,387,302,471,28730,0.014,69096,/home/amos/media/tv/homeland/Homeland.S05.1080p.BluRay.x265-RARBG/Homeland.S05E12.1080p.BluRay.x265-RARBG.mp4,5,12,1796960,data/encodings/1796960/1796960_S05E12_69096_1.npy
2077,1080,1920,0,1383,1587,182,385,41412,0.02,69120,/home/amos/media/tv/homeland/Homeland.S05.1080p.BluRay.x265-RARBG/Homeland.S05E12.1080p.BluRay.x265-RARBG.mp4,5,12,1796960,data/encodings/1796960/1796960_S05E12_69120_0.npy
2078,1080,1920,0,1321,1525,202,406,41616,0.02,69144,/home/amos/media/tv/homeland/Homeland.S05.1080p.BluRay.x265-RARBG/Homeland.S05E12.1080p.BluRay.x265-RARBG.mp4,5,12,1796960,data/encodings/1796960/1796960_S05E12_69144_0.npy
2079,1080,1920,0,1301,1505,202,406,41616,0.02,69168,/home/amos/media/tv/homeland/Homeland.S05.1080p.BluRay.x265-RARBG/Homeland.S05E12.1080p.BluRay.x265-RARBG.mp4,5,12,1796960,data/encodings/1796960/1796960_S05E12_69168_0.npy
2080,1080,1920,0,1280,1484,202,406,41616,0.02,69192,/home/amos/media/tv/homeland/Homeland.S05.1080p.BluRay.x265-RARBG/Homeland.S05E12.1080p.BluRay.x265-RARBG.mp4,5,12,1796960,data/encodings/1796960/1796960_S05E12_69192_0.npy
2081,1080,1920,0,1404,1608,99,303,41616,0.02,69216,/home/amos/media/tv/homeland/Homeland.S05.1080p.BluRay.x265-RARBG/Homeland.S05E12.1080p.BluRay.x265-RARBG.mp4,5,12,1796960,data/encodings/1796960/1796960_S05E12_69216_0.npy
2082,1080,1920,0,526,819,136,429,85849,0.041,69240,/home/amos/media/tv/homeland/Homeland.S05.1080p.BluRay.x265-RARBG/Homeland.S05E12.1080p.BluRay.x265-RARBG.mp4,5,12,1796960,data/encodings/1796960/1796960_S05E12_69240_0.npy
2083,1080,1920,0,1104,1456,172,525,124256,0.06,69264,/home/amos/media/tv/homeland/Homeland.S05.1080p.BluRay.x265-RARBG/Homeland.S05E12.1080p.BluRay.x265-RARBG.mp4,5,12,1796960,data/encodings/1796960/1796960_S05E12_69264_0.npy
2084,1080,1920,0,1104,1456,208,560,123904,0.06,69288,/home/amos/media/tv/homeland/Homeland.S05.1080p.BluRay.x265-RARBG/Homeland.S05E12.1080p.BluRay.x265-RARBG.mp4,5,12,1796960,data/encodings/1796960/1796960_S05E12_69288_0.npy
2085,1080,1920,0,1104,1456,172,525,124256,0.06,69312,/home/amos/media/tv/homeland/Homeland.S05.1080p.BluRay.x265-RARBG/Homeland.S05E12.1080p.BluRay.x265-RARBG.mp4,5,12,1796960,data/encodings/1796960/1796960_S05E12_69312_0.npy
2086,1080,1920,0,1104,1456,208,560,123904,0.06,69336,/home/amos/media/tv/homeland/Homeland.S05.1080p.BluRay.x265-RARBG/Homeland.S05E12.1080p.BluRay.x265-RARBG.mp4,5,12,1796960,data/encodings/1796960/1796960_S05E12_69336_0.npy
2087,1080,1920,0,526,819,166,459,85849,0.041,69360,/home/amos/media/tv/homeland/Homeland.S05.1080p.BluRay.x265-RARBG/Homeland.S05E12.1080p.BluRay.x265-RARBG.mp4,5,12,1796960,data/encodings/1796960/1796960_S05E12_69360_0.npy
2088,1080,1920,0,496,789,166,459,85849,0.041,69384,/home/amos/media/tv/homeland/Homeland.S05.1080p.BluRay.x265-RARBG/Homeland.S05E12.1080p.BluRay.x265-RARBG.mp4,5,12,1796960,data/encodings/1796960/1796960_S05E12_69384_0.npy
2089,1080,1920,0,555,849,166,459,86142,0.042,69408,/home/amos/media/tv/homeland/Homeland.S05.1080p.BluRay.x265-RARBG/Homeland.S05E12.1080p.BluRay.x265-RARBG.mp4,5,12,1796960,data/encodings/1796960/1796960_S05E12_69408_0.npy
2090,1080,1920,0,1032,1384,208,560,123904,0.06,69432,/home/amos/media/tv/homeland/Homeland.S05.1080p.BluRay.x265-RARBG/Homeland.S05E12.1080p.BluRay.x265-RARBG.mp4,5,12,1796960,data/encodings/1796960/1796960_S05E12_69432_0.npy
2091,1080,1920,0,997,1349,244,596,123904,0.06,69456,/home/amos/media/tv/homeland/Homeland.S05.1080p.BluRay.x265-RARBG/Homeland.S05E12.1080p.BluRay.x265-RARBG.mp4,5,12,1796960,data/encodings/1796960/1796960_S05E12_69456_0.npy
2092,1080,1920,0,997,1349,208,560,123904,0.06,69480,/home/amos/media/tv/homeland/Homeland.S05.1080p.BluRay.x265-RARBG/Homeland.S05E12.1080p.BluRay.x265-RARBG.mp4,5,12,1796960,data/encodings/1796960/1796960_S05E12_69480_0.npy
2093,1080,1920,0,997,1349,208,560,123904,0.06,69504,/home/amos/media/tv/homeland/Homeland.S05.1080p.BluRay.x265-RARBG/Homeland.S05E12.1080p.BluRay.x265-RARBG.mp4,5,12,1796960,data/encodings/1796960/1796960_S05E12_69504_0.npy
2094,1080,1920,0,961,1313,208,560,123904,0.06,69528,/home/amos/media/tv/homeland/Homeland.S05.1080p.BluRay.x265-RARBG/Homeland.S05E12.1080p.BluRay.x265-RARBG.mp4,5,12,1796960,data/encodings/1796960/1796960_S05E12_69528_0.npy
2095,1080,1920,0,496,789,195,489,86142,0.042,69552,/home/amos/media/tv/homeland/Homeland.S05.1080p.BluRay.x265-RARBG/Homeland.S05E12.1080p.BluRay.x265-RARBG.mp4,5,12,1796960,data/encodings/1796960/1796960_S05E12_69552_0.npy
2096,1080,1920,0,497,849,137,489,123904,0.06,69576,/home/amos/media/tv/homeland/Homeland.S05.1080p.BluRay.x265-RARBG/Homeland.S05E12.1080p.BluRay.x265-RARBG.mp4,5,12,1796960,data/encodings/1796960/1796960_S05E12_69576_0.npy
2097,1080,1920,0,555,849,166,459,86142,0.042,69600,/home/amos/media/tv/homeland/Homeland.S05.1080p.BluRay.x265-RARBG/Homeland.S05E12.1080p.BluRay.x265-RARBG.mp4,5,12,1796960,data/encodings/1796960/1796960_S05E12_69600_0.npy
2098,1080,1920,0,1139,1491,208,560,123904,0.06,69624,/home/amos/media/tv/homeland/Homeland.S05.1080p.BluRay.x265-RARBG/Homeland.S05E12.1080p.BluRay.x265-RARBG.mp4,5,12,1796960,data/encodings/1796960/1796960_S05E12_69624_0.npy
2099,1080,1920,0,1139,1491,208,560,123904,0.06,69648,/home/amos/media/tv/homeland/Homeland.S05.1080p.BluRay.x265-RARBG/Homeland.S05E12.1080p.BluRay.x265-RARBG.mp4,5,12,1796960,data/encodings/1796960/1796960_S05E12_69648_0.npy
2100,1080,1920,0,1104,1456,208,560,123904,0.06,69672,/home/amos/media/tv/homeland/Homeland.S05.1080p.BluRay.x265-RARBG/Homeland.S05E12.1080p.BluRay.x265-RARBG.mp4,5,12,1796960,data/encodings/1796960/1796960_S05E12_69672_0.npy
2101,1080,1920,0,377,670,166,459,85849,0.041,69696,/home/amos/media/tv/homeland/Homeland.S05.1080p.BluRay.x265-RARBG/Homeland.S05E12.1080p.BluRay.x265-RARBG.mp4,5,12,1796960,data/encodings/1796960/1796960_S05E12_69696_0.npy
2102,1080,1920,0,436,730,166,459,86142,0.042,69720,/home/amos/media/tv/homeland/Homeland.S05.1080p.BluRay.x265-RARBG/Homeland.S05E12.1080p.BluRay.x265-RARBG.mp4,5,12,1796960,data/encodings/1796960/1796960_S05E12_69720_0.npy
2103,1080,1920,0,466,760,195,489,86436,0.042,69744,/home/amos/media/tv/homeland/Homeland.S05.1080p.BluRay.x265-RARBG/Homeland.S05E12.1080p.BluRay.x265-RARBG.mp4,5,12,1796960,data/encodings/1796960/1796960_S05E12_69744_0.npy
2104,1080,1920,0,997,1349,208,560,123904,0.06,69768,/home/amos/media/tv/homeland/Homeland.S05.1080p.BluRay.x265-RARBG/Homeland.S05E12.1080p.BluRay.x265-RARBG.mp4,5,12,1796960,data/encodings/1796960/1796960_S05E12_69768_0.npy
2105,1080,1920,0,997,1349,208,560,123904,0.06,69792,/home/amos/media/tv/homeland/Homeland.S05.1080p.BluRay.x265-RARBG/Homeland.S05E12.1080p.BluRay.x265-RARBG.mp4,5,12,1796960,data/encodings/1796960/1796960_S05E12_69792_0.npy
2106,1080,1920,0,997,1349,244,596,123904,0.06,69816,/home/amos/media/tv/homeland/Homeland.S05.1080p.BluRay.x265-RARBG/Homeland.S05E12.1080p.BluRay.x265-RARBG.mp4,5,12,1796960,data/encodings/1796960/1796960_S05E12_69816_0.npy
2107,1080,1920,0,997,1349,244,596,123904,0.06,69840,/home/amos/media/tv/homeland/Homeland.S05.1080p.BluRay.x265-RARBG/Homeland.S05E12.1080p.BluRay.x265-RARBG.mp4,5,12,1796960,data/encodings/1796960/1796960_S05E12_69840_0.npy
2108,1080,1920,0,997,1349,244,596,123904,0.06,69864,/home/amos/media/tv/homeland/Homeland.S05.1080p.BluRay.x265-RARBG/Homeland.S05E12.1080p.BluRay.x265-RARBG.mp4,5,12,1796960,data/encodings/1796960/1796960_S05E12_69864_0.npy
2109,1080,1920,0,997,1349,244,596,123904,0.06,69888,/home/amos/media/tv/homeland/Homeland.S05.1080p.BluRay.x265-RARBG/Homeland.S05E12.1080p.BluRay.x265-RARBG.mp4,5,12,1796960,data/encodings/1796960/1796960_S05E12_69888_0.npy
2110,1080,1920,0,555,849,225,519,86436,0.042,69912,/home/amos/media/tv/homeland/Homeland.S05.1080p.BluRay.x265-RARBG/Homeland.S05E12.1080p.BluRay.x265-RARBG.mp4,5,12,1796960,data/encodings/1796960/1796960_S05E12_69912_0.npy
2111,1080,1920,0,615,908,225,519,86142,0.042,69936,/home/amos/media/tv/homeland/Homeland.S05.1080p.BluRay.x265-RARBG/Homeland.S05E12.1080p.BluRay.x265-RARBG.mp4,5,12,1796960,data/encodings/1796960/1796960_S05E12_69936_0.npy
2112,1080,1920,0,497,849,137,489,123904,0.06,69960,/home/amos/media/tv/homeland/Homeland.S05.1080p.BluRay.x265-RARBG/Homeland.S05E12.1080p.BluRay.x265-RARBG.mp4,5,12,1796960,data/encodings/1796960/1796960_S05E12_69960_0.npy
2113,1080,1920,0,997,1349,208,560,123904,0.06,69984,/home/amos/media/tv/homeland/Homeland.S05.1080p.BluRay.x265-RARBG/Homeland.S05E12.1080p.BluRay.x265-RARBG.mp4,5,12,1796960,data/encodings/1796960/1796960_S05E12_69984_0.npy
2114,1080,1920,0,997,1349,208,560,123904,0.06,70008,/home/amos/media/tv/homeland/Homeland.S05.1080p.BluRay.x265-RARBG/Homeland.S05E12.1080p.BluRay.x265-RARBG.mp4,5,12,1796960,data/encodings/1796960/1796960_S05E12_70008_0.npy
2115,1080,1920,0,526,819,195,489,86142,0.042,70032,/home/amos/media/tv/homeland/Homeland.S05.1080p.BluRay.x265-RARBG/Homeland.S05E12.1080p.BluRay.x265-RARBG.mp4,5,12,1796960,data/encodings/1796960/1796960_S05E12_70032_0.npy
2116,1080,1920,0,555,849,195,489,86436,0.042,70056,/home/amos/media/tv/homeland/Homeland.S05.1080p.BluRay.x265-RARBG/Homeland.S05E12.1080p.BluRay.x265-RARBG.mp4,5,12,1796960,data/encodings/1796960/1796960_S05E12_70056_0.npy
2117,1080,1920,0,1280,1484,120,324,41616,0.02,70080,/home/amos/media/tv/homeland/Homeland.S05.1080p.BluRay.x265-RARBG/Homeland.S05E12.1080p.BluRay.x265-RARBG.mp4,5,12,1796960,data/encodings/1796960/1796960_S05E12_70080_0.npy
2118,1080,1920,0,1383,1587,99,303,41616,0.02,70104,/home/amos/media/tv/homeland/Homeland.S05.1080p.BluRay.x265-RARBG/Homeland.S05E12.1080p.BluRay.x265-RARBG.mp4,5,12,1796960,data/encodings/1796960/1796960_S05E12_70104_0.npy
2119,1080,1920,0,1301,1546,107,351,59780,0.029,70128,/home/amos/media/tv/homeland/Homeland.S05.1080p.BluRay.x265-RARBG/Homeland.S05E12.1080p.BluRay.x265-RARBG.mp4,5,12,1796960,data/encodings/1796960/1796960_S05E12_70128_0.npy
2120,1080,1920,0,1260,1463,202,406,41412,0.02,70152,/home/amos/media/tv/homeland/Homeland.S05.1080p.BluRay.x265-RARBG/Homeland.S05E12.1080p.BluRay.x265-RARBG.mp4,5,12,1796960,data/encodings/1796960/1796960_S05E12_70152_0.npy
2121,1080,1920,0,1260,1463,202,406,41412,0.02,70176,/home/amos/media/tv/homeland/Homeland.S05.1080p.BluRay.x265-RARBG/Homeland.S05E12.1080p.BluRay.x265-RARBG.mp4,5,12,1796960,data/encodings/1796960/1796960_S05E12_70176_0.npy
2122,1080,1920,0,1239,1443,202,406,41616,0.02,70200,/home/amos/media/tv/homeland/Homeland.S05.1080p.BluRay.x265-RARBG/Homeland.S05E12.1080p.BluRay.x265-RARBG.mp4,5,12,1796960,data/encodings/1796960/1796960_S05E12_70200_0.npy
2123,1080,1920,0,1239,1443,182,385,41412,0.02,70224,/home/amos/media/tv/homeland/Homeland.S05.1080p.BluRay.x265-RARBG/Homeland.S05E12.1080p.BluRay.x265-RARBG.mp4,5,12,1796960,data/encodings/1796960/1796960_S05E12_70224_0.npy
2124,1080,1920,0,1227,1472,132,376,59780,0.029,70248,/home/amos/media/tv/homeland/Homeland.S05.1080p.BluRay.x265-RARBG/Homeland.S05E12.1080p.BluRay.x265-RARBG.mp4,5,12,1796960,data/encodings/1796960/1796960_S05E12_70248_0.npy
2125,1080,1920,0,1239,1443,120,324,41616,0.02,70272,/home/amos/media/tv/homeland/Homeland.S05.1080p.BluRay.x265-RARBG/Homeland.S05E12.1080p.BluRay.x265-RARBG.mp4,5,12,1796960,data/encodings/1796960/1796960_S05E12_70272_0.npy
2126,1080,1920,0,1280,1484,99,303,41616,0.02,70296,/home/amos/media/tv/homeland/Homeland.S05.1080p.BluRay.x265-RARBG/Homeland.S05E12.1080p.BluRay.x265-RARBG.mp4,5,12,1796960,data/encodings/1796960/1796960_S05E12_70296_0.npy
2127,1080,1920,0,1139,1491,208,560,123904,0.06,70320,/home/amos/media/tv/homeland/Homeland.S05.1080p.BluRay.x265-RARBG/Homeland.S05E12.1080p.BluRay.x265-RARBG.mp4,5,12,1796960,data/encodings/1796960/1796960_S05E12_70320_0.npy
2128,1080,1920,0,1139,1491,208,560,123904,0.06,70344,/home/amos/media/tv/homeland/Homeland.S05.1080p.BluRay.x265-RARBG/Homeland.S05E12.1080p.BluRay.x265-RARBG.mp4,5,12,1796960,data/encodings/1796960/1796960_S05E12_70344_0.npy
2129,1080,1920,0,1139,1491,208,560,123904,0.06,70368,/home/amos/media/tv/homeland/Homeland.S05.1080p.BluRay.x265-RARBG/Homeland.S05E12.1080p.BluRay.x265-RARBG.mp4,5,12,1796960,data/encodings/1796960/1796960_S05E12_70368_0.npy
2130,1080,1920,0,1139,1491,172,525,124256,0.06,70392,/home/amos/media/tv/homeland/Homeland.S05.1080p.BluRay.x265-RARBG/Homeland.S05E12.1080p.BluRay.x265-RARBG.mp4,5,12,1796960,data/encodings/1796960/1796960_S05E12_70392_0.npy
2131,1080,1920,0,1139,1491,172,525,124256,0.06,70416,/home/amos/media/tv/homeland/Homeland.S05.1080p.BluRay.x265-RARBG/Homeland.S05E12.1080p.BluRay.x265-RARBG.mp4,5,12,1796960,data/encodings/1796960/1796960_S05E12_70416_0.npy
2132,1080,1920,0,1139,1491,172,525,124256,0.06,70440,/home/amos/media/tv/homeland/Homeland.S05.1080p.BluRay.x265-RARBG/Homeland.S05E12.1080p.BluRay.x265-RARBG.mp4,5,12,1796960,data/encodings/1796960/1796960_S05E12_70440_0.npy
2133,1080,1920,0,1139,1491,208,560,123904,0.06,70464,/home/amos/media/tv/homeland/Homeland.S05.1080p.BluRay.x265-RARBG/Homeland.S05E12.1080p.BluRay.x265-RARBG.mp4,5,12,1796960,data/encodings/1796960/1796960_S05E12_70464_0.npy
2134,1080,1920,0,1104,1456,208,560,123904,0.06,70488,/home/amos/media/tv/homeland/Homeland.S05.1080p.BluRay.x265-RARBG/Homeland.S05E12.1080p.BluRay.x265-RARBG.mp4,5,12,1796960,data/encodings/1796960/1796960_S05E12_70488_0.npy
2135,1080,1920,0,436,730,166,459,86142,0.042,70512,/home/amos/media/tv/homeland/Homeland.S05.1080p.BluRay.x265-RARBG/Homeland.S05E12.1080p.BluRay.x265-RARBG.mp4,5,12,1796960,data/encodings/1796960/1796960_S05E12_70512_0.npy
2136,1080,1920,0,466,760,166,459,86142,0.042,70536,/home/amos/media/tv/homeland/Homeland.S05.1080p.BluRay.x265-RARBG/Homeland.S05E12.1080p.BluRay.x265-RARBG.mp4,5,12,1796960,data/encodings/1796960/1796960_S05E12_70536_0.npy
2137,1080,1920,0,466,760,166,459,86142,0.042,70560,/home/amos/media/tv/homeland/Homeland.S05.1080p.BluRay.x265-RARBG/Homeland.S05E12.1080p.BluRay.x265-RARBG.mp4,5,12,1796960,data/encodings/1796960/1796960_S05E12_70560_0.npy
2138,1080,1920,0,466,760,166,459,86142,0.042,70584,/home/amos/media/tv/homeland/Homeland.S05.1080p.BluRay.x265-RARBG/Homeland.S05E12.1080p.BluRay.x265-RARBG.mp4,5,12,1796960,data/encodings/1796960/1796960_S05E12_70584_0.npy
2139,1080,1920,0,466,760,166,459,86142,0.042,70608,/home/amos/media/tv/homeland/Homeland.S05.1080p.BluRay.x265-RARBG/Homeland.S05E12.1080p.BluRay.x265-RARBG.mp4,5,12,1796960,data/encodings/1796960/1796960_S05E12_70608_0.npy
2140,1080,1920,0,496,789,136,429,85849,0.041,70632,/home/amos/media/tv/homeland/Homeland.S05.1080p.BluRay.x265-RARBG/Homeland.S05E12.1080p.BluRay.x265-RARBG.mp4,5,12,1796960,data/encodings/1796960/1796960_S05E12_70632_0.npy
2141,1080,1920,0,938,1546,222,830,369664,0.178,70656,/home/amos/media/tv/homeland/Homeland.S05.1080p.BluRay.x265-RARBG/Homeland.S05E12.1080p.BluRay.x265-RARBG.mp4,5,12,1796960,data/encodings/1796960/1796960_S05E12_70656_0.npy
2142,1080,1920,0,938,1546,160,769,370272,0.179,70680,/home/amos/media/tv/homeland/Homeland.S05.1080p.BluRay.x265-RARBG/Homeland.S05E12.1080p.BluRay.x265-RARBG.mp4,5,12,1796960,data/encodings/1796960/1796960_S05E12_70680_0.npy
2143,1080,1920,0,938,1546,160,769,370272,0.179,70704,/home/amos/media/tv/homeland/Homeland.S05.1080p.BluRay.x265-RARBG/Homeland.S05E12.1080p.BluRay.x265-RARBG.mp4,5,12,1796960,data/encodings/1796960/1796960_S05E12_70704_0.npy
2144,1080,1920,0,999,1608,160,769,370881,0.179,70728,/home/amos/media/tv/homeland/Homeland.S05.1080p.BluRay.x265-RARBG/Homeland.S05E12.1080p.BluRay.x265-RARBG.mp4,5,12,1796960,data/encodings/1796960/1796960_S05E12_70728_0.npy
2145,1080,1920,0,938,1546,160,769,370272,0.179,70752,/home/amos/media/tv/homeland/Homeland.S05.1080p.BluRay.x265-RARBG/Homeland.S05E12.1080p.BluRay.x265-RARBG.mp4,5,12,1796960,data/encodings/1796960/1796960_S05E12_70752_0.npy
2146,1080,1920,0,938,1546,222,830,369664,0.178,70776,/home/amos/media/tv/homeland/Homeland.S05.1080p.BluRay.x265-RARBG/Homeland.S05E12.1080p.BluRay.x265-RARBG.mp4,5,12,1796960,data/encodings/1796960/1796960_S05E12_70776_0.npy
2147,1080,1920,0,999,1608,222,830,370272,0.179,70800,/home/amos/media/tv/homeland/Homeland.S05.1080p.BluRay.x265-RARBG/Homeland.S05E12.1080p.BluRay.x265-RARBG.mp4,5,12,1796960,data/encodings/1796960/1796960_S05E12_70800_0.npy
2148,1080,1920,0,999,1608,160,769,370881,0.179,70824,/home/amos/media/tv/homeland/Homeland.S05.1080p.BluRay.x265-RARBG/Homeland.S05E12.1080p.BluRay.x265-RARBG.mp4,5,12,1796960,data/encodings/1796960/1796960_S05E12_70824_0.npy
2149,1080,1920,0,383,890,159,666,257049,0.124,70848,/home/amos/media/tv/homeland/Homeland.S05.1080p.BluRay.x265-RARBG/Homeland.S05E12.1080p.BluRay.x265-RARBG.mp4,5,12,1796960,data/encodings/1796960/1796960_S05E12_70848_0.npy
2150,1080,1920,0,435,942,210,717,257049,0.124,70872,/home/amos/media/tv/homeland/Homeland.S05.1080p.BluRay.x265-RARBG/Homeland.S05E12.1080p.BluRay.x265-RARBG.mp4,5,12,1796960,data/encodings/1796960/1796960_S05E12_70872_0.npy
2151,1080,1920,0,435,942,210,717,257049,0.124,70896,/home/amos/media/tv/homeland/Homeland.S05.1080p.BluRay.x265-RARBG/Homeland.S05E12.1080p.BluRay.x265-RARBG.mp4,5,12,1796960,data/encodings/1796960/1796960_S05E12_70896_0.npy
2152,1080,1920,0,435,942,159,666,257049,0.124,70920,/home/amos/media/tv/homeland/Homeland.S05.1080p.BluRay.x265-RARBG/Homeland.S05E12.1080p.BluRay.x265-RARBG.mp4,5,12,1796960,data/encodings/1796960/1796960_S05E12_70920_0.npy
2153,1080,1920,0,435,942,210,717,257049,0.124,70944,/home/amos/media/tv/homeland/Homeland.S05.1080p.BluRay.x265-RARBG/Homeland.S05E12.1080p.BluRay.x265-RARBG.mp4,5,12,1796960,data/encodings/1796960/1796960_S05E12_70944_0.npy
2154,1080,1920,0,435,942,159,666,257049,0.124,70968,/home/amos/media/tv/homeland/Homeland.S05.1080p.BluRay.x265-RARBG/Homeland.S05E12.1080p.BluRay.x265-RARBG.mp4,5,12,1796960,data/encodings/1796960/1796960_S05E12_70968_0.npy
2155,1080,1920,0,383,890,159,666,257049,0.124,70992,/home/amos/media/tv/homeland/Homeland.S05.1080p.BluRay.x265-RARBG/Homeland.S05E12.1080p.BluRay.x265-RARBG.mp4,5,12,1796960,data/encodings/1796960/1796960_S05E12_70992_0.npy
2156,1080,1920,0,999,1507,210,717,257556,0.124,71016,/home/amos/media/tv/homeland/Homeland.S05.1080p.BluRay.x265-RARBG/Homeland.S05E12.1080p.BluRay.x265-RARBG.mp4,5,12,1796960,data/encodings/1796960/1796960_S05E12_71016_0.npy
2157,1080,1920,0,999,1507,210,717,257556,0.124,71040,/home/amos/media/tv/homeland/Homeland.S05.1080p.BluRay.x265-RARBG/Homeland.S05E12.1080p.BluRay.x265-RARBG.mp4,5,12,1796960,data/encodings/1796960/1796960_S05E12_71040_0.npy
2158,1080,1920,0,332,839,159,666,257049,0.124,71064,/home/amos/media/tv/homeland/Homeland.S05.1080p.BluRay.x265-RARBG/Homeland.S05E12.1080p.BluRay.x265-RARBG.mp4,5,12,1796960,data/encodings/1796960/1796960_S05E12_71064_0.npy
2159,1080,1920,0,383,890,159,666,257049,0.124,71088,/home/amos/media/tv/homeland/Homeland.S05.1080p.BluRay.x265-RARBG/Homeland.S05E12.1080p.BluRay.x265-RARBG.mp4,5,12,1796960,data/encodings/1796960/1796960_S05E12_71088_0.npy
2160,1080,1920,0,332,839,159,666,257049,0.124,71112,/home/amos/media/tv/homeland/Homeland.S05.1080p.BluRay.x265-RARBG/Homeland.S05E12.1080p.BluRay.x265-RARBG.mp4,5,12,1796960,data/encodings/1796960/1796960_S05E12_71112_0.npy
2161,1080,1920,0,486,993,210,717,257049,0.124,71136,/home/amos/media/tv/homeland/Homeland.S05.1080p.BluRay.x265-RARBG/Homeland.S05E12.1080p.BluRay.x265-RARBG.mp4,5,12,1796960,data/encodings/1796960/1796960_S05E12_71136_0.npy
2162,1080,1920,0,640,1147,313,820,257049,0.124,71160,/home/amos/media/tv/homeland/Homeland.S05.1080p.BluRay.x265-RARBG/Homeland.S05E12.1080p.BluRay.x265-RARBG.mp4,5,12,1796960,data/encodings/1796960/1796960_S05E12_71160_0.npy
2163,1080,1920,0,589,1096,313,820,257049,0.124,71184,/home/amos/media/tv/homeland/Homeland.S05.1080p.BluRay.x265-RARBG/Homeland.S05E12.1080p.BluRay.x265-RARBG.mp4,5,12,1796960,data/encodings/1796960/1796960_S05E12_71184_0.npy
2164,1080,1920,0,537,1044,210,717,257049,0.124,71208,/home/amos/media/tv/homeland/Homeland.S05.1080p.BluRay.x265-RARBG/Homeland.S05E12.1080p.BluRay.x265-RARBG.mp4,5,12,1796960,data/encodings/1796960/1796960_S05E12_71208_0.npy
2165,1080,1920,0,589,1096,210,717,257049,0.124,71232,/home/amos/media/tv/homeland/Homeland.S05.1080p.BluRay.x265-RARBG/Homeland.S05E12.1080p.BluRay.x265-RARBG.mp4,5,12,1796960,data/encodings/1796960/1796960_S05E12_71232_0.npy
2166,1080,1920,0,537,1044,313,820,257049,0.124,71256,/home/amos/media/tv/homeland/Homeland.S05.1080p.BluRay.x265-RARBG/Homeland.S05E12.1080p.BluRay.x265-RARBG.mp4,5,12,1796960,data/encodings/1796960/1796960_S05E12_71256_0.npy
2167,1080,1920,0,435,942,210,717,257049,0.124,71280,/home/amos/media/tv/homeland/Homeland.S05.1080p.BluRay.x265-RARBG/Homeland.S05E12.1080p.BluRay.x265-RARBG.mp4,5,12,1796960,data/encodings/1796960/1796960_S05E12_71280_0.npy
2168,1080,1920,0,999,1608,160,769,370881,0.179,71304,/home/amos/media/tv/homeland/Homeland.S05.1080p.BluRay.x265-RARBG/Homeland.S05E12.1080p.BluRay.x265-RARBG.mp4,5,12,1796960,data/encodings/1796960/1796960_S05E12_71304_0.npy
2169,1080,1920,0,999,1608,99,707,370272,0.179,71328,/home/amos/media/tv/homeland/Homeland.S05.1080p.BluRay.x265-RARBG/Homeland.S05E12.1080p.BluRay.x265-RARBG.mp4,5,12,1796960,data/encodings/1796960/1796960_S05E12_71328_0.npy
2170,1080,1920,0,999,1608,99,707,370272,0.179,71352,/home/amos/media/tv/homeland/Homeland.S05.1080p.BluRay.x265-RARBG/Homeland.S05E12.1080p.BluRay.x265-RARBG.mp4,5,12,1796960,data/encodings/1796960/1796960_S05E12_71352_0.npy
2171,1080,1920,0,999,1608,160,769,370881,0.179,71376,/home/amos/media/tv/homeland/Homeland.S05.1080p.BluRay.x265-RARBG/Homeland.S05E12.1080p.BluRay.x265-RARBG.mp4,5,12,1796960,data/encodings/1796960/1796960_S05E12_71376_0.npy
2172,1080,1920,0,383,890,210,717,257049,0.124,71400,/home/amos/media/tv/homeland/Homeland.S05.1080p.BluRay.x265-RARBG/Homeland.S05E12.1080p.BluRay.x265-RARBG.mp4,5,12,1796960,data/encodings/1796960/1796960_S05E12_71400_0.npy
2173,1080,1920,0,435,942,210,717,257049,0.124,71424,/home/amos/media/tv/homeland/Homeland.S05.1080p.BluRay.x265-RARBG/Homeland.S05E12.1080p.BluRay.x265-RARBG.mp4,5,12,1796960,data/encodings/1796960/1796960_S05E12_71424_0.npy
2174,1080,1920,0,383,890,262,769,257049,0.124,71448,/home/amos/media/tv/homeland/Homeland.S05.1080p.BluRay.x265-RARBG/Homeland.S05E12.1080p.BluRay.x265-RARBG.mp4,5,12,1796960,data/encodings/1796960/1796960_S05E12_71448_0.npy
2175,1080,1920,0,383,890,262,769,257049,0.124,71472,/home/amos/media/tv/homeland/Homeland.S05.1080p.BluRay.x265-RARBG/Homeland.S05E12.1080p.BluRay.x265-RARBG.mp4,5,12,1796960,data/encodings/1796960/1796960_S05E12_71472_0.npy
2176,1080,1920,0,537,1044,262,769,257049,0.124,71496,/home/amos/media/tv/homeland/Homeland.S05.1080p.BluRay.x265-RARBG/Homeland.S05E12.1080p.BluRay.x265-RARBG.mp4,5,12,1796960,data/encodings/1796960/1796960_S05E12_71496_0.npy
2177,1080,1920,0,435,942,159,666,257049,0.124,71520,/home/amos/media/tv/homeland/Homeland.S05.1080p.BluRay.x265-RARBG/Homeland.S05E12.1080p.BluRay.x265-RARBG.mp4,5,12,1796960,data/encodings/1796960/1796960_S05E12_71520_0.npy
2178,1080,1920,0,435,942,210,717,257049,0.124,71544,/home/amos/media/tv/homeland/Homeland.S05.1080p.BluRay.x265-RARBG/Homeland.S05E12.1080p.BluRay.x265-RARBG.mp4,5,12,1796960,data/encodings/1796960/1796960_S05E12_71544_0.npy
2179,1080,1920,0,938,1546,160,769,370272,0.179,71568,/home/amos/media/tv/homeland/Homeland.S05.1080p.BluRay.x265-RARBG/Homeland.S05E12.1080p.BluRay.x265-RARBG.mp4,5,12,1796960,data/encodings/1796960/1796960_S05E12_71568_0.npy
2180,1080,1920,0,938,1546,160,769,370272,0.179,71592,/home/amos/media/tv/homeland/Homeland.S05.1080p.BluRay.x265-RARBG/Homeland.S05E12.1080p.BluRay.x265-RARBG.mp4,5,12,1796960,data/encodings/1796960/1796960_S05E12_71592_0.npy
2181,1080,1920,0,938,1546,160,769,370272,0.179,71616,/home/amos/media/tv/homeland/Homeland.S05.1080p.BluRay.x265-RARBG/Homeland.S05E12.1080p.BluRay.x265-RARBG.mp4,5,12,1796960,data/encodings/1796960/1796960_S05E12_71616_0.npy
2182,1080,1920,0,938,1546,160,769,370272,0.179,71640,/home/amos/media/tv/homeland/Homeland.S05.1080p.BluRay.x265-RARBG/Homeland.S05E12.1080p.BluRay.x265-RARBG.mp4,5,12,1796960,data/encodings/1796960/1796960_S05E12_71640_0.npy
2183,1080,1920,0,383,890,210,717,257049,0.124,71664,/home/amos/media/tv/homeland/Homeland.S05.1080p.BluRay.x265-RARBG/Homeland.S05E12.1080p.BluRay.x265-RARBG.mp4,5,12,1796960,data/encodings/1796960/1796960_S05E12_71664_0.npy
2184,1080,1920,0,383,890,210,717,257049,0.124,71688,/home/amos/media/tv/homeland/Homeland.S05.1080p.BluRay.x265-RARBG/Homeland.S05E12.1080p.BluRay.x265-RARBG.mp4,5,12,1796960,data/encodings/1796960/1796960_S05E12_71688_0.npy
2185,1080,1920,0,383,890,210,717,257049,0.124,71712,/home/amos/media/tv/homeland/Homeland.S05.1080p.BluRay.x265-RARBG/Homeland.S05E12.1080p.BluRay.x265-RARBG.mp4,5,12,1796960,data/encodings/1796960/1796960_S05E12_71712_0.npy
2186,1080,1920,0,383,890,159,666,257049,0.124,71736,/home/amos/media/tv/homeland/Homeland.S05.1080p.BluRay.x265-RARBG/Homeland.S05E12.1080p.BluRay.x265-RARBG.mp4,5,12,1796960,data/encodings/1796960/1796960_S05E12_71736_0.npy
2187,1080,1920,0,383,890,210,717,257049,0.124,71760,/home/amos/media/tv/homeland/Homeland.S05.1080p.BluRay.x265-RARBG/Homeland.S05E12.1080p.BluRay.x265-RARBG.mp4,5,12,1796960,data/encodings/1796960/1796960_S05E12_71760_0.npy
2188,1080,1920,0,1074,1278,182,385,41412,0.02,71784,/home/amos/media/tv/homeland/Homeland.S05.1080p.BluRay.x265-RARBG/Homeland.S05E12.1080p.BluRay.x265-RARBG.mp4,5,12,1796960,data/encodings/1796960/1796960_S05E12_71784_0.npy
2189,1080,1920,0,905,1075,130,299,28730,0.014,71808,/home/amos/media/tv/homeland/Homeland.S05.1080p.BluRay.x265-RARBG/Homeland.S05E12.1080p.BluRay.x265-RARBG.mp4,5,12,1796960,data/encodings/1796960/1796960_S05E12_71808_0.npy
2190,1080,1920,0,726,1148,389,812,178506,0.086,71904,/home/amos/media/tv/homeland/Homeland.S05.1080p.BluRay.x265-RARBG/Homeland.S05E12.1080p.BluRay.x265-RARBG.mp4,5,12,1796960,data/encodings/1796960/1796960_S05E12_71904_0.npy
2191,1080,1920,0,640,1147,210,717,257049,0.124,71928,/home/amos/media/tv/homeland/Homeland.S05.1080p.BluRay.x265-RARBG/Homeland.S05E12.1080p.BluRay.x265-RARBG.mp4,5,12,1796960,data/encodings/1796960/1796960_S05E12_71928_0.npy
2192,1080,1920,0,589,1096,210,717,257049,0.124,71952,/home/amos/media/tv/homeland/Homeland.S05.1080p.BluRay.x265-RARBG/Homeland.S05E12.1080p.BluRay.x265-RARBG.mp4,5,12,1796960,data/encodings/1796960/1796960_S05E12_71952_0.npy
2193,1080,1920,0,948,1455,159,666,257049,0.124,71976,/home/amos/media/tv/homeland/Homeland.S05.1080p.BluRay.x265-RARBG/Homeland.S05E12.1080p.BluRay.x265-RARBG.mp4,5,12,1796960,data/encodings/1796960/1796960_S05E12_71976_0.npy
2194,1080,1920,0,897,1404,159,666,257049,0.124,72000,/home/amos/media/tv/homeland/Homeland.S05.1080p.BluRay.x265-RARBG/Homeland.S05E12.1080p.BluRay.x265-RARBG.mp4,5,12,1796960,data/encodings/1796960/1796960_S05E12_72000_0.npy
2195,1080,1920,0,897,1404,159,666,257049,0.124,72024,/home/amos/media/tv/homeland/Homeland.S05.1080p.BluRay.x265-RARBG/Homeland.S05E12.1080p.BluRay.x265-RARBG.mp4,5,12,1796960,data/encodings/1796960/1796960_S05E12_72024_0.npy
2196,1080,1920,0,948,1455,159,666,257049,0.124,72048,/home/amos/media/tv/homeland/Homeland.S05.1080p.BluRay.x265-RARBG/Homeland.S05E12.1080p.BluRay.x265-RARBG.mp4,5,12,1796960,data/encodings/1796960/1796960_S05E12_72048_0.npy
2197,1080,1920,0,393,597,202,406,41616,0.02,72168,/home/amos/media/tv/homeland/Homeland.S05.1080p.BluRay.x265-RARBG/Homeland.S05E12.1080p.BluRay.x265-RARBG.mp4,5,12,1796960,data/encodings/1796960/1796960_S05E12_72168_0.npy
2198,1080,1920,0,335,580,156,401,60025,0.029,72216,/home/amos/media/tv/homeland/Homeland.S05.1080p.BluRay.x265-RARBG/Homeland.S05E12.1080p.BluRay.x265-RARBG.mp4,5,12,1796960,data/encodings/1796960/1796960_S05E12_72216_0.npy
2199,1080,1920,0,360,605,156,401,60025,0.029,72240,/home/amos/media/tv/homeland/Homeland.S05.1080p.BluRay.x265-RARBG/Homeland.S05E12.1080p.BluRay.x265-RARBG.mp4,5,12,1796960,data/encodings/1796960/1796960_S05E12_72240_0.npy
2200,1080,1920,0,410,654,156,401,59780,0.029,72264,/home/amos/media/tv/homeland/Homeland.S05.1080p.BluRay.x265-RARBG/Homeland.S05E12.1080p.BluRay.x265-RARBG.mp4,5,12,1796960,data/encodings/1796960/1796960_S05E12_72264_0.npy
2201,1080,1920,0,534,778,156,401,59780,0.029,72288,/home/amos/media/tv/homeland/Homeland.S05.1080p.BluRay.x265-RARBG/Homeland.S05E12.1080p.BluRay.x265-RARBG.mp4,5,12,1796960,data/encodings/1796960/1796960_S05E12_72288_0.npy
2202,1080,1920,0,377,670,106,400,86142,0.042,72336,/home/amos/media/tv/homeland/Homeland.S05.1080p.BluRay.x265-RARBG/Homeland.S05E12.1080p.BluRay.x265-RARBG.mp4,5,12,1796960,data/encodings/1796960/1796960_S05E12_72336_0.npy
2203,1080,1920,0,435,679,156,401,59780,0.029,72360,/home/amos/media/tv/homeland/Homeland.S05.1080p.BluRay.x265-RARBG/Homeland.S05E12.1080p.BluRay.x265-RARBG.mp4,5,12,1796960,data/encodings/1796960/1796960_S05E12_72360_0.npy
2204,1080,1920,0,360,605,206,450,59780,0.029,72384,/home/amos/media/tv/homeland/Homeland.S05.1080p.BluRay.x265-RARBG/Homeland.S05E12.1080p.BluRay.x265-RARBG.mp4,5,12,1796960,data/encodings/1796960/1796960_S05E12_72384_0.npy
2205,1080,1920,0,385,630,206,450,59780,0.029,72408,/home/amos/media/tv/homeland/Homeland.S05.1080p.BluRay.x265-RARBG/Homeland.S05E12.1080p.BluRay.x265-RARBG.mp4,5,12,1796960,data/encodings/1796960/1796960_S05E12_72408_0.npy
2206,1080,1920,0,768,825,275,332,3249,0.002,72576,/home/amos/media/tv/homeland/Homeland.S05.1080p.BluRay.x265-RARBG/Homeland.S05E12.1080p.BluRay.x265-RARBG.mp4,5,12,1796960,data/encodings/1796960/1796960_S05E12_72576_0.npy
2207,1080,1920,0,832,900,201,269,4624,0.002,72624,/home/amos/media/tv/homeland/Homeland.S05.1080p.BluRay.x265-RARBG/Homeland.S05E12.1080p.BluRay.x265-RARBG.mp4,5,12,1796960,data/encodings/1796960/1796960_S05E12_72624_0.npy
2208,1080,1920,0,1198,1367,198,368,28730,0.014,72648,/home/amos/media/tv/homeland/Homeland.S05.1080p.BluRay.x265-RARBG/Homeland.S05E12.1080p.BluRay.x265-RARBG.mp4,5,12,1796960,data/encodings/1796960/1796960_S05E12_72648_0.npy
2209,1080,1920,0,1156,1360,202,406,41616,0.02,72672,/home/amos/media/tv/homeland/Homeland.S05.1080p.BluRay.x265-RARBG/Homeland.S05E12.1080p.BluRay.x265-RARBG.mp4,5,12,1796960,data/encodings/1796960/1796960_S05E12_72672_0.npy
2210,1080,1920,0,1129,1299,216,385,28730,0.014,72696,/home/amos/media/tv/homeland/Homeland.S05.1080p.BluRay.x265-RARBG/Homeland.S05E12.1080p.BluRay.x265-RARBG.mp4,5,12,1796960,data/encodings/1796960/1796960_S05E12_72696_0.npy
2211,1080,1920,0,1180,1350,216,385,28730,0.014,72720,/home/amos/media/tv/homeland/Homeland.S05.1080p.BluRay.x265-RARBG/Homeland.S05E12.1080p.BluRay.x265-RARBG.mp4,5,12,1796960,data/encodings/1796960/1796960_S05E12_72720_0.npy
2212,1080,1920,0,826,1030,202,406,41616,0.02,72744,/home/amos/media/tv/homeland/Homeland.S05.1080p.BluRay.x265-RARBG/Homeland.S05E12.1080p.BluRay.x265-RARBG.mp4,5,12,1796960,data/encodings/1796960/1796960_S05E12_72744_0.npy
2213,1080,1920,0,940,1362,261,683,178084,0.086,72792,/home/amos/media/tv/homeland/Homeland.S05.1080p.BluRay.x265-RARBG/Homeland.S05E12.1080p.BluRay.x265-RARBG.mp4,5,12,1796960,data/encodings/1796960/1796960_S05E12_72792_0.npy
2214,1080,1920,0,940,1362,261,683,178084,0.086,72816,/home/amos/media/tv/homeland/Homeland.S05.1080p.BluRay.x265-RARBG/Homeland.S05E12.1080p.BluRay.x265-RARBG.mp4,5,12,1796960,data/encodings/1796960/1796960_S05E12_72816_0.npy
2215,1080,1920,0,940,1362,261,683,178084,0.086,72840,/home/amos/media/tv/homeland/Homeland.S05.1080p.BluRay.x265-RARBG/Homeland.S05E12.1080p.BluRay.x265-RARBG.mp4,5,12,1796960,data/encodings/1796960/1796960_S05E12_72840_0.npy
2216,1080,1920,0,940,1362,261,683,178084,0.086,72864,/home/amos/media/tv/homeland/Homeland.S05.1080p.BluRay.x265-RARBG/Homeland.S05E12.1080p.BluRay.x265-RARBG.mp4,5,12,1796960,data/encodings/1796960/1796960_S05E12_72864_0.npy
2217,1080,1920,0,905,1150,156,401,60025,0.029,72888,/home/amos/media/tv/homeland/Homeland.S05.1080p.BluRay.x265-RARBG/Homeland.S05E12.1080p.BluRay.x265-RARBG.mp4,5,12,1796960,data/encodings/1796960/1796960_S05E12_72888_0.npy
2218,1080,1920,0,608,852,132,376,59536,0.029,72912,/home/amos/media/tv/homeland/Homeland.S05.1080p.BluRay.x265-RARBG/Homeland.S05E12.1080p.BluRay.x265-RARBG.mp4,5,12,1796960,data/encodings/1796960/1796960_S05E12_72912_0.npy
2219,1080,1920,0,702,906,161,365,41616,0.02,72936,/home/amos/media/tv/homeland/Homeland.S05.1080p.BluRay.x265-RARBG/Homeland.S05E12.1080p.BluRay.x265-RARBG.mp4,5,12,1796960,data/encodings/1796960/1796960_S05E12_72936_0.npy
2220,1080,1920,0,845,1353,262,769,257556,0.124,72960,/home/amos/media/tv/homeland/Homeland.S05.1080p.BluRay.x265-RARBG/Homeland.S05E12.1080p.BluRay.x265-RARBG.mp4,5,12,1796960,data/encodings/1796960/1796960_S05E12_72960_0.npy
2221,1080,1920,0,794,1301,262,769,257049,0.124,72984,/home/amos/media/tv/homeland/Homeland.S05.1080p.BluRay.x265-RARBG/Homeland.S05E12.1080p.BluRay.x265-RARBG.mp4,5,12,1796960,data/encodings/1796960/1796960_S05E12_72984_0.npy
2222,1080,1920,0,794,1301,210,717,257049,0.124,73008,/home/amos/media/tv/homeland/Homeland.S05.1080p.BluRay.x265-RARBG/Homeland.S05E12.1080p.BluRay.x265-RARBG.mp4,5,12,1796960,data/encodings/1796960/1796960_S05E12_73008_0.npy
2223,1080,1920,0,940,1362,261,683,178084,0.086,73032,/home/amos/media/tv/homeland/Homeland.S05.1080p.BluRay.x265-RARBG/Homeland.S05E12.1080p.BluRay.x265-RARBG.mp4,5,12,1796960,data/encodings/1796960/1796960_S05E12_73032_0.npy
2224,1080,1920,0,982,1405,261,683,178506,0.086,73056,/home/amos/media/tv/homeland/Homeland.S05.1080p.BluRay.x265-RARBG/Homeland.S05E12.1080p.BluRay.x265-RARBG.mp4,5,12,1796960,data/encodings/1796960/1796960_S05E12_73056_0.npy
2225,1080,1920,0,940,1362,261,683,178084,0.086,73080,/home/amos/media/tv/homeland/Homeland.S05.1080p.BluRay.x265-RARBG/Homeland.S05E12.1080p.BluRay.x265-RARBG.mp4,5,12,1796960,data/encodings/1796960/1796960_S05E12_73080_0.npy
2226,1080,1920,0,590,1320,0,673,491290,0.237,73200,/home/amos/media/tv/homeland/Homeland.S05.1080p.BluRay.x265-RARBG/Homeland.S05E12.1080p.BluRay.x265-RARBG.mp4,5,12,1796960,data/encodings/1796960/1796960_S05E12_73200_0.npy
2227,1080,1920,0,590,1320,17,747,532900,0.257,73224,/home/amos/media/tv/homeland/Homeland.S05.1080p.BluRay.x265-RARBG/Homeland.S05E12.1080p.BluRay.x265-RARBG.mp4,5,12,1796960,data/encodings/1796960/1796960_S05E12_73224_0.npy
2228,1080,1920,0,640,844,99,303,41616,0.02,73320,/home/amos/media/tv/homeland/Homeland.S05.1080p.BluRay.x265-RARBG/Homeland.S05E12.1080p.BluRay.x265-RARBG.mp4,5,12,1796960,data/encodings/1796960/1796960_S05E12_73320_0.npy
2229,1080,1920,0,826,1030,140,344,41616,0.02,73344,/home/amos/media/tv/homeland/Homeland.S05.1080p.BluRay.x265-RARBG/Homeland.S05E12.1080p.BluRay.x265-RARBG.mp4,5,12,1796960,data/encodings/1796960/1796960_S05E12_73344_0.npy
2230,1080,1920,0,867,1071,161,365,41616,0.02,73368,/home/amos/media/tv/homeland/Homeland.S05.1080p.BluRay.x265-RARBG/Homeland.S05E12.1080p.BluRay.x265-RARBG.mp4,5,12,1796960,data/encodings/1796960/1796960_S05E12_73368_0.npy
2231,1080,1920,0,151,208,390,447,3249,0.002,73560,/home/amos/media/tv/homeland/Homeland.S05.1080p.BluRay.x265-RARBG/Homeland.S05E12.1080p.BluRay.x265-RARBG.mp4,5,12,1796960,data/encodings/1796960/1796960_S05E12_73560_0.npy
2232,1080,1920,0,1689,1728,401,441,1560,0.001,74904,/home/amos/media/tv/homeland/Homeland.S05.1080p.BluRay.x265-RARBG/Homeland.S05E12.1080p.BluRay.x265-RARBG.mp4,5,12,1796960,data/encodings/1796960/1796960_S05E12_74904_0.npy
2233,1080,1920,0,1378,1435,229,286,3249,0.002,75576,/home/amos/media/tv/homeland/Homeland.S05.1080p.BluRay.x265-RARBG/Homeland.S05E12.1080p.BluRay.x265-RARBG.mp4,5,12,1796960,data/encodings/1796960/1796960_S05E12_75576_0.npy
2234,1080,1920,0,888,1092,223,427,41616,0.02,76488,/home/amos/media/tv/homeland/Homeland.S05.1080p.BluRay.x265-RARBG/Homeland.S05E12.1080p.BluRay.x265-RARBG.mp4,5,12,1796960,data/encodings/1796960/1796960_S05E12_76488_0.npy
2235,1080,1920,0,856,1100,181,426,59780,0.029,76512,/home/amos/media/tv/homeland/Homeland.S05.1080p.BluRay.x265-RARBG/Homeland.S05E12.1080p.BluRay.x265-RARBG.mp4,5,12,1796960,data/encodings/1796960/1796960_S05E12_76512_0.npy
2236,1080,1920,0,806,1051,181,426,60025,0.029,76536,/home/amos/media/tv/homeland/Homeland.S05.1080p.BluRay.x265-RARBG/Homeland.S05E12.1080p.BluRay.x265-RARBG.mp4,5,12,1796960,data/encodings/1796960/1796960_S05E12_76536_0.npy
2237,1080,1920,0,831,1075,156,401,59780,0.029,76560,/home/amos/media/tv/homeland/Homeland.S05.1080p.BluRay.x265-RARBG/Homeland.S05E12.1080p.BluRay.x265-RARBG.mp4,5,12,1796960,data/encodings/1796960/1796960_S05E12_76560_0.npy
2238,1080,1920,0,856,1100,206,450,59536,0.029,76584,/home/amos/media/tv/homeland/Homeland.S05.1080p.BluRay.x265-RARBG/Homeland.S05E12.1080p.BluRay.x265-RARBG.mp4,5,12,1796960,data/encodings/1796960/1796960_S05E12_76584_0.npy
2239,1080,1920,0,905,1150,231,475,59780,0.029,76608,/home/amos/media/tv/homeland/Homeland.S05.1080p.BluRay.x265-RARBG/Homeland.S05E12.1080p.BluRay.x265-RARBG.mp4,5,12,1796960,data/encodings/1796960/1796960_S05E12_76608_0.npy
2240,1080,1920,0,897,1404,108,615,257049,0.124,76728,/home/amos/media/tv/homeland/Homeland.S05.1080p.BluRay.x265-RARBG/Homeland.S05E12.1080p.BluRay.x265-RARBG.mp4,5,12,1796960,data/encodings/1796960/1796960_S05E12_76728_0.npy
2241,1080,1920,0,711,1063,172,525,124256,0.06,76752,/home/amos/media/tv/homeland/Homeland.S05.1080p.BluRay.x265-RARBG/Homeland.S05E12.1080p.BluRay.x265-RARBG.mp4,5,12,1796960,data/encodings/1796960/1796960_S05E12_76752_0.npy
2242,1080,1920,0,676,1028,244,596,123904,0.06,76776,/home/amos/media/tv/homeland/Homeland.S05.1080p.BluRay.x265-RARBG/Homeland.S05E12.1080p.BluRay.x265-RARBG.mp4,5,12,1796960,data/encodings/1796960/1796960_S05E12_76776_0.npy
2243,1080,1920,0,854,1206,208,560,123904,0.06,76800,/home/amos/media/tv/homeland/Homeland.S05.1080p.BluRay.x265-RARBG/Homeland.S05E12.1080p.BluRay.x265-RARBG.mp4,5,12,1796960,data/encodings/1796960/1796960_S05E12_76800_0.npy
2244,1080,1920,0,604,956,137,489,123904,0.06,76824,/home/amos/media/tv/homeland/Homeland.S05.1080p.BluRay.x265-RARBG/Homeland.S05E12.1080p.BluRay.x265-RARBG.mp4,5,12,1796960,data/encodings/1796960/1796960_S05E12_76824_0.npy
2245,1080,1920,0,711,1063,137,489,123904,0.06,76848,/home/amos/media/tv/homeland/Homeland.S05.1080p.BluRay.x265-RARBG/Homeland.S05E12.1080p.BluRay.x265-RARBG.mp4,5,12,1796960,data/encodings/1796960/1796960_S05E12_76848_0.npy
2246,1080,1920,0,818,1170,172,525,124256,0.06,76872,/home/amos/media/tv/homeland/Homeland.S05.1080p.BluRay.x265-RARBG/Homeland.S05E12.1080p.BluRay.x265-RARBG.mp4,5,12,1796960,data/encodings/1796960/1796960_S05E12_76872_0.npy
2247,1080,1920,0,711,1063,244,596,123904,0.06,76896,/home/amos/media/tv/homeland/Homeland.S05.1080p.BluRay.x265-RARBG/Homeland.S05E12.1080p.BluRay.x265-RARBG.mp4,5,12,1796960,data/encodings/1796960/1796960_S05E12_76896_0.npy
2248,1080,1920,0,897,1319,175,598,178506,0.086,76920,/home/amos/media/tv/homeland/Homeland.S05.1080p.BluRay.x265-RARBG/Homeland.S05E12.1080p.BluRay.x265-RARBG.mp4,5,12,1796960,data/encodings/1796960/1796960_S05E12_76920_0.npy
2249,1080,1920,0,1025,1448,175,598,178929,0.086,77040,/home/amos/media/tv/homeland/Homeland.S05.1080p.BluRay.x265-RARBG/Homeland.S05E12.1080p.BluRay.x265-RARBG.mp4,5,12,1796960,data/encodings/1796960/1796960_S05E12_77040_0.npy
2250,1080,1920,0,999,1507,159,666,257556,0.124,77160,/home/amos/media/tv/homeland/Homeland.S05.1080p.BluRay.x265-RARBG/Homeland.S05E12.1080p.BluRay.x265-RARBG.mp4,5,12,1796960,data/encodings/1796960/1796960_S05E12_77160_0.npy
2251,1080,1920,0,1102,1609,210,717,257049,0.124,77184,/home/amos/media/tv/homeland/Homeland.S05.1080p.BluRay.x265-RARBG/Homeland.S05E12.1080p.BluRay.x265-RARBG.mp4,5,12,1796960,data/encodings/1796960/1796960_S05E12_77184_0.npy
2252,1080,1920,0,652,720,208,276,4624,0.002,77208,/home/amos/media/tv/homeland/Homeland.S05.1080p.BluRay.x265-RARBG/Homeland.S05E12.1080p.BluRay.x265-RARBG.mp4,5,12,1796960,data/encodings/1796960/1796960_S05E12_77208_0.npy
2253,1080,1920,0,1001,1295,225,519,86436,0.042,77352,/home/amos/media/tv/homeland/Homeland.S05.1080p.BluRay.x265-RARBG/Homeland.S05E12.1080p.BluRay.x265-RARBG.mp4,5,12,1796960,data/encodings/1796960/1796960_S05E12_77352_0.npy
2254,1080,1920,0,604,672,104,172,4624,0.002,77472,/home/amos/media/tv/homeland/Homeland.S05.1080p.BluRay.x265-RARBG/Homeland.S05E12.1080p.BluRay.x265-RARBG.mp4,5,12,1796960,data/encodings/1796960/1796960_S05E12_77472_0.npy
2255,1080,1920,0,1097,1215,112,230,13924,0.007,77688,/home/amos/media/tv/homeland/Homeland.S05.1080p.BluRay.x265-RARBG/Homeland.S05E12.1080p.BluRay.x265-RARBG.mp4,5,12,1796960,data/encodings/1796960/1796960_S05E12_77688_0.npy
2256,1080,1920,0,1156,1360,0,200,40800,0.02,77712,/home/amos/media/tv/homeland/Homeland.S05.1080p.BluRay.x265-RARBG/Homeland.S05E12.1080p.BluRay.x265-RARBG.mp4,5,12,1796960,data/encodings/1796960/1796960_S05E12_77712_0.npy
2257,1080,1920,0,880,1125,156,401,60025,0.029,77880,/home/amos/media/tv/homeland/Homeland.S05.1080p.BluRay.x265-RARBG/Homeland.S05E12.1080p.BluRay.x265-RARBG.mp4,5,12,1796960,data/encodings/1796960/1796960_S05E12_77880_0.npy
2258,1080,1920,0,1054,1298,156,401,59780,0.029,77904,/home/amos/media/tv/homeland/Homeland.S05.1080p.BluRay.x265-RARBG/Homeland.S05E12.1080p.BluRay.x265-RARBG.mp4,5,12,1796960,data/encodings/1796960/1796960_S05E12_77904_0.npy
2259,1080,1920,0,982,1405,218,640,178506,0.086,78072,/home/amos/media/tv/homeland/Homeland.S05.1080p.BluRay.x265-RARBG/Homeland.S05E12.1080p.BluRay.x265-RARBG.mp4,5,12,1796960,data/encodings/1796960/1796960_S05E12_78072_0.npy
2260,1080,1920,0,948,1455,210,717,257049,0.124,78096,/home/amos/media/tv/homeland/Homeland.S05.1080p.BluRay.x265-RARBG/Homeland.S05E12.1080p.BluRay.x265-RARBG.mp4,5,12,1796960,data/encodings/1796960/1796960_S05E12_78096_0.npy
2261,1080,1920,0,940,1362,261,683,178084,0.086,78120,/home/amos/media/tv/homeland/Homeland.S05.1080p.BluRay.x265-RARBG/Homeland.S05E12.1080p.BluRay.x265-RARBG.mp4,5,12,1796960,data/encodings/1796960/1796960_S05E12_78120_0.npy
2262,1080,1920,0,940,1362,261,683,178084,0.086,78144,/home/amos/media/tv/homeland/Homeland.S05.1080p.BluRay.x265-RARBG/Homeland.S05E12.1080p.BluRay.x265-RARBG.mp4,5,12,1796960,data/encodings/1796960/1796960_S05E12_78144_0.npy
2263,1080,1920,0,940,1362,261,683,178084,0.086,78168,/home/amos/media/tv/homeland/Homeland.S05.1080p.BluRay.x265-RARBG/Homeland.S05E12.1080p.BluRay.x265-RARBG.mp4,5,12,1796960,data/encodings/1796960/1796960_S05E12_78168_0.npy
2264,1080,1920,0,897,1319,261,683,178084,0.086,78192,/home/amos/media/tv/homeland/Homeland.S05.1080p.BluRay.x265-RARBG/Homeland.S05E12.1080p.BluRay.x265-RARBG.mp4,5,12,1796960,data/encodings/1796960/1796960_S05E12_78192_0.npy
2265,1080,1920,0,897,1319,303,726,178506,0.086,78216,/home/amos/media/tv/homeland/Homeland.S05.1080p.BluRay.x265-RARBG/Homeland.S05E12.1080p.BluRay.x265-RARBG.mp4,5,12,1796960,data/encodings/1796960/1796960_S05E12_78216_0.npy
2266,1080,1920,0,981,1020,285,325,1560,0.001,78264,/home/amos/media/tv/homeland/Homeland.S05.1080p.BluRay.x265-RARBG/Homeland.S05E12.1080p.BluRay.x265-RARBG.mp4,5,12,1796960,data/encodings/1796960/1796960_S05E12_78264_0.npy
2267,1080,1920,0,1025,1448,261,683,178506,0.086,78384,/home/amos/media/tv/homeland/Homeland.S05.1080p.BluRay.x265-RARBG/Homeland.S05E12.1080p.BluRay.x265-RARBG.mp4,5,12,1796960,data/encodings/1796960/1796960_S05E12_78384_0.npy
2268,1080,1920,0,999,1507,159,666,257556,0.124,78840,/home/amos/media/tv/homeland/Homeland.S05.1080p.BluRay.x265-RARBG/Homeland.S05E12.1080p.BluRay.x265-RARBG.mp4,5,12,1796960,data/encodings/1796960/1796960_S05E12_78840_0.npy
2269,1080,1920,0,999,1507,159,666,257556,0.124,78864,/home/amos/media/tv/homeland/Homeland.S05.1080p.BluRay.x265-RARBG/Homeland.S05E12.1080p.BluRay.x265-RARBG.mp4,5,12,1796960,data/encodings/1796960/1796960_S05E12_78864_0.npy
2270,1080,1920,0,999,1507,262,769,257556,0.124,79176,/home/amos/media/tv/homeland/Homeland.S05.1080p.BluRay.x265-RARBG/Homeland.S05E12.1080p.BluRay.x265-RARBG.mp4,5,12,1796960,data/encodings/1796960/1796960_S05E12_79176_0.npy
2271,1080,1920,0,897,1319,175,598,178506,0.086,79200,/home/amos/media/tv/homeland/Homeland.S05.1080p.BluRay.x265-RARBG/Homeland.S05E12.1080p.BluRay.x265-RARBG.mp4,5,12,1796960,data/encodings/1796960/1796960_S05E12_79200_0.npy
2272,1080,1920,0,897,1319,175,598,178506,0.086,79224,/home/amos/media/tv/homeland/Homeland.S05.1080p.BluRay.x265-RARBG/Homeland.S05E12.1080p.BluRay.x265-RARBG.mp4,5,12,1796960,data/encodings/1796960/1796960_S05E12_79224_0.npy
2273,1080,1920,0,938,1546,160,769,370272,0.179,79296,/home/amos/media/tv/homeland/Homeland.S05.1080p.BluRay.x265-RARBG/Homeland.S05E12.1080p.BluRay.x265-RARBG.mp4,5,12,1796960,data/encodings/1796960/1796960_S05E12_79296_0.npy
2274,1080,1920,0,876,1485,160,769,370881,0.179,79320,/home/amos/media/tv/homeland/Homeland.S05.1080p.BluRay.x265-RARBG/Homeland.S05E12.1080p.BluRay.x265-RARBG.mp4,5,12,1796960,data/encodings/1796960/1796960_S05E12_79320_0.npy
2275,1080,1920,0,1308,1815,159,666,257049,0.124,79344,/home/amos/media/tv/homeland/Homeland.S05.1080p.BluRay.x265-RARBG/Homeland.S05E12.1080p.BluRay.x265-RARBG.mp4,5,12,1796960,data/encodings/1796960/1796960_S05E12_79344_0.npy
2276,1080,1920,0,876,1485,222,830,370272,0.179,79368,/home/amos/media/tv/homeland/Homeland.S05.1080p.BluRay.x265-RARBG/Homeland.S05E12.1080p.BluRay.x265-RARBG.mp4,5,12,1796960,data/encodings/1796960/1796960_S05E12_79368_0.npy
2277,1080,1920,0,999,1507,159,666,257556,0.124,79416,/home/amos/media/tv/homeland/Homeland.S05.1080p.BluRay.x265-RARBG/Homeland.S05E12.1080p.BluRay.x265-RARBG.mp4,5,12,1796960,data/encodings/1796960/1796960_S05E12_79416_0.npy
2278,1080,1920,0,999,1507,159,666,257556,0.124,79440,/home/amos/media/tv/homeland/Homeland.S05.1080p.BluRay.x265-RARBG/Homeland.S05E12.1080p.BluRay.x265-RARBG.mp4,5,12,1796960,data/encodings/1796960/1796960_S05E12_79440_0.npy
2279,1080,1920,0,999,1507,159,666,257556,0.124,79464,/home/amos/media/tv/homeland/Homeland.S05.1080p.BluRay.x265-RARBG/Homeland.S05E12.1080p.BluRay.x265-RARBG.mp4,5,12,1796960,data/encodings/1796960/1796960_S05E12_79464_0.npy
2280,1080,1920,0,999,1507,159,666,257556,0.124,79488,/home/amos/media/tv/homeland/Homeland.S05.1080p.BluRay.x265-RARBG/Homeland.S05E12.1080p.BluRay.x265-RARBG.mp4,5,12,1796960,data/encodings/1796960/1796960_S05E12_79488_0.npy
2281,1080,1920,0,999,1507,159,666,257556,0.124,79512,/home/amos/media/tv/homeland/Homeland.S05.1080p.BluRay.x265-RARBG/Homeland.S05E12.1080p.BluRay.x265-RARBG.mp4,5,12,1796960,data/encodings/1796960/1796960_S05E12_79512_0.npy
2282,1080,1920,0,1051,1558,210,717,257049,0.124,79536,/home/amos/media/tv/homeland/Homeland.S05.1080p.BluRay.x265-RARBG/Homeland.S05E12.1080p.BluRay.x265-RARBG.mp4,5,12,1796960,data/encodings/1796960/1796960_S05E12_79536_0.npy
2283,1080,1920,0,1051,1558,210,717,257049,0.124,79560,/home/amos/media/tv/homeland/Homeland.S05.1080p.BluRay.x265-RARBG/Homeland.S05E12.1080p.BluRay.x265-RARBG.mp4,5,12,1796960,data/encodings/1796960/1796960_S05E12_79560_0.npy
2284,1080,1920,0,999,1608,160,769,370881,0.179,79608,/home/amos/media/tv/homeland/Homeland.S05.1080p.BluRay.x265-RARBG/Homeland.S05E12.1080p.BluRay.x265-RARBG.mp4,5,12,1796960,data/encodings/1796960/1796960_S05E12_79608_0.npy
2285,1080,1920,0,999,1608,160,769,370881,0.179,79656,/home/amos/media/tv/homeland/Homeland.S05.1080p.BluRay.x265-RARBG/Homeland.S05E12.1080p.BluRay.x265-RARBG.mp4,5,12,1796960,data/encodings/1796960/1796960_S05E12_79656_0.npy
2286,1080,1920,0,999,1608,160,769,370881,0.179,79680,/home/amos/media/tv/homeland/Homeland.S05.1080p.BluRay.x265-RARBG/Homeland.S05E12.1080p.BluRay.x265-RARBG.mp4,5,12,1796960,data/encodings/1796960/1796960_S05E12_79680_0.npy
2287,1080,1920,0,999,1608,160,769,370881,0.179,79728,/home/amos/media/tv/homeland/Homeland.S05.1080p.BluRay.x265-RARBG/Homeland.S05E12.1080p.BluRay.x265-RARBG.mp4,5,12,1796960,data/encodings/1796960/1796960_S05E12_79728_0.npy
